lat,lon,time,spatial_ref,precipitation
32.55,-124.35,2021-11-01 00:00:00,0,0.0
32.55,-124.25,2021-11-01 00:00:00,0,0.0
32.55,-124.149994,2021-11-01 00:00:00,0,0.0
32.55,-124.049995,2021-11-01 00:00:00,0,0.0
32.55,-123.95,2021-11-01 00:00:00,0,0.0
32.55,-123.85,2021-11-01 00:00:00,0,0.0
32.55,-123.75,2021-11-01 00:00:00,0,0.0
32.55,-123.649994,2021-11-01 00:00:00,0,0.0
32.55,-123.549995,2021-11-01 00:00:00,0,0.0
32.55,-123.45,2021-11-01 00:00:00,0,0.0
32.55,-123.35,2021-11-01 00:00:00,0,0.0
32.55,-123.25,2021-11-01 00:00:00,0,0.0
32.55,-123.149994,2021-11-01 00:00:00,0,0.0
32.55,-123.049995,2021-11-01 00:00:00,0,0.0
32.55,-122.95,2021-11-01 00:00:00,0,0.0
32.55,-122.85,2021-11-01 00:00:00,0,0.0
32.55,-122.75,2021-11-01 00:00:00,0,0.0
32.55,-122.649994,2021-11-01 00:00:00,0,0.0
32.55,-122.549995,2021-11-01 00:00:00,0,0.0
32.55,-122.45,2021-11-01 00:00:00,0,0.0
32.55,-122.35,2021-11-01 00:00:00,0,0.0
32.55,-122.25,2021-11-01 00:00:00,0,0.0
32.55,-122.149994,2021-11-01 00:00:00,0,0.0
32.55,-122.049995,2021-11-01 00:00:00,0,0.0
32.55,-121.95,2021-11-01 00:00:00,0,0.0
32.55,-121.85,2021-11-01 00:00:00,0,0.0
32.55,-121.75,2021-11-01 00:00:00,0,0.0
32.55,-121.649994,2021-11-01 00:00:00,0,0.0
32.55,-121.549995,2021-11-01 00:00:00,0,0.0
32.55,-121.45,2021-11-01 00:00:00,0,0.0
32.55,-121.35,2021-11-01 00:00:00,0,0.0
32.55,-121.25,2021-11-01 00:00:00,0,0.0
32.55,-121.149994,2021-11-01 00:00:00,0,0.0
32.55,-121.049995,2021-11-01 00:00:00,0,0.0
32.55,-120.95,2021-11-01 00:00:00,0,0.0
32.55,-120.85,2021-11-01 00:00:00,0,0.0
32.55,-120.75,2021-11-01 00:00:00,0,0.0
32.55,-120.649994,2021-11-01 00:00:00,0,0.0
32.55,-120.549995,2021-11-01 00:00:00,0,0.0
32.55,-120.45,2021-11-01 00:00:00,0,0.0
32.55,-120.35,2021-11-01 00:00:00,0,0.0
32.55,-120.25,2021-11-01 00:00:00,0,0.0
32.55,-120.149994,2021-11-01 00:00:00,0,0.0
32.55,-120.049995,2021-11-01 00:00:00,0,0.0
32.55,-119.95,2021-11-01 00:00:00,0,0.0
32.55,-119.85,2021-11-01 00:00:00,0,0.0
32.55,-119.75,2021-11-01 00:00:00,0,0.0
32.55,-119.649994,2021-11-01 00:00:00,0,0.0
32.55,-119.549995,2021-11-01 00:00:00,0,0.0
32.55,-119.45,2021-11-01 00:00:00,0,0.0
32.55,-119.35,2021-11-01 00:00:00,0,0.0
32.55,-119.25,2021-11-01 00:00:00,0,0.0
32.55,-119.149994,2021-11-01 00:00:00,0,0.0
32.55,-119.049995,2021-11-01 00:00:00,0,0.0
32.55,-118.95,2021-11-01 00:00:00,0,0.0
32.55,-118.85,2021-11-01 00:00:00,0,0.0
32.55,-118.75,2021-11-01 00:00:00,0,0.0
32.55,-118.649994,2021-11-01 00:00:00,0,0.0
32.55,-118.549995,2021-11-01 00:00:00,0,0.0
32.55,-118.45,2021-11-01 00:00:00,0,0.0
32.55,-118.35,2021-11-01 00:00:00,0,0.0
32.55,-118.25,2021-11-01 00:00:00,0,0.0
32.55,-118.149994,2021-11-01 00:00:00,0,0.0
32.55,-118.049995,2021-11-01 00:00:00,0,0.0
32.55,-117.95,2021-11-01 00:00:00,0,0.0
32.55,-117.85,2021-11-01 00:00:00,0,0.0
32.55,-117.75,2021-11-01 00:00:00,0,0.0
32.55,-117.649994,2021-11-01 00:00:00,0,0.0
32.55,-117.549995,2021-11-01 00:00:00,0,0.0
32.55,-117.45,2021-11-01 00:00:00,0,0.0
32.55,-117.35,2021-11-01 00:00:00,0,0.0
32.55,-117.25,2021-11-01 00:00:00,0,0.0
32.55,-117.149994,2021-11-01 00:00:00,0,0.0
32.55,-117.049995,2021-11-01 00:00:00,0,0.012
32.55,-116.95,2021-11-01 00:00:00,0,0.013
32.55,-116.85,2021-11-01 00:00:00,0,0.0
32.55,-116.75,2021-11-01 00:00:00,0,0.0
32.55,-116.649994,2021-11-01 00:00:00,0,0.0
32.55,-116.549995,2021-11-01 00:00:00,0,0.0
32.55,-116.45,2021-11-01 00:00:00,0,0.0
32.55,-116.35,2021-11-01 00:00:00,0,0.0
32.55,-116.25,2021-11-01 00:00:00,0,0.0
32.55,-116.149994,2021-11-01 00:00:00,0,0.0
32.55,-116.049995,2021-11-01 00:00:00,0,0.0
32.55,-115.95,2021-11-01 00:00:00,0,0.0
32.55,-115.85,2021-11-01 00:00:00,0,0.0
32.55,-115.75,2021-11-01 00:00:00,0,0.0
32.55,-115.649994,2021-11-01 00:00:00,0,0.0
32.55,-115.549995,2021-11-01 00:00:00,0,0.0
32.55,-115.45,2021-11-01 00:00:00,0,0.0
32.55,-115.35,2021-11-01 00:00:00,0,0.0
32.55,-115.25,2021-11-01 00:00:00,0,0.0
32.55,-115.149994,2021-11-01 00:00:00,0,0.0
32.55,-115.049995,2021-11-01 00:00:00,0,0.0
32.55,-114.95,2021-11-01 00:00:00,0,0.0
32.55,-114.85,2021-11-01 00:00:00,0,0.0
32.55,-114.75,2021-11-01 00:00:00,0,0.0
32.55,-114.649994,2021-11-01 00:00:00,0,0.0
32.55,-114.549995,2021-11-01 00:00:00,0,0.0
32.55,-114.45,2021-11-01 00:00:00,0,0.0
32.55,-114.35,2021-11-01 00:00:00,0,0.0
32.55,-114.25,2021-11-01 00:00:00,0,0.0
32.649998,-124.35,2021-11-01 00:00:00,0,0.0
32.649998,-124.25,2021-11-01 00:00:00,0,0.0
32.649998,-124.149994,2021-11-01 00:00:00,0,0.0
32.649998,-124.049995,2021-11-01 00:00:00,0,0.0
32.649998,-123.95,2021-11-01 00:00:00,0,0.0
32.649998,-123.85,2021-11-01 00:00:00,0,0.0
32.649998,-123.75,2021-11-01 00:00:00,0,0.0
32.649998,-123.649994,2021-11-01 00:00:00,0,0.0
32.649998,-123.549995,2021-11-01 00:00:00,0,0.0
32.649998,-123.45,2021-11-01 00:00:00,0,0.0
32.649998,-123.35,2021-11-01 00:00:00,0,0.0
32.649998,-123.25,2021-11-01 00:00:00,0,0.0
32.649998,-123.149994,2021-11-01 00:00:00,0,0.0
32.649998,-123.049995,2021-11-01 00:00:00,0,0.0
32.649998,-122.95,2021-11-01 00:00:00,0,0.0
32.649998,-122.85,2021-11-01 00:00:00,0,0.0
32.649998,-122.75,2021-11-01 00:00:00,0,0.0
32.649998,-122.649994,2021-11-01 00:00:00,0,0.0
32.649998,-122.549995,2021-11-01 00:00:00,0,0.0
32.649998,-122.45,2021-11-01 00:00:00,0,0.0
32.649998,-122.35,2021-11-01 00:00:00,0,0.0
32.649998,-122.25,2021-11-01 00:00:00,0,0.0
32.649998,-122.149994,2021-11-01 00:00:00,0,0.0
32.649998,-122.049995,2021-11-01 00:00:00,0,0.0
32.649998,-121.95,2021-11-01 00:00:00,0,0.0
32.649998,-121.85,2021-11-01 00:00:00,0,0.0
32.649998,-121.75,2021-11-01 00:00:00,0,0.0
32.649998,-121.649994,2021-11-01 00:00:00,0,0.0
32.649998,-121.549995,2021-11-01 00:00:00,0,0.0
32.649998,-121.45,2021-11-01 00:00:00,0,0.0
32.649998,-121.35,2021-11-01 00:00:00,0,0.0
32.649998,-121.25,2021-11-01 00:00:00,0,0.0
32.649998,-121.149994,2021-11-01 00:00:00,0,0.0
32.649998,-121.049995,2021-11-01 00:00:00,0,0.0
32.649998,-120.95,2021-11-01 00:00:00,0,0.0
32.649998,-120.85,2021-11-01 00:00:00,0,0.0
32.649998,-120.75,2021-11-01 00:00:00,0,0.0
32.649998,-120.649994,2021-11-01 00:00:00,0,0.0
32.649998,-120.549995,2021-11-01 00:00:00,0,0.0
32.649998,-120.45,2021-11-01 00:00:00,0,0.0
32.649998,-120.35,2021-11-01 00:00:00,0,0.0
32.649998,-120.25,2021-11-01 00:00:00,0,0.0
32.649998,-120.149994,2021-11-01 00:00:00,0,0.0
32.649998,-120.049995,2021-11-01 00:00:00,0,0.0
32.649998,-119.95,2021-11-01 00:00:00,0,0.0
32.649998,-119.85,2021-11-01 00:00:00,0,0.0
32.649998,-119.75,2021-11-01 00:00:00,0,0.0
32.649998,-119.649994,2021-11-01 00:00:00,0,0.0
32.649998,-119.549995,2021-11-01 00:00:00,0,0.0
32.649998,-119.45,2021-11-01 00:00:00,0,0.0
32.649998,-119.35,2021-11-01 00:00:00,0,0.0
32.649998,-119.25,2021-11-01 00:00:00,0,0.0
32.649998,-119.149994,2021-11-01 00:00:00,0,0.0
32.649998,-119.049995,2021-11-01 00:00:00,0,0.0
32.649998,-118.95,2021-11-01 00:00:00,0,0.0
32.649998,-118.85,2021-11-01 00:00:00,0,0.0
32.649998,-118.75,2021-11-01 00:00:00,0,0.0
32.649998,-118.649994,2021-11-01 00:00:00,0,0.0
32.649998,-118.549995,2021-11-01 00:00:00,0,0.0
32.649998,-118.45,2021-11-01 00:00:00,0,0.0
32.649998,-118.35,2021-11-01 00:00:00,0,0.0
32.649998,-118.25,2021-11-01 00:00:00,0,0.0
32.649998,-118.149994,2021-11-01 00:00:00,0,0.0
32.649998,-118.049995,2021-11-01 00:00:00,0,0.0
32.649998,-117.95,2021-11-01 00:00:00,0,0.0
32.649998,-117.85,2021-11-01 00:00:00,0,0.0
32.649998,-117.75,2021-11-01 00:00:00,0,0.0
32.649998,-117.649994,2021-11-01 00:00:00,0,0.0
32.649998,-117.549995,2021-11-01 00:00:00,0,0.0
32.649998,-117.45,2021-11-01 00:00:00,0,0.0
32.649998,-117.35,2021-11-01 00:00:00,0,0.0
32.649998,-117.25,2021-11-01 00:00:00,0,0.0
32.649998,-117.149994,2021-11-01 00:00:00,0,0.011000001
32.649998,-117.049995,2021-11-01 00:00:00,0,0.011000001
32.649998,-116.95,2021-11-01 00:00:00,0,0.012
32.649998,-116.85,2021-11-01 00:00:00,0,0.013
32.649998,-116.75,2021-11-01 00:00:00,0,0.014
32.649998,-116.649994,2021-11-01 00:00:00,0,0.015000001
32.649998,-116.549995,2021-11-01 00:00:00,0,0.015000001
32.649998,-116.45,2021-11-01 00:00:00,0,0.016
32.649998,-116.35,2021-11-01 00:00:00,0,0.016
32.649998,-116.25,2021-11-01 00:00:00,0,0.016
32.649998,-116.149994,2021-11-01 00:00:00,0,0.016
32.649998,-116.049995,2021-11-01 00:00:00,0,0.016
32.649998,-115.95,2021-11-01 00:00:00,0,0.018000001
32.649998,-115.85,2021-11-01 00:00:00,0,0.017
32.649998,-115.75,2021-11-01 00:00:00,0,0.012
32.649998,-115.649994,2021-11-01 00:00:00,0,0.0
32.649998,-115.549995,2021-11-01 00:00:00,0,0.0
32.649998,-115.45,2021-11-01 00:00:00,0,0.0
32.649998,-115.35,2021-11-01 00:00:00,0,0.0
32.649998,-115.25,2021-11-01 00:00:00,0,0.0
32.649998,-115.149994,2021-11-01 00:00:00,0,0.0
32.649998,-115.049995,2021-11-01 00:00:00,0,0.0
32.649998,-114.95,2021-11-01 00:00:00,0,0.0
32.649998,-114.85,2021-11-01 00:00:00,0,0.0
32.649998,-114.75,2021-11-01 00:00:00,0,0.0
32.649998,-114.649994,2021-11-01 00:00:00,0,0.0
32.649998,-114.549995,2021-11-01 00:00:00,0,0.0
32.649998,-114.45,2021-11-01 00:00:00,0,0.0
32.649998,-114.35,2021-11-01 00:00:00,0,0.0
32.649998,-114.25,2021-11-01 00:00:00,0,0.0
32.75,-124.35,2021-11-01 00:00:00,0,0.0
32.75,-124.25,2021-11-01 00:00:00,0,0.0
32.75,-124.149994,2021-11-01 00:00:00,0,0.0
32.75,-124.049995,2021-11-01 00:00:00,0,0.0
32.75,-123.95,2021-11-01 00:00:00,0,0.0
32.75,-123.85,2021-11-01 00:00:00,0,0.0
32.75,-123.75,2021-11-01 00:00:00,0,0.0
32.75,-123.649994,2021-11-01 00:00:00,0,0.0
32.75,-123.549995,2021-11-01 00:00:00,0,0.0
32.75,-123.45,2021-11-01 00:00:00,0,0.0
32.75,-123.35,2021-11-01 00:00:00,0,0.0
32.75,-123.25,2021-11-01 00:00:00,0,0.0
32.75,-123.149994,2021-11-01 00:00:00,0,0.0
32.75,-123.049995,2021-11-01 00:00:00,0,0.0
32.75,-122.95,2021-11-01 00:00:00,0,0.0
32.75,-122.85,2021-11-01 00:00:00,0,0.0
32.75,-122.75,2021-11-01 00:00:00,0,0.0
32.75,-122.649994,2021-11-01 00:00:00,0,0.0
32.75,-122.549995,2021-11-01 00:00:00,0,0.0
32.75,-122.45,2021-11-01 00:00:00,0,0.0
32.75,-122.35,2021-11-01 00:00:00,0,0.0
32.75,-122.25,2021-11-01 00:00:00,0,0.0
32.75,-122.149994,2021-11-01 00:00:00,0,0.0
32.75,-122.049995,2021-11-01 00:00:00,0,0.0
32.75,-121.95,2021-11-01 00:00:00,0,0.0
32.75,-121.85,2021-11-01 00:00:00,0,0.0
32.75,-121.75,2021-11-01 00:00:00,0,0.0
32.75,-121.649994,2021-11-01 00:00:00,0,0.0
32.75,-121.549995,2021-11-01 00:00:00,0,0.0
32.75,-121.45,2021-11-01 00:00:00,0,0.0
32.75,-121.35,2021-11-01 00:00:00,0,0.0
32.75,-121.25,2021-11-01 00:00:00,0,0.0
32.75,-121.149994,2021-11-01 00:00:00,0,0.0
32.75,-121.049995,2021-11-01 00:00:00,0,0.0
32.75,-120.95,2021-11-01 00:00:00,0,0.0
32.75,-120.85,2021-11-01 00:00:00,0,0.0
32.75,-120.75,2021-11-01 00:00:00,0,0.0
32.75,-120.649994,2021-11-01 00:00:00,0,0.0
32.75,-120.549995,2021-11-01 00:00:00,0,0.0
32.75,-120.45,2021-11-01 00:00:00,0,0.0
32.75,-120.35,2021-11-01 00:00:00,0,0.0
32.75,-120.25,2021-11-01 00:00:00,0,0.0
32.75,-120.149994,2021-11-01 00:00:00,0,0.0
32.75,-120.049995,2021-11-01 00:00:00,0,0.0
32.75,-119.95,2021-11-01 00:00:00,0,0.0
32.75,-119.85,2021-11-01 00:00:00,0,0.0
32.75,-119.75,2021-11-01 00:00:00,0,0.0
32.75,-119.649994,2021-11-01 00:00:00,0,0.0
32.75,-119.549995,2021-11-01 00:00:00,0,0.0
32.75,-119.45,2021-11-01 00:00:00,0,0.0
32.75,-119.35,2021-11-01 00:00:00,0,0.0
32.75,-119.25,2021-11-01 00:00:00,0,0.0
32.75,-119.149994,2021-11-01 00:00:00,0,0.0
32.75,-119.049995,2021-11-01 00:00:00,0,0.0
32.75,-118.95,2021-11-01 00:00:00,0,0.0
32.75,-118.85,2021-11-01 00:00:00,0,0.0
32.75,-118.75,2021-11-01 00:00:00,0,0.0
32.75,-118.649994,2021-11-01 00:00:00,0,0.0
32.75,-118.549995,2021-11-01 00:00:00,0,0.0
32.75,-118.45,2021-11-01 00:00:00,0,0.0
32.75,-118.35,2021-11-01 00:00:00,0,0.0
32.75,-118.25,2021-11-01 00:00:00,0,0.0
32.75,-118.149994,2021-11-01 00:00:00,0,0.0
32.75,-118.049995,2021-11-01 00:00:00,0,0.0
32.75,-117.95,2021-11-01 00:00:00,0,0.0
32.75,-117.85,2021-11-01 00:00:00,0,0.0
32.75,-117.75,2021-11-01 00:00:00,0,0.0
32.75,-117.649994,2021-11-01 00:00:00,0,0.0
32.75,-117.549995,2021-11-01 00:00:00,0,0.0
32.75,-117.45,2021-11-01 00:00:00,0,0.0
32.75,-117.35,2021-11-01 00:00:00,0,0.0
32.75,-117.25,2021-11-01 00:00:00,0,0.010000001
32.75,-117.149994,2021-11-01 00:00:00,0,0.010000001
32.75,-117.049995,2021-11-01 00:00:00,0,0.011000001
32.75,-116.95,2021-11-01 00:00:00,0,0.011000001
32.75,-116.85,2021-11-01 00:00:00,0,0.012
32.75,-116.75,2021-11-01 00:00:00,0,0.013
32.75,-116.649994,2021-11-01 00:00:00,0,0.014
32.75,-116.549995,2021-11-01 00:00:00,0,0.015000001
32.75,-116.45,2021-11-01 00:00:00,0,0.015000001
32.75,-116.35,2021-11-01 00:00:00,0,0.014
32.75,-116.25,2021-11-01 00:00:00,0,0.015000001
32.75,-116.149994,2021-11-01 00:00:00,0,0.014
32.75,-116.049995,2021-11-01 00:00:00,0,0.012
32.75,-115.95,2021-11-01 00:00:00,0,0.014
32.75,-115.85,2021-11-01 00:00:00,0,0.012
32.75,-115.75,2021-11-01 00:00:00,0,0.010000001
32.75,-115.649994,2021-11-01 00:00:00,0,0.009000001
32.75,-115.549995,2021-11-01 00:00:00,0,0.007
32.75,-115.45,2021-11-01 00:00:00,0,0.009000001
32.75,-115.35,2021-11-01 00:00:00,0,0.007
32.75,-115.25,2021-11-01 00:00:00,0,0.007
32.75,-115.149994,2021-11-01 00:00:00,0,0.007
32.75,-115.049995,2021-11-01 00:00:00,0,0.007
32.75,-114.95,2021-11-01 00:00:00,0,0.0050000004
32.75,-114.85,2021-11-01 00:00:00,0,0.0050000004
32.75,-114.75,2021-11-01 00:00:00,0,0.003
32.75,-114.649994,2021-11-01 00:00:00,0,0.003
32.75,-114.549995,2021-11-01 00:00:00,0,0.003
32.75,-114.45,2021-11-01 00:00:00,0,0.0
32.75,-114.35,2021-11-01 00:00:00,0,0.0
32.75,-114.25,2021-11-01 00:00:00,0,0.0
32.85,-124.35,2021-11-01 00:00:00,0,0.0
32.85,-124.25,2021-11-01 00:00:00,0,0.0
32.85,-124.149994,2021-11-01 00:00:00,0,0.0
32.85,-124.049995,2021-11-01 00:00:00,0,0.0
32.85,-123.95,2021-11-01 00:00:00,0,0.0
32.85,-123.85,2021-11-01 00:00:00,0,0.0
32.85,-123.75,2021-11-01 00:00:00,0,0.0
32.85,-123.649994,2021-11-01 00:00:00,0,0.0
32.85,-123.549995,2021-11-01 00:00:00,0,0.0
32.85,-123.45,2021-11-01 00:00:00,0,0.0
32.85,-123.35,2021-11-01 00:00:00,0,0.0
32.85,-123.25,2021-11-01 00:00:00,0,0.0
32.85,-123.149994,2021-11-01 00:00:00,0,0.0
32.85,-123.049995,2021-11-01 00:00:00,0,0.0
32.85,-122.95,2021-11-01 00:00:00,0,0.0
32.85,-122.85,2021-11-01 00:00:00,0,0.0
32.85,-122.75,2021-11-01 00:00:00,0,0.0
32.85,-122.649994,2021-11-01 00:00:00,0,0.0
32.85,-122.549995,2021-11-01 00:00:00,0,0.0
32.85,-122.45,2021-11-01 00:00:00,0,0.0
32.85,-122.35,2021-11-01 00:00:00,0,0.0
32.85,-122.25,2021-11-01 00:00:00,0,0.0
32.85,-122.149994,2021-11-01 00:00:00,0,0.0
32.85,-122.049995,2021-11-01 00:00:00,0,0.0
32.85,-121.95,2021-11-01 00:00:00,0,0.0
32.85,-121.85,2021-11-01 00:00:00,0,0.0
32.85,-121.75,2021-11-01 00:00:00,0,0.0
32.85,-121.649994,2021-11-01 00:00:00,0,0.0
32.85,-121.549995,2021-11-01 00:00:00,0,0.0
32.85,-121.45,2021-11-01 00:00:00,0,0.0
32.85,-121.35,2021-11-01 00:00:00,0,0.0
32.85,-121.25,2021-11-01 00:00:00,0,0.0
32.85,-121.149994,2021-11-01 00:00:00,0,0.0
32.85,-121.049995,2021-11-01 00:00:00,0,0.0
32.85,-120.95,2021-11-01 00:00:00,0,0.0
32.85,-120.85,2021-11-01 00:00:00,0,0.0
32.85,-120.75,2021-11-01 00:00:00,0,0.0
32.85,-120.649994,2021-11-01 00:00:00,0,0.0
32.85,-120.549995,2021-11-01 00:00:00,0,0.0
32.85,-120.45,2021-11-01 00:00:00,0,0.0
32.85,-120.35,2021-11-01 00:00:00,0,0.0
32.85,-120.25,2021-11-01 00:00:00,0,0.0
32.85,-120.149994,2021-11-01 00:00:00,0,0.0
32.85,-120.049995,2021-11-01 00:00:00,0,0.0
32.85,-119.95,2021-11-01 00:00:00,0,0.0
32.85,-119.85,2021-11-01 00:00:00,0,0.0
32.85,-119.75,2021-11-01 00:00:00,0,0.0
32.85,-119.649994,2021-11-01 00:00:00,0,0.0
32.85,-119.549995,2021-11-01 00:00:00,0,0.0
32.85,-119.45,2021-11-01 00:00:00,0,0.0
32.85,-119.35,2021-11-01 00:00:00,0,0.0
32.85,-119.25,2021-11-01 00:00:00,0,0.0
32.85,-119.149994,2021-11-01 00:00:00,0,0.0
32.85,-119.049995,2021-11-01 00:00:00,0,0.0
32.85,-118.95,2021-11-01 00:00:00,0,0.0
32.85,-118.85,2021-11-01 00:00:00,0,0.0
32.85,-118.75,2021-11-01 00:00:00,0,0.0
32.85,-118.649994,2021-11-01 00:00:00,0,0.0
32.85,-118.549995,2021-11-01 00:00:00,0,0.0
32.85,-118.45,2021-11-01 00:00:00,0,0.0050000004
32.85,-118.35,2021-11-01 00:00:00,0,0.0
32.85,-118.25,2021-11-01 00:00:00,0,0.0
32.85,-118.149994,2021-11-01 00:00:00,0,0.0
32.85,-118.049995,2021-11-01 00:00:00,0,0.0
32.85,-117.95,2021-11-01 00:00:00,0,0.0
32.85,-117.85,2021-11-01 00:00:00,0,0.0
32.85,-117.75,2021-11-01 00:00:00,0,0.0
32.85,-117.649994,2021-11-01 00:00:00,0,0.0
32.85,-117.549995,2021-11-01 00:00:00,0,0.0
32.85,-117.45,2021-11-01 00:00:00,0,0.0
32.85,-117.35,2021-11-01 00:00:00,0,0.0
32.85,-117.25,2021-11-01 00:00:00,0,0.009000001
32.85,-117.149994,2021-11-01 00:00:00,0,0.010000001
32.85,-117.049995,2021-11-01 00:00:00,0,0.011000001
32.85,-116.95,2021-11-01 00:00:00,0,0.011000001
32.85,-116.85,2021-11-01 00:00:00,0,0.012
32.85,-116.75,2021-11-01 00:00:00,0,0.012
32.85,-116.649994,2021-11-01 00:00:00,0,0.013
32.85,-116.549995,2021-11-01 00:00:00,0,0.014
32.85,-116.45,2021-11-01 00:00:00,0,0.014
32.85,-116.35,2021-11-01 00:00:00,0,0.013
32.85,-116.25,2021-11-01 00:00:00,0,0.012
32.85,-116.149994,2021-11-01 00:00:00,0,0.012
32.85,-116.049995,2021-11-01 00:00:00,0,0.012
32.85,-115.95,2021-11-01 00:00:00,0,0.010000001
32.85,-115.85,2021-11-01 00:00:00,0,0.010000001
32.85,-115.75,2021-11-01 00:00:00,0,0.010000001
32.85,-115.649994,2021-11-01 00:00:00,0,0.008
32.85,-115.549995,2021-11-01 00:00:00,0,0.007
32.85,-115.45,2021-11-01 00:00:00,0,0.007
32.85,-115.35,2021-11-01 00:00:00,0,0.007
32.85,-115.25,2021-11-01 00:00:00,0,0.006
32.85,-115.149994,2021-11-01 00:00:00,0,0.006
32.85,-115.049995,2021-11-01 00:00:00,0,0.007
32.85,-114.95,2021-11-01 00:00:00,0,0.006
32.85,-114.85,2021-11-01 00:00:00,0,0.007
32.85,-114.75,2021-11-01 00:00:00,0,0.0050000004
32.85,-114.649994,2021-11-01 00:00:00,0,0.003
32.85,-114.549995,2021-11-01 00:00:00,0,0.004
32.85,-114.45,2021-11-01 00:00:00,0,0.0
32.85,-114.35,2021-11-01 00:00:00,0,0.0
32.85,-114.25,2021-11-01 00:00:00,0,0.0
32.95,-124.35,2021-11-01 00:00:00,0,0.0
32.95,-124.25,2021-11-01 00:00:00,0,0.0
32.95,-124.149994,2021-11-01 00:00:00,0,0.0
32.95,-124.049995,2021-11-01 00:00:00,0,0.0
32.95,-123.95,2021-11-01 00:00:00,0,0.0
32.95,-123.85,2021-11-01 00:00:00,0,0.0
32.95,-123.75,2021-11-01 00:00:00,0,0.0
32.95,-123.649994,2021-11-01 00:00:00,0,0.0
32.95,-123.549995,2021-11-01 00:00:00,0,0.0
32.95,-123.45,2021-11-01 00:00:00,0,0.0
32.95,-123.35,2021-11-01 00:00:00,0,0.0
32.95,-123.25,2021-11-01 00:00:00,0,0.0
32.95,-123.149994,2021-11-01 00:00:00,0,0.0
32.95,-123.049995,2021-11-01 00:00:00,0,0.0
32.95,-122.95,2021-11-01 00:00:00,0,0.0
32.95,-122.85,2021-11-01 00:00:00,0,0.0
32.95,-122.75,2021-11-01 00:00:00,0,0.0
32.95,-122.649994,2021-11-01 00:00:00,0,0.0
32.95,-122.549995,2021-11-01 00:00:00,0,0.0
32.95,-122.45,2021-11-01 00:00:00,0,0.0
32.95,-122.35,2021-11-01 00:00:00,0,0.0
32.95,-122.25,2021-11-01 00:00:00,0,0.0
32.95,-122.149994,2021-11-01 00:00:00,0,0.0
32.95,-122.049995,2021-11-01 00:00:00,0,0.0
32.95,-121.95,2021-11-01 00:00:00,0,0.0
32.95,-121.85,2021-11-01 00:00:00,0,0.0
32.95,-121.75,2021-11-01 00:00:00,0,0.0
32.95,-121.649994,2021-11-01 00:00:00,0,0.0
32.95,-121.549995,2021-11-01 00:00:00,0,0.0
32.95,-121.45,2021-11-01 00:00:00,0,0.0
32.95,-121.35,2021-11-01 00:00:00,0,0.0
32.95,-121.25,2021-11-01 00:00:00,0,0.0
32.95,-121.149994,2021-11-01 00:00:00,0,0.0
32.95,-121.049995,2021-11-01 00:00:00,0,0.0
32.95,-120.95,2021-11-01 00:00:00,0,0.0
32.95,-120.85,2021-11-01 00:00:00,0,0.0
32.95,-120.75,2021-11-01 00:00:00,0,0.0
32.95,-120.649994,2021-11-01 00:00:00,0,0.0
32.95,-120.549995,2021-11-01 00:00:00,0,0.0
32.95,-120.45,2021-11-01 00:00:00,0,0.0
32.95,-120.35,2021-11-01 00:00:00,0,0.0
32.95,-120.25,2021-11-01 00:00:00,0,0.0
32.95,-120.149994,2021-11-01 00:00:00,0,0.0
32.95,-120.049995,2021-11-01 00:00:00,0,0.0
32.95,-119.95,2021-11-01 00:00:00,0,0.0
32.95,-119.85,2021-11-01 00:00:00,0,0.0
32.95,-119.75,2021-11-01 00:00:00,0,0.0
32.95,-119.649994,2021-11-01 00:00:00,0,0.0
32.95,-119.549995,2021-11-01 00:00:00,0,0.0
32.95,-119.45,2021-11-01 00:00:00,0,0.0
32.95,-119.35,2021-11-01 00:00:00,0,0.0
32.95,-119.25,2021-11-01 00:00:00,0,0.0
32.95,-119.149994,2021-11-01 00:00:00,0,0.0
32.95,-119.049995,2021-11-01 00:00:00,0,0.0
32.95,-118.95,2021-11-01 00:00:00,0,0.0
32.95,-118.85,2021-11-01 00:00:00,0,0.0
32.95,-118.75,2021-11-01 00:00:00,0,0.0
32.95,-118.649994,2021-11-01 00:00:00,0,0.0
32.95,-118.549995,2021-11-01 00:00:00,0,0.002
32.95,-118.45,2021-11-01 00:00:00,0,0.0
32.95,-118.35,2021-11-01 00:00:00,0,0.0
32.95,-118.25,2021-11-01 00:00:00,0,0.0
32.95,-118.149994,2021-11-01 00:00:00,0,0.0
32.95,-118.049995,2021-11-01 00:00:00,0,0.0
32.95,-117.95,2021-11-01 00:00:00,0,0.0
32.95,-117.85,2021-11-01 00:00:00,0,0.0
32.95,-117.75,2021-11-01 00:00:00,0,0.0
32.95,-117.649994,2021-11-01 00:00:00,0,0.0
32.95,-117.549995,2021-11-01 00:00:00,0,0.0
32.95,-117.45,2021-11-01 00:00:00,0,0.0
32.95,-117.35,2021-11-01 00:00:00,0,0.0
32.95,-117.25,2021-11-01 00:00:00,0,0.009000001
32.95,-117.149994,2021-11-01 00:00:00,0,0.010000001
32.95,-117.049995,2021-11-01 00:00:00,0,0.011000001
32.95,-116.95,2021-11-01 00:00:00,0,0.011000001
32.95,-116.85,2021-11-01 00:00:00,0,0.011000001
32.95,-116.75,2021-11-01 00:00:00,0,0.012
32.95,-116.649994,2021-11-01 00:00:00,0,0.012
32.95,-116.549995,2021-11-01 00:00:00,0,0.013
32.95,-116.45,2021-11-01 00:00:00,0,0.013
32.95,-116.35,2021-11-01 00:00:00,0,0.012
32.95,-116.25,2021-11-01 00:00:00,0,0.011000001
32.95,-116.149994,2021-11-01 00:00:00,0,0.013
32.95,-116.049995,2021-11-01 00:00:00,0,0.013
32.95,-115.95,2021-11-01 00:00:00,0,0.011000001
32.95,-115.85,2021-11-01 00:00:00,0,0.009000001
32.95,-115.75,2021-11-01 00:00:00,0,0.008
32.95,-115.649994,2021-11-01 00:00:00,0,0.007
32.95,-115.549995,2021-11-01 00:00:00,0,0.007
32.95,-115.45,2021-11-01 00:00:00,0,0.006
32.95,-115.35,2021-11-01 00:00:00,0,0.0050000004
32.95,-115.25,2021-11-01 00:00:00,0,0.0050000004
32.95,-115.149994,2021-11-01 00:00:00,0,0.0050000004
32.95,-115.049995,2021-11-01 00:00:00,0,0.0050000004
32.95,-114.95,2021-11-01 00:00:00,0,0.006
32.95,-114.85,2021-11-01 00:00:00,0,0.006
32.95,-114.75,2021-11-01 00:00:00,0,0.007
32.95,-114.649994,2021-11-01 00:00:00,0,0.004
32.95,-114.549995,2021-11-01 00:00:00,0,0.003
32.95,-114.45,2021-11-01 00:00:00,0,0.0
32.95,-114.35,2021-11-01 00:00:00,0,0.0
32.95,-114.25,2021-11-01 00:00:00,0,0.0
33.05,-124.35,2021-11-01 00:00:00,0,0.0
33.05,-124.25,2021-11-01 00:00:00,0,0.0
33.05,-124.149994,2021-11-01 00:00:00,0,0.0
33.05,-124.049995,2021-11-01 00:00:00,0,0.0
33.05,-123.95,2021-11-01 00:00:00,0,0.0
33.05,-123.85,2021-11-01 00:00:00,0,0.0
33.05,-123.75,2021-11-01 00:00:00,0,0.0
33.05,-123.649994,2021-11-01 00:00:00,0,0.0
33.05,-123.549995,2021-11-01 00:00:00,0,0.0
33.05,-123.45,2021-11-01 00:00:00,0,0.0
33.05,-123.35,2021-11-01 00:00:00,0,0.0
33.05,-123.25,2021-11-01 00:00:00,0,0.0
33.05,-123.149994,2021-11-01 00:00:00,0,0.0
33.05,-123.049995,2021-11-01 00:00:00,0,0.0
33.05,-122.95,2021-11-01 00:00:00,0,0.0
33.05,-122.85,2021-11-01 00:00:00,0,0.0
33.05,-122.75,2021-11-01 00:00:00,0,0.0
33.05,-122.649994,2021-11-01 00:00:00,0,0.0
33.05,-122.549995,2021-11-01 00:00:00,0,0.0
33.05,-122.45,2021-11-01 00:00:00,0,0.0
33.05,-122.35,2021-11-01 00:00:00,0,0.0
33.05,-122.25,2021-11-01 00:00:00,0,0.0
33.05,-122.149994,2021-11-01 00:00:00,0,0.0
33.05,-122.049995,2021-11-01 00:00:00,0,0.0
33.05,-121.95,2021-11-01 00:00:00,0,0.0
33.05,-121.85,2021-11-01 00:00:00,0,0.0
33.05,-121.75,2021-11-01 00:00:00,0,0.0
33.05,-121.649994,2021-11-01 00:00:00,0,0.0
33.05,-121.549995,2021-11-01 00:00:00,0,0.0
33.05,-121.45,2021-11-01 00:00:00,0,0.0
33.05,-121.35,2021-11-01 00:00:00,0,0.0
33.05,-121.25,2021-11-01 00:00:00,0,0.0
33.05,-121.149994,2021-11-01 00:00:00,0,0.0
33.05,-121.049995,2021-11-01 00:00:00,0,0.0
33.05,-120.95,2021-11-01 00:00:00,0,0.0
33.05,-120.85,2021-11-01 00:00:00,0,0.0
33.05,-120.75,2021-11-01 00:00:00,0,0.0
33.05,-120.649994,2021-11-01 00:00:00,0,0.0
33.05,-120.549995,2021-11-01 00:00:00,0,0.0
33.05,-120.45,2021-11-01 00:00:00,0,0.0
33.05,-120.35,2021-11-01 00:00:00,0,0.0
33.05,-120.25,2021-11-01 00:00:00,0,0.0
33.05,-120.149994,2021-11-01 00:00:00,0,0.0
33.05,-120.049995,2021-11-01 00:00:00,0,0.0
33.05,-119.95,2021-11-01 00:00:00,0,0.0
33.05,-119.85,2021-11-01 00:00:00,0,0.0
33.05,-119.75,2021-11-01 00:00:00,0,0.0
33.05,-119.649994,2021-11-01 00:00:00,0,0.0
33.05,-119.549995,2021-11-01 00:00:00,0,0.0
33.05,-119.45,2021-11-01 00:00:00,0,0.0
33.05,-119.35,2021-11-01 00:00:00,0,0.0
33.05,-119.25,2021-11-01 00:00:00,0,0.0
33.05,-119.149994,2021-11-01 00:00:00,0,0.0
33.05,-119.049995,2021-11-01 00:00:00,0,0.0
33.05,-118.95,2021-11-01 00:00:00,0,0.0
33.05,-118.85,2021-11-01 00:00:00,0,0.0
33.05,-118.75,2021-11-01 00:00:00,0,0.0
33.05,-118.649994,2021-11-01 00:00:00,0,0.0
33.05,-118.549995,2021-11-01 00:00:00,0,0.0
33.05,-118.45,2021-11-01 00:00:00,0,0.0
33.05,-118.35,2021-11-01 00:00:00,0,0.0
33.05,-118.25,2021-11-01 00:00:00,0,0.0
33.05,-118.149994,2021-11-01 00:00:00,0,0.0
33.05,-118.049995,2021-11-01 00:00:00,0,0.0
33.05,-117.95,2021-11-01 00:00:00,0,0.0
33.05,-117.85,2021-11-01 00:00:00,0,0.0
33.05,-117.75,2021-11-01 00:00:00,0,0.0
33.05,-117.649994,2021-11-01 00:00:00,0,0.0
33.05,-117.549995,2021-11-01 00:00:00,0,0.0
33.05,-117.45,2021-11-01 00:00:00,0,0.0
33.05,-117.35,2021-11-01 00:00:00,0,0.0
33.05,-117.25,2021-11-01 00:00:00,0,0.009000001
33.05,-117.149994,2021-11-01 00:00:00,0,0.010000001
33.05,-117.049995,2021-11-01 00:00:00,0,0.011000001
33.05,-116.95,2021-11-01 00:00:00,0,0.010000001
33.05,-116.85,2021-11-01 00:00:00,0,0.011000001
33.05,-116.75,2021-11-01 00:00:00,0,0.011000001
33.05,-116.649994,2021-11-01 00:00:00,0,0.012
33.05,-116.549995,2021-11-01 00:00:00,0,0.013
33.05,-116.45,2021-11-01 00:00:00,0,0.012
33.05,-116.35,2021-11-01 00:00:00,0,0.012
33.05,-116.25,2021-11-01 00:00:00,0,0.011000001
33.05,-116.149994,2021-11-01 00:00:00,0,0.010000001
33.05,-116.049995,2021-11-01 00:00:00,0,0.011000001
33.05,-115.95,2021-11-01 00:00:00,0,0.011000001
33.05,-115.85,2021-11-01 00:00:00,0,0.009000001
33.05,-115.75,2021-11-01 00:00:00,0,0.008
33.05,-115.649994,2021-11-01 00:00:00,0,0.007
33.05,-115.549995,2021-11-01 00:00:00,0,0.006
33.05,-115.45,2021-11-01 00:00:00,0,0.006
33.05,-115.35,2021-11-01 00:00:00,0,0.007
33.05,-115.25,2021-11-01 00:00:00,0,0.0050000004
33.05,-115.149994,2021-11-01 00:00:00,0,0.0050000004
33.05,-115.049995,2021-11-01 00:00:00,0,0.006
33.05,-114.95,2021-11-01 00:00:00,0,0.0050000004
33.05,-114.85,2021-11-01 00:00:00,0,0.009000001
33.05,-114.75,2021-11-01 00:00:00,0,0.009000001
33.05,-114.649994,2021-11-01 00:00:00,0,0.0
33.05,-114.549995,2021-11-01 00:00:00,0,0.0
33.05,-114.45,2021-11-01 00:00:00,0,0.0
33.05,-114.35,2021-11-01 00:00:00,0,0.0
33.05,-114.25,2021-11-01 00:00:00,0,0.0
33.149998,-124.35,2021-11-01 00:00:00,0,0.0
33.149998,-124.25,2021-11-01 00:00:00,0,0.0
33.149998,-124.149994,2021-11-01 00:00:00,0,0.0
33.149998,-124.049995,2021-11-01 00:00:00,0,0.0
33.149998,-123.95,2021-11-01 00:00:00,0,0.0
33.149998,-123.85,2021-11-01 00:00:00,0,0.0
33.149998,-123.75,2021-11-01 00:00:00,0,0.0
33.149998,-123.649994,2021-11-01 00:00:00,0,0.0
33.149998,-123.549995,2021-11-01 00:00:00,0,0.0
33.149998,-123.45,2021-11-01 00:00:00,0,0.0
33.149998,-123.35,2021-11-01 00:00:00,0,0.0
33.149998,-123.25,2021-11-01 00:00:00,0,0.0
33.149998,-123.149994,2021-11-01 00:00:00,0,0.0
33.149998,-123.049995,2021-11-01 00:00:00,0,0.0
33.149998,-122.95,2021-11-01 00:00:00,0,0.0
33.149998,-122.85,2021-11-01 00:00:00,0,0.0
33.149998,-122.75,2021-11-01 00:00:00,0,0.0
33.149998,-122.649994,2021-11-01 00:00:00,0,0.0
33.149998,-122.549995,2021-11-01 00:00:00,0,0.0
33.149998,-122.45,2021-11-01 00:00:00,0,0.0
33.149998,-122.35,2021-11-01 00:00:00,0,0.0
33.149998,-122.25,2021-11-01 00:00:00,0,0.0
33.149998,-122.149994,2021-11-01 00:00:00,0,0.0
33.149998,-122.049995,2021-11-01 00:00:00,0,0.0
33.149998,-121.95,2021-11-01 00:00:00,0,0.0
33.149998,-121.85,2021-11-01 00:00:00,0,0.0
33.149998,-121.75,2021-11-01 00:00:00,0,0.0
33.149998,-121.649994,2021-11-01 00:00:00,0,0.0
33.149998,-121.549995,2021-11-01 00:00:00,0,0.0
33.149998,-121.45,2021-11-01 00:00:00,0,0.0
33.149998,-121.35,2021-11-01 00:00:00,0,0.0
33.149998,-121.25,2021-11-01 00:00:00,0,0.0
33.149998,-121.149994,2021-11-01 00:00:00,0,0.0
33.149998,-121.049995,2021-11-01 00:00:00,0,0.0
33.149998,-120.95,2021-11-01 00:00:00,0,0.0
33.149998,-120.85,2021-11-01 00:00:00,0,0.0
33.149998,-120.75,2021-11-01 00:00:00,0,0.0
33.149998,-120.649994,2021-11-01 00:00:00,0,0.0
33.149998,-120.549995,2021-11-01 00:00:00,0,0.0
33.149998,-120.45,2021-11-01 00:00:00,0,0.0
33.149998,-120.35,2021-11-01 00:00:00,0,0.0
33.149998,-120.25,2021-11-01 00:00:00,0,0.0
33.149998,-120.149994,2021-11-01 00:00:00,0,0.0
33.149998,-120.049995,2021-11-01 00:00:00,0,0.0
33.149998,-119.95,2021-11-01 00:00:00,0,0.0
33.149998,-119.85,2021-11-01 00:00:00,0,0.0
33.149998,-119.75,2021-11-01 00:00:00,0,0.0
33.149998,-119.649994,2021-11-01 00:00:00,0,0.0
33.149998,-119.549995,2021-11-01 00:00:00,0,0.0
33.149998,-119.45,2021-11-01 00:00:00,0,0.0
33.149998,-119.35,2021-11-01 00:00:00,0,0.0
33.149998,-119.25,2021-11-01 00:00:00,0,0.0
33.149998,-119.149994,2021-11-01 00:00:00,0,0.0
33.149998,-119.049995,2021-11-01 00:00:00,0,0.0
33.149998,-118.95,2021-11-01 00:00:00,0,0.0
33.149998,-118.85,2021-11-01 00:00:00,0,0.0
33.149998,-118.75,2021-11-01 00:00:00,0,0.0
33.149998,-118.649994,2021-11-01 00:00:00,0,0.0
33.149998,-118.549995,2021-11-01 00:00:00,0,0.0
33.149998,-118.45,2021-11-01 00:00:00,0,0.0
33.149998,-118.35,2021-11-01 00:00:00,0,0.0
33.149998,-118.25,2021-11-01 00:00:00,0,0.0
33.149998,-118.149994,2021-11-01 00:00:00,0,0.0
33.149998,-118.049995,2021-11-01 00:00:00,0,0.0
33.149998,-117.95,2021-11-01 00:00:00,0,0.0
33.149998,-117.85,2021-11-01 00:00:00,0,0.0
33.149998,-117.75,2021-11-01 00:00:00,0,0.0
33.149998,-117.649994,2021-11-01 00:00:00,0,0.0
33.149998,-117.549995,2021-11-01 00:00:00,0,0.0
33.149998,-117.45,2021-11-01 00:00:00,0,0.0
33.149998,-117.35,2021-11-01 00:00:00,0,0.0
33.149998,-117.25,2021-11-01 00:00:00,0,0.009000001
33.149998,-117.149994,2021-11-01 00:00:00,0,0.010000001
33.149998,-117.049995,2021-11-01 00:00:00,0,0.010000001
33.149998,-116.95,2021-11-01 00:00:00,0,0.010000001
33.149998,-116.85,2021-11-01 00:00:00,0,0.010000001
33.149998,-116.75,2021-11-01 00:00:00,0,0.011000001
33.149998,-116.649994,2021-11-01 00:00:00,0,0.011000001
33.149998,-116.549995,2021-11-01 00:00:00,0,0.012
33.149998,-116.45,2021-11-01 00:00:00,0,0.011000001
33.149998,-116.35,2021-11-01 00:00:00,0,0.011000001
33.149998,-116.25,2021-11-01 00:00:00,0,0.010000001
33.149998,-116.149994,2021-11-01 00:00:00,0,0.009000001
33.149998,-116.049995,2021-11-01 00:00:00,0,0.010000001
33.149998,-115.95,2021-11-01 00:00:00,0,0.011000001
33.149998,-115.85,2021-11-01 00:00:00,0,0.008
33.149998,-115.75,2021-11-01 00:00:00,0,0.006
33.149998,-115.649994,2021-11-01 00:00:00,0,0.0050000004
33.149998,-115.549995,2021-11-01 00:00:00,0,0.0050000004
33.149998,-115.45,2021-11-01 00:00:00,0,0.0050000004
33.149998,-115.35,2021-11-01 00:00:00,0,0.007
33.149998,-115.25,2021-11-01 00:00:00,0,0.0050000004
33.149998,-115.149994,2021-11-01 00:00:00,0,0.0050000004
33.149998,-115.049995,2021-11-01 00:00:00,0,0.006
33.149998,-114.95,2021-11-01 00:00:00,0,0.0050000004
33.149998,-114.85,2021-11-01 00:00:00,0,0.004
33.149998,-114.75,2021-11-01 00:00:00,0,0.007
33.149998,-114.649994,2021-11-01 00:00:00,0,0.0
33.149998,-114.549995,2021-11-01 00:00:00,0,0.0
33.149998,-114.45,2021-11-01 00:00:00,0,0.0
33.149998,-114.35,2021-11-01 00:00:00,0,0.0
33.149998,-114.25,2021-11-01 00:00:00,0,0.0
33.25,-124.35,2021-11-01 00:00:00,0,0.0
33.25,-124.25,2021-11-01 00:00:00,0,0.0
33.25,-124.149994,2021-11-01 00:00:00,0,0.0
33.25,-124.049995,2021-11-01 00:00:00,0,0.0
33.25,-123.95,2021-11-01 00:00:00,0,0.0
33.25,-123.85,2021-11-01 00:00:00,0,0.0
33.25,-123.75,2021-11-01 00:00:00,0,0.0
33.25,-123.649994,2021-11-01 00:00:00,0,0.0
33.25,-123.549995,2021-11-01 00:00:00,0,0.0
33.25,-123.45,2021-11-01 00:00:00,0,0.0
33.25,-123.35,2021-11-01 00:00:00,0,0.0
33.25,-123.25,2021-11-01 00:00:00,0,0.0
33.25,-123.149994,2021-11-01 00:00:00,0,0.0
33.25,-123.049995,2021-11-01 00:00:00,0,0.0
33.25,-122.95,2021-11-01 00:00:00,0,0.0
33.25,-122.85,2021-11-01 00:00:00,0,0.0
33.25,-122.75,2021-11-01 00:00:00,0,0.0
33.25,-122.649994,2021-11-01 00:00:00,0,0.0
33.25,-122.549995,2021-11-01 00:00:00,0,0.0
33.25,-122.45,2021-11-01 00:00:00,0,0.0
33.25,-122.35,2021-11-01 00:00:00,0,0.0
33.25,-122.25,2021-11-01 00:00:00,0,0.0
33.25,-122.149994,2021-11-01 00:00:00,0,0.0
33.25,-122.049995,2021-11-01 00:00:00,0,0.0
33.25,-121.95,2021-11-01 00:00:00,0,0.0
33.25,-121.85,2021-11-01 00:00:00,0,0.0
33.25,-121.75,2021-11-01 00:00:00,0,0.0
33.25,-121.649994,2021-11-01 00:00:00,0,0.0
33.25,-121.549995,2021-11-01 00:00:00,0,0.0
33.25,-121.45,2021-11-01 00:00:00,0,0.0
33.25,-121.35,2021-11-01 00:00:00,0,0.0
33.25,-121.25,2021-11-01 00:00:00,0,0.0
33.25,-121.149994,2021-11-01 00:00:00,0,0.0
33.25,-121.049995,2021-11-01 00:00:00,0,0.0
33.25,-120.95,2021-11-01 00:00:00,0,0.0
33.25,-120.85,2021-11-01 00:00:00,0,0.0
33.25,-120.75,2021-11-01 00:00:00,0,0.0
33.25,-120.649994,2021-11-01 00:00:00,0,0.0
33.25,-120.549995,2021-11-01 00:00:00,0,0.0
33.25,-120.45,2021-11-01 00:00:00,0,0.0
33.25,-120.35,2021-11-01 00:00:00,0,0.0
33.25,-120.25,2021-11-01 00:00:00,0,0.0
33.25,-120.149994,2021-11-01 00:00:00,0,0.0
33.25,-120.049995,2021-11-01 00:00:00,0,0.0
33.25,-119.95,2021-11-01 00:00:00,0,0.0
33.25,-119.85,2021-11-01 00:00:00,0,0.0
33.25,-119.75,2021-11-01 00:00:00,0,0.0
33.25,-119.649994,2021-11-01 00:00:00,0,0.0
33.25,-119.549995,2021-11-01 00:00:00,0,0.014
33.25,-119.45,2021-11-01 00:00:00,0,0.0
33.25,-119.35,2021-11-01 00:00:00,0,0.0
33.25,-119.25,2021-11-01 00:00:00,0,0.0
33.25,-119.149994,2021-11-01 00:00:00,0,0.0
33.25,-119.049995,2021-11-01 00:00:00,0,0.0
33.25,-118.95,2021-11-01 00:00:00,0,0.0
33.25,-118.85,2021-11-01 00:00:00,0,0.0
33.25,-118.75,2021-11-01 00:00:00,0,0.0
33.25,-118.649994,2021-11-01 00:00:00,0,0.0
33.25,-118.549995,2021-11-01 00:00:00,0,0.0
33.25,-118.45,2021-11-01 00:00:00,0,0.0
33.25,-118.35,2021-11-01 00:00:00,0,0.0
33.25,-118.25,2021-11-01 00:00:00,0,0.0
33.25,-118.149994,2021-11-01 00:00:00,0,0.0
33.25,-118.049995,2021-11-01 00:00:00,0,0.0
33.25,-117.95,2021-11-01 00:00:00,0,0.0
33.25,-117.85,2021-11-01 00:00:00,0,0.0
33.25,-117.75,2021-11-01 00:00:00,0,0.0
33.25,-117.649994,2021-11-01 00:00:00,0,0.0
33.25,-117.549995,2021-11-01 00:00:00,0,0.0
33.25,-117.45,2021-11-01 00:00:00,0,0.0
33.25,-117.35,2021-11-01 00:00:00,0,0.009000001
33.25,-117.25,2021-11-01 00:00:00,0,0.009000001
33.25,-117.149994,2021-11-01 00:00:00,0,0.010000001
33.25,-117.049995,2021-11-01 00:00:00,0,0.010000001
33.25,-116.95,2021-11-01 00:00:00,0,0.009000001
33.25,-116.85,2021-11-01 00:00:00,0,0.010000001
33.25,-116.75,2021-11-01 00:00:00,0,0.013
33.25,-116.649994,2021-11-01 00:00:00,0,0.011000001
33.25,-116.549995,2021-11-01 00:00:00,0,0.011000001
33.25,-116.45,2021-11-01 00:00:00,0,0.010000001
33.25,-116.35,2021-11-01 00:00:00,0,0.010000001
33.25,-116.25,2021-11-01 00:00:00,0,0.009000001
33.25,-116.149994,2021-11-01 00:00:00,0,0.008
33.25,-116.049995,2021-11-01 00:00:00,0,0.008
33.25,-115.95,2021-11-01 00:00:00,0,0.009000001
33.25,-115.85,2021-11-01 00:00:00,0,0.008
33.25,-115.75,2021-11-01 00:00:00,0,0.0050000004
33.25,-115.649994,2021-11-01 00:00:00,0,0.0050000004
33.25,-115.549995,2021-11-01 00:00:00,0,0.004
33.25,-115.45,2021-11-01 00:00:00,0,0.004
33.25,-115.35,2021-11-01 00:00:00,0,0.0050000004
33.25,-115.25,2021-11-01 00:00:00,0,0.004
33.25,-115.149994,2021-11-01 00:00:00,0,0.006
33.25,-115.049995,2021-11-01 00:00:00,0,0.004
33.25,-114.95,2021-11-01 00:00:00,0,0.0050000004
33.25,-114.85,2021-11-01 00:00:00,0,0.0050000004
33.25,-114.75,2021-11-01 00:00:00,0,0.0050000004
33.25,-114.649994,2021-11-01 00:00:00,0,0.0
33.25,-114.549995,2021-11-01 00:00:00,0,0.0
33.25,-114.45,2021-11-01 00:00:00,0,0.0
33.25,-114.35,2021-11-01 00:00:00,0,0.0
33.25,-114.25,2021-11-01 00:00:00,0,0.0
33.35,-124.35,2021-11-01 00:00:00,0,0.0
33.35,-124.25,2021-11-01 00:00:00,0,0.0
33.35,-124.149994,2021-11-01 00:00:00,0,0.0
33.35,-124.049995,2021-11-01 00:00:00,0,0.0
33.35,-123.95,2021-11-01 00:00:00,0,0.0
33.35,-123.85,2021-11-01 00:00:00,0,0.0
33.35,-123.75,2021-11-01 00:00:00,0,0.0
33.35,-123.649994,2021-11-01 00:00:00,0,0.0
33.35,-123.549995,2021-11-01 00:00:00,0,0.0
33.35,-123.45,2021-11-01 00:00:00,0,0.0
33.35,-123.35,2021-11-01 00:00:00,0,0.0
33.35,-123.25,2021-11-01 00:00:00,0,0.0
33.35,-123.149994,2021-11-01 00:00:00,0,0.0
33.35,-123.049995,2021-11-01 00:00:00,0,0.0
33.35,-122.95,2021-11-01 00:00:00,0,0.0
33.35,-122.85,2021-11-01 00:00:00,0,0.0
33.35,-122.75,2021-11-01 00:00:00,0,0.0
33.35,-122.649994,2021-11-01 00:00:00,0,0.0
33.35,-122.549995,2021-11-01 00:00:00,0,0.0
33.35,-122.45,2021-11-01 00:00:00,0,0.0
33.35,-122.35,2021-11-01 00:00:00,0,0.0
33.35,-122.25,2021-11-01 00:00:00,0,0.0
33.35,-122.149994,2021-11-01 00:00:00,0,0.0
33.35,-122.049995,2021-11-01 00:00:00,0,0.0
33.35,-121.95,2021-11-01 00:00:00,0,0.0
33.35,-121.85,2021-11-01 00:00:00,0,0.0
33.35,-121.75,2021-11-01 00:00:00,0,0.0
33.35,-121.649994,2021-11-01 00:00:00,0,0.0
33.35,-121.549995,2021-11-01 00:00:00,0,0.0
33.35,-121.45,2021-11-01 00:00:00,0,0.0
33.35,-121.35,2021-11-01 00:00:00,0,0.0
33.35,-121.25,2021-11-01 00:00:00,0,0.0
33.35,-121.149994,2021-11-01 00:00:00,0,0.0
33.35,-121.049995,2021-11-01 00:00:00,0,0.0
33.35,-120.95,2021-11-01 00:00:00,0,0.0
33.35,-120.85,2021-11-01 00:00:00,0,0.0
33.35,-120.75,2021-11-01 00:00:00,0,0.0
33.35,-120.649994,2021-11-01 00:00:00,0,0.0
33.35,-120.549995,2021-11-01 00:00:00,0,0.0
33.35,-120.45,2021-11-01 00:00:00,0,0.0
33.35,-120.35,2021-11-01 00:00:00,0,0.0
33.35,-120.25,2021-11-01 00:00:00,0,0.0
33.35,-120.149994,2021-11-01 00:00:00,0,0.0
33.35,-120.049995,2021-11-01 00:00:00,0,0.0
33.35,-119.95,2021-11-01 00:00:00,0,0.0
33.35,-119.85,2021-11-01 00:00:00,0,0.0
33.35,-119.75,2021-11-01 00:00:00,0,0.0
33.35,-119.649994,2021-11-01 00:00:00,0,0.0
33.35,-119.549995,2021-11-01 00:00:00,0,0.0
33.35,-119.45,2021-11-01 00:00:00,0,0.0
33.35,-119.35,2021-11-01 00:00:00,0,0.0
33.35,-119.25,2021-11-01 00:00:00,0,0.0
33.35,-119.149994,2021-11-01 00:00:00,0,0.0
33.35,-119.049995,2021-11-01 00:00:00,0,0.0
33.35,-118.95,2021-11-01 00:00:00,0,0.0
33.35,-118.85,2021-11-01 00:00:00,0,0.0
33.35,-118.75,2021-11-01 00:00:00,0,0.0
33.35,-118.649994,2021-11-01 00:00:00,0,0.0
33.35,-118.549995,2021-11-01 00:00:00,0,0.0
33.35,-118.45,2021-11-01 00:00:00,0,0.001
33.35,-118.35,2021-11-01 00:00:00,0,0.001
33.35,-118.25,2021-11-01 00:00:00,0,0.0
33.35,-118.149994,2021-11-01 00:00:00,0,0.0
33.35,-118.049995,2021-11-01 00:00:00,0,0.0
33.35,-117.95,2021-11-01 00:00:00,0,0.0
33.35,-117.85,2021-11-01 00:00:00,0,0.0
33.35,-117.75,2021-11-01 00:00:00,0,0.0
33.35,-117.649994,2021-11-01 00:00:00,0,0.0
33.35,-117.549995,2021-11-01 00:00:00,0,0.0
33.35,-117.45,2021-11-01 00:00:00,0,0.009000001
33.35,-117.35,2021-11-01 00:00:00,0,0.009000001
33.35,-117.25,2021-11-01 00:00:00,0,0.009000001
33.35,-117.149994,2021-11-01 00:00:00,0,0.009000001
33.35,-117.049995,2021-11-01 00:00:00,0,0.009000001
33.35,-116.95,2021-11-01 00:00:00,0,0.009000001
33.35,-116.85,2021-11-01 00:00:00,0,0.009000001
33.35,-116.75,2021-11-01 00:00:00,0,0.009000001
33.35,-116.649994,2021-11-01 00:00:00,0,0.010000001
33.35,-116.549995,2021-11-01 00:00:00,0,0.010000001
33.35,-116.45,2021-11-01 00:00:00,0,0.009000001
33.35,-116.35,2021-11-01 00:00:00,0,0.009000001
33.35,-116.25,2021-11-01 00:00:00,0,0.008
33.35,-116.149994,2021-11-01 00:00:00,0,0.007
33.35,-116.049995,2021-11-01 00:00:00,0,0.006
33.35,-115.95,2021-11-01 00:00:00,0,0.010000001
33.35,-115.85,2021-11-01 00:00:00,0,0.009000001
33.35,-115.75,2021-11-01 00:00:00,0,0.006
33.35,-115.649994,2021-11-01 00:00:00,0,0.004
33.35,-115.549995,2021-11-01 00:00:00,0,0.003
33.35,-115.45,2021-11-01 00:00:00,0,0.003
33.35,-115.35,2021-11-01 00:00:00,0,0.004
33.35,-115.25,2021-11-01 00:00:00,0,0.004
33.35,-115.149994,2021-11-01 00:00:00,0,0.004
33.35,-115.049995,2021-11-01 00:00:00,0,0.0050000004
33.35,-114.95,2021-11-01 00:00:00,0,0.006
33.35,-114.85,2021-11-01 00:00:00,0,0.0050000004
33.35,-114.75,2021-11-01 00:00:00,0,0.003
33.35,-114.649994,2021-11-01 00:00:00,0,0.0
33.35,-114.549995,2021-11-01 00:00:00,0,0.0
33.35,-114.45,2021-11-01 00:00:00,0,0.0
33.35,-114.35,2021-11-01 00:00:00,0,0.0
33.35,-114.25,2021-11-01 00:00:00,0,0.0
33.45,-124.35,2021-11-01 00:00:00,0,0.0
33.45,-124.25,2021-11-01 00:00:00,0,0.0
33.45,-124.149994,2021-11-01 00:00:00,0,0.0
33.45,-124.049995,2021-11-01 00:00:00,0,0.0
33.45,-123.95,2021-11-01 00:00:00,0,0.0
33.45,-123.85,2021-11-01 00:00:00,0,0.0
33.45,-123.75,2021-11-01 00:00:00,0,0.0
33.45,-123.649994,2021-11-01 00:00:00,0,0.0
33.45,-123.549995,2021-11-01 00:00:00,0,0.0
33.45,-123.45,2021-11-01 00:00:00,0,0.0
33.45,-123.35,2021-11-01 00:00:00,0,0.0
33.45,-123.25,2021-11-01 00:00:00,0,0.0
33.45,-123.149994,2021-11-01 00:00:00,0,0.0
33.45,-123.049995,2021-11-01 00:00:00,0,0.0
33.45,-122.95,2021-11-01 00:00:00,0,0.0
33.45,-122.85,2021-11-01 00:00:00,0,0.0
33.45,-122.75,2021-11-01 00:00:00,0,0.0
33.45,-122.649994,2021-11-01 00:00:00,0,0.0
33.45,-122.549995,2021-11-01 00:00:00,0,0.0
33.45,-122.45,2021-11-01 00:00:00,0,0.0
33.45,-122.35,2021-11-01 00:00:00,0,0.0
33.45,-122.25,2021-11-01 00:00:00,0,0.0
33.45,-122.149994,2021-11-01 00:00:00,0,0.0
33.45,-122.049995,2021-11-01 00:00:00,0,0.0
33.45,-121.95,2021-11-01 00:00:00,0,0.0
33.45,-121.85,2021-11-01 00:00:00,0,0.0
33.45,-121.75,2021-11-01 00:00:00,0,0.0
33.45,-121.649994,2021-11-01 00:00:00,0,0.0
33.45,-121.549995,2021-11-01 00:00:00,0,0.0
33.45,-121.45,2021-11-01 00:00:00,0,0.0
33.45,-121.35,2021-11-01 00:00:00,0,0.0
33.45,-121.25,2021-11-01 00:00:00,0,0.0
33.45,-121.149994,2021-11-01 00:00:00,0,0.0
33.45,-121.049995,2021-11-01 00:00:00,0,0.0
33.45,-120.95,2021-11-01 00:00:00,0,0.0
33.45,-120.85,2021-11-01 00:00:00,0,0.0
33.45,-120.75,2021-11-01 00:00:00,0,0.0
33.45,-120.649994,2021-11-01 00:00:00,0,0.0
33.45,-120.549995,2021-11-01 00:00:00,0,0.0
33.45,-120.45,2021-11-01 00:00:00,0,0.0
33.45,-120.35,2021-11-01 00:00:00,0,0.0
33.45,-120.25,2021-11-01 00:00:00,0,0.0
33.45,-120.149994,2021-11-01 00:00:00,0,0.0
33.45,-120.049995,2021-11-01 00:00:00,0,0.0
33.45,-119.95,2021-11-01 00:00:00,0,0.0
33.45,-119.85,2021-11-01 00:00:00,0,0.0
33.45,-119.75,2021-11-01 00:00:00,0,0.0
33.45,-119.649994,2021-11-01 00:00:00,0,0.0
33.45,-119.549995,2021-11-01 00:00:00,0,0.0
33.45,-119.45,2021-11-01 00:00:00,0,0.0
33.45,-119.35,2021-11-01 00:00:00,0,0.0
33.45,-119.25,2021-11-01 00:00:00,0,0.0
33.45,-119.149994,2021-11-01 00:00:00,0,0.0
33.45,-119.049995,2021-11-01 00:00:00,0,0.0
33.45,-118.95,2021-11-01 00:00:00,0,0.0
33.45,-118.85,2021-11-01 00:00:00,0,0.0
33.45,-118.75,2021-11-01 00:00:00,0,0.0
33.45,-118.649994,2021-11-01 00:00:00,0,0.0
33.45,-118.549995,2021-11-01 00:00:00,0,0.0
33.45,-118.45,2021-11-01 00:00:00,0,0.0
33.45,-118.35,2021-11-01 00:00:00,0,0.0
33.45,-118.25,2021-11-01 00:00:00,0,0.0
33.45,-118.149994,2021-11-01 00:00:00,0,0.0
33.45,-118.049995,2021-11-01 00:00:00,0,0.0
33.45,-117.95,2021-11-01 00:00:00,0,0.0
33.45,-117.85,2021-11-01 00:00:00,0,0.0
33.45,-117.75,2021-11-01 00:00:00,0,0.0
33.45,-117.649994,2021-11-01 00:00:00,0,0.009000001
33.45,-117.549995,2021-11-01 00:00:00,0,0.009000001
33.45,-117.45,2021-11-01 00:00:00,0,0.009000001
33.45,-117.35,2021-11-01 00:00:00,0,0.009000001
33.45,-117.25,2021-11-01 00:00:00,0,0.009000001
33.45,-117.149994,2021-11-01 00:00:00,0,0.009000001
33.45,-117.049995,2021-11-01 00:00:00,0,0.009000001
33.45,-116.95,2021-11-01 00:00:00,0,0.009000001
33.45,-116.85,2021-11-01 00:00:00,0,0.009000001
33.45,-116.75,2021-11-01 00:00:00,0,0.009000001
33.45,-116.649994,2021-11-01 00:00:00,0,0.009000001
33.45,-116.549995,2021-11-01 00:00:00,0,0.009000001
33.45,-116.45,2021-11-01 00:00:00,0,0.009000001
33.45,-116.35,2021-11-01 00:00:00,0,0.008
33.45,-116.25,2021-11-01 00:00:00,0,0.007
33.45,-116.149994,2021-11-01 00:00:00,0,0.006
33.45,-116.049995,2021-11-01 00:00:00,0,0.006
33.45,-115.95,2021-11-01 00:00:00,0,0.006
33.45,-115.85,2021-11-01 00:00:00,0,0.009000001
33.45,-115.75,2021-11-01 00:00:00,0,0.007
33.45,-115.649994,2021-11-01 00:00:00,0,0.004
33.45,-115.549995,2021-11-01 00:00:00,0,0.003
33.45,-115.45,2021-11-01 00:00:00,0,0.003
33.45,-115.35,2021-11-01 00:00:00,0,0.003
33.45,-115.25,2021-11-01 00:00:00,0,0.004
33.45,-115.149994,2021-11-01 00:00:00,0,0.004
33.45,-115.049995,2021-11-01 00:00:00,0,0.004
33.45,-114.95,2021-11-01 00:00:00,0,0.0050000004
33.45,-114.85,2021-11-01 00:00:00,0,0.003
33.45,-114.75,2021-11-01 00:00:00,0,0.003
33.45,-114.649994,2021-11-01 00:00:00,0,0.004
33.45,-114.549995,2021-11-01 00:00:00,0,0.0
33.45,-114.45,2021-11-01 00:00:00,0,0.0
33.45,-114.35,2021-11-01 00:00:00,0,0.0
33.45,-114.25,2021-11-01 00:00:00,0,0.0
33.55,-124.35,2021-11-01 00:00:00,0,0.0
33.55,-124.25,2021-11-01 00:00:00,0,0.0
33.55,-124.149994,2021-11-01 00:00:00,0,0.0
33.55,-124.049995,2021-11-01 00:00:00,0,0.0
33.55,-123.95,2021-11-01 00:00:00,0,0.0
33.55,-123.85,2021-11-01 00:00:00,0,0.0
33.55,-123.75,2021-11-01 00:00:00,0,0.0
33.55,-123.649994,2021-11-01 00:00:00,0,0.0
33.55,-123.549995,2021-11-01 00:00:00,0,0.0
33.55,-123.45,2021-11-01 00:00:00,0,0.0
33.55,-123.35,2021-11-01 00:00:00,0,0.0
33.55,-123.25,2021-11-01 00:00:00,0,0.0
33.55,-123.149994,2021-11-01 00:00:00,0,0.0
33.55,-123.049995,2021-11-01 00:00:00,0,0.0
33.55,-122.95,2021-11-01 00:00:00,0,0.0
33.55,-122.85,2021-11-01 00:00:00,0,0.0
33.55,-122.75,2021-11-01 00:00:00,0,0.0
33.55,-122.649994,2021-11-01 00:00:00,0,0.0
33.55,-122.549995,2021-11-01 00:00:00,0,0.0
33.55,-122.45,2021-11-01 00:00:00,0,0.0
33.55,-122.35,2021-11-01 00:00:00,0,0.0
33.55,-122.25,2021-11-01 00:00:00,0,0.0
33.55,-122.149994,2021-11-01 00:00:00,0,0.0
33.55,-122.049995,2021-11-01 00:00:00,0,0.0
33.55,-121.95,2021-11-01 00:00:00,0,0.0
33.55,-121.85,2021-11-01 00:00:00,0,0.0
33.55,-121.75,2021-11-01 00:00:00,0,0.0
33.55,-121.649994,2021-11-01 00:00:00,0,0.0
33.55,-121.549995,2021-11-01 00:00:00,0,0.0
33.55,-121.45,2021-11-01 00:00:00,0,0.0
33.55,-121.35,2021-11-01 00:00:00,0,0.0
33.55,-121.25,2021-11-01 00:00:00,0,0.0
33.55,-121.149994,2021-11-01 00:00:00,0,0.0
33.55,-121.049995,2021-11-01 00:00:00,0,0.0
33.55,-120.95,2021-11-01 00:00:00,0,0.0
33.55,-120.85,2021-11-01 00:00:00,0,0.0
33.55,-120.75,2021-11-01 00:00:00,0,0.0
33.55,-120.649994,2021-11-01 00:00:00,0,0.0
33.55,-120.549995,2021-11-01 00:00:00,0,0.0
33.55,-120.45,2021-11-01 00:00:00,0,0.0
33.55,-120.35,2021-11-01 00:00:00,0,0.0
33.55,-120.25,2021-11-01 00:00:00,0,0.0
33.55,-120.149994,2021-11-01 00:00:00,0,0.0
33.55,-120.049995,2021-11-01 00:00:00,0,0.0
33.55,-119.95,2021-11-01 00:00:00,0,0.0
33.55,-119.85,2021-11-01 00:00:00,0,0.0
33.55,-119.75,2021-11-01 00:00:00,0,0.0
33.55,-119.649994,2021-11-01 00:00:00,0,0.0
33.55,-119.549995,2021-11-01 00:00:00,0,0.0
33.55,-119.45,2021-11-01 00:00:00,0,0.0
33.55,-119.35,2021-11-01 00:00:00,0,0.0
33.55,-119.25,2021-11-01 00:00:00,0,0.0
33.55,-119.149994,2021-11-01 00:00:00,0,0.0
33.55,-119.049995,2021-11-01 00:00:00,0,0.0
33.55,-118.95,2021-11-01 00:00:00,0,0.0
33.55,-118.85,2021-11-01 00:00:00,0,0.0
33.55,-118.75,2021-11-01 00:00:00,0,0.0
33.55,-118.649994,2021-11-01 00:00:00,0,0.0
33.55,-118.549995,2021-11-01 00:00:00,0,0.0
33.55,-118.45,2021-11-01 00:00:00,0,0.0
33.55,-118.35,2021-11-01 00:00:00,0,0.0
33.55,-118.25,2021-11-01 00:00:00,0,0.0
33.55,-118.149994,2021-11-01 00:00:00,0,0.0
33.55,-118.049995,2021-11-01 00:00:00,0,0.0
33.55,-117.95,2021-11-01 00:00:00,0,0.0
33.55,-117.85,2021-11-01 00:00:00,0,0.0
33.55,-117.75,2021-11-01 00:00:00,0,0.009000001
33.55,-117.649994,2021-11-01 00:00:00,0,0.009000001
33.55,-117.549995,2021-11-01 00:00:00,0,0.009000001
33.55,-117.45,2021-11-01 00:00:00,0,0.009000001
33.55,-117.35,2021-11-01 00:00:00,0,0.009000001
33.55,-117.25,2021-11-01 00:00:00,0,0.009000001
33.55,-117.149994,2021-11-01 00:00:00,0,0.009000001
33.55,-117.049995,2021-11-01 00:00:00,0,0.009000001
33.55,-116.95,2021-11-01 00:00:00,0,0.008
33.55,-116.85,2021-11-01 00:00:00,0,0.008
33.55,-116.75,2021-11-01 00:00:00,0,0.008
33.55,-116.649994,2021-11-01 00:00:00,0,0.008
33.55,-116.549995,2021-11-01 00:00:00,0,0.008
33.55,-116.45,2021-11-01 00:00:00,0,0.008
33.55,-116.35,2021-11-01 00:00:00,0,0.007
33.55,-116.25,2021-11-01 00:00:00,0,0.006
33.55,-116.149994,2021-11-01 00:00:00,0,0.006
33.55,-116.049995,2021-11-01 00:00:00,0,0.0050000004
33.55,-115.95,2021-11-01 00:00:00,0,0.0050000004
33.55,-115.85,2021-11-01 00:00:00,0,0.008
33.55,-115.75,2021-11-01 00:00:00,0,0.008
33.55,-115.649994,2021-11-01 00:00:00,0,0.007
33.55,-115.549995,2021-11-01 00:00:00,0,0.004
33.55,-115.45,2021-11-01 00:00:00,0,0.002
33.55,-115.35,2021-11-01 00:00:00,0,0.003
33.55,-115.25,2021-11-01 00:00:00,0,0.003
33.55,-115.149994,2021-11-01 00:00:00,0,0.003
33.55,-115.049995,2021-11-01 00:00:00,0,0.003
33.55,-114.95,2021-11-01 00:00:00,0,0.004
33.55,-114.85,2021-11-01 00:00:00,0,0.004
33.55,-114.75,2021-11-01 00:00:00,0,0.0050000004
33.55,-114.649994,2021-11-01 00:00:00,0,0.0050000004
33.55,-114.549995,2021-11-01 00:00:00,0,0.004
33.55,-114.45,2021-11-01 00:00:00,0,0.0
33.55,-114.35,2021-11-01 00:00:00,0,0.0
33.55,-114.25,2021-11-01 00:00:00,0,0.0
33.649998,-124.35,2021-11-01 00:00:00,0,0.0
33.649998,-124.25,2021-11-01 00:00:00,0,0.0
33.649998,-124.149994,2021-11-01 00:00:00,0,0.0
33.649998,-124.049995,2021-11-01 00:00:00,0,0.0
33.649998,-123.95,2021-11-01 00:00:00,0,0.0
33.649998,-123.85,2021-11-01 00:00:00,0,0.0
33.649998,-123.75,2021-11-01 00:00:00,0,0.0
33.649998,-123.649994,2021-11-01 00:00:00,0,0.0
33.649998,-123.549995,2021-11-01 00:00:00,0,0.0
33.649998,-123.45,2021-11-01 00:00:00,0,0.0
33.649998,-123.35,2021-11-01 00:00:00,0,0.0
33.649998,-123.25,2021-11-01 00:00:00,0,0.0
33.649998,-123.149994,2021-11-01 00:00:00,0,0.0
33.649998,-123.049995,2021-11-01 00:00:00,0,0.0
33.649998,-122.95,2021-11-01 00:00:00,0,0.0
33.649998,-122.85,2021-11-01 00:00:00,0,0.0
33.649998,-122.75,2021-11-01 00:00:00,0,0.0
33.649998,-122.649994,2021-11-01 00:00:00,0,0.0
33.649998,-122.549995,2021-11-01 00:00:00,0,0.0
33.649998,-122.45,2021-11-01 00:00:00,0,0.0
33.649998,-122.35,2021-11-01 00:00:00,0,0.0
33.649998,-122.25,2021-11-01 00:00:00,0,0.0
33.649998,-122.149994,2021-11-01 00:00:00,0,0.0
33.649998,-122.049995,2021-11-01 00:00:00,0,0.0
33.649998,-121.95,2021-11-01 00:00:00,0,0.0
33.649998,-121.85,2021-11-01 00:00:00,0,0.0
33.649998,-121.75,2021-11-01 00:00:00,0,0.0
33.649998,-121.649994,2021-11-01 00:00:00,0,0.0
33.649998,-121.549995,2021-11-01 00:00:00,0,0.0
33.649998,-121.45,2021-11-01 00:00:00,0,0.0
33.649998,-121.35,2021-11-01 00:00:00,0,0.0
33.649998,-121.25,2021-11-01 00:00:00,0,0.0
33.649998,-121.149994,2021-11-01 00:00:00,0,0.0
33.649998,-121.049995,2021-11-01 00:00:00,0,0.0
33.649998,-120.95,2021-11-01 00:00:00,0,0.0
33.649998,-120.85,2021-11-01 00:00:00,0,0.0
33.649998,-120.75,2021-11-01 00:00:00,0,0.0
33.649998,-120.649994,2021-11-01 00:00:00,0,0.0
33.649998,-120.549995,2021-11-01 00:00:00,0,0.0
33.649998,-120.45,2021-11-01 00:00:00,0,0.0
33.649998,-120.35,2021-11-01 00:00:00,0,0.0
33.649998,-120.25,2021-11-01 00:00:00,0,0.0
33.649998,-120.149994,2021-11-01 00:00:00,0,0.0
33.649998,-120.049995,2021-11-01 00:00:00,0,0.0
33.649998,-119.95,2021-11-01 00:00:00,0,0.0
33.649998,-119.85,2021-11-01 00:00:00,0,0.0
33.649998,-119.75,2021-11-01 00:00:00,0,0.0
33.649998,-119.649994,2021-11-01 00:00:00,0,0.0
33.649998,-119.549995,2021-11-01 00:00:00,0,0.0
33.649998,-119.45,2021-11-01 00:00:00,0,0.0
33.649998,-119.35,2021-11-01 00:00:00,0,0.0
33.649998,-119.25,2021-11-01 00:00:00,0,0.0
33.649998,-119.149994,2021-11-01 00:00:00,0,0.0
33.649998,-119.049995,2021-11-01 00:00:00,0,0.0
33.649998,-118.95,2021-11-01 00:00:00,0,0.0
33.649998,-118.85,2021-11-01 00:00:00,0,0.0
33.649998,-118.75,2021-11-01 00:00:00,0,0.0
33.649998,-118.649994,2021-11-01 00:00:00,0,0.0
33.649998,-118.549995,2021-11-01 00:00:00,0,0.0
33.649998,-118.45,2021-11-01 00:00:00,0,0.0
33.649998,-118.35,2021-11-01 00:00:00,0,0.0
33.649998,-118.25,2021-11-01 00:00:00,0,0.0
33.649998,-118.149994,2021-11-01 00:00:00,0,0.0
33.649998,-118.049995,2021-11-01 00:00:00,0,0.0
33.649998,-117.95,2021-11-01 00:00:00,0,0.010000001
33.649998,-117.85,2021-11-01 00:00:00,0,0.010000001
33.649998,-117.75,2021-11-01 00:00:00,0,0.010000001
33.649998,-117.649994,2021-11-01 00:00:00,0,0.010000001
33.649998,-117.549995,2021-11-01 00:00:00,0,0.010000001
33.649998,-117.45,2021-11-01 00:00:00,0,0.010000001
33.649998,-117.35,2021-11-01 00:00:00,0,0.011000001
33.649998,-117.25,2021-11-01 00:00:00,0,0.009000001
33.649998,-117.149994,2021-11-01 00:00:00,0,0.009000001
33.649998,-117.049995,2021-11-01 00:00:00,0,0.010000001
33.649998,-116.95,2021-11-01 00:00:00,0,0.008
33.649998,-116.85,2021-11-01 00:00:00,0,0.008
33.649998,-116.75,2021-11-01 00:00:00,0,0.008
33.649998,-116.649994,2021-11-01 00:00:00,0,0.008
33.649998,-116.549995,2021-11-01 00:00:00,0,0.007
33.649998,-116.45,2021-11-01 00:00:00,0,0.007
33.649998,-116.35,2021-11-01 00:00:00,0,0.006
33.649998,-116.25,2021-11-01 00:00:00,0,0.006
33.649998,-116.149994,2021-11-01 00:00:00,0,0.0050000004
33.649998,-116.049995,2021-11-01 00:00:00,0,0.0050000004
33.649998,-115.95,2021-11-01 00:00:00,0,0.006
33.649998,-115.85,2021-11-01 00:00:00,0,0.006
33.649998,-115.75,2021-11-01 00:00:00,0,0.011000001
33.649998,-115.649994,2021-11-01 00:00:00,0,0.008
33.649998,-115.549995,2021-11-01 00:00:00,0,0.0050000004
33.649998,-115.45,2021-11-01 00:00:00,0,0.003
33.649998,-115.35,2021-11-01 00:00:00,0,0.002
33.649998,-115.25,2021-11-01 00:00:00,0,0.002
33.649998,-115.149994,2021-11-01 00:00:00,0,0.002
33.649998,-115.049995,2021-11-01 00:00:00,0,0.003
33.649998,-114.95,2021-11-01 00:00:00,0,0.003
33.649998,-114.85,2021-11-01 00:00:00,0,0.004
33.649998,-114.75,2021-11-01 00:00:00,0,0.012
33.649998,-114.649994,2021-11-01 00:00:00,0,0.003
33.649998,-114.549995,2021-11-01 00:00:00,0,0.003
33.649998,-114.45,2021-11-01 00:00:00,0,0.0
33.649998,-114.35,2021-11-01 00:00:00,0,0.0
33.649998,-114.25,2021-11-01 00:00:00,0,0.0
33.75,-124.35,2021-11-01 00:00:00,0,0.0
33.75,-124.25,2021-11-01 00:00:00,0,0.0
33.75,-124.149994,2021-11-01 00:00:00,0,0.0
33.75,-124.049995,2021-11-01 00:00:00,0,0.0
33.75,-123.95,2021-11-01 00:00:00,0,0.0
33.75,-123.85,2021-11-01 00:00:00,0,0.0
33.75,-123.75,2021-11-01 00:00:00,0,0.0
33.75,-123.649994,2021-11-01 00:00:00,0,0.0
33.75,-123.549995,2021-11-01 00:00:00,0,0.0
33.75,-123.45,2021-11-01 00:00:00,0,0.0
33.75,-123.35,2021-11-01 00:00:00,0,0.0
33.75,-123.25,2021-11-01 00:00:00,0,0.0
33.75,-123.149994,2021-11-01 00:00:00,0,0.0
33.75,-123.049995,2021-11-01 00:00:00,0,0.0
33.75,-122.95,2021-11-01 00:00:00,0,0.0
33.75,-122.85,2021-11-01 00:00:00,0,0.0
33.75,-122.75,2021-11-01 00:00:00,0,0.0
33.75,-122.649994,2021-11-01 00:00:00,0,0.0
33.75,-122.549995,2021-11-01 00:00:00,0,0.0
33.75,-122.45,2021-11-01 00:00:00,0,0.0
33.75,-122.35,2021-11-01 00:00:00,0,0.0
33.75,-122.25,2021-11-01 00:00:00,0,0.0
33.75,-122.149994,2021-11-01 00:00:00,0,0.0
33.75,-122.049995,2021-11-01 00:00:00,0,0.0
33.75,-121.95,2021-11-01 00:00:00,0,0.0
33.75,-121.85,2021-11-01 00:00:00,0,0.0
33.75,-121.75,2021-11-01 00:00:00,0,0.0
33.75,-121.649994,2021-11-01 00:00:00,0,0.0
33.75,-121.549995,2021-11-01 00:00:00,0,0.0
33.75,-121.45,2021-11-01 00:00:00,0,0.0
33.75,-121.35,2021-11-01 00:00:00,0,0.0
33.75,-121.25,2021-11-01 00:00:00,0,0.0
33.75,-121.149994,2021-11-01 00:00:00,0,0.0
33.75,-121.049995,2021-11-01 00:00:00,0,0.0
33.75,-120.95,2021-11-01 00:00:00,0,0.0
33.75,-120.85,2021-11-01 00:00:00,0,0.0
33.75,-120.75,2021-11-01 00:00:00,0,0.0
33.75,-120.649994,2021-11-01 00:00:00,0,0.0
33.75,-120.549995,2021-11-01 00:00:00,0,0.0
33.75,-120.45,2021-11-01 00:00:00,0,0.0
33.75,-120.35,2021-11-01 00:00:00,0,0.0
33.75,-120.25,2021-11-01 00:00:00,0,0.0
33.75,-120.149994,2021-11-01 00:00:00,0,0.0
33.75,-120.049995,2021-11-01 00:00:00,0,0.0
33.75,-119.95,2021-11-01 00:00:00,0,0.0
33.75,-119.85,2021-11-01 00:00:00,0,0.0
33.75,-119.75,2021-11-01 00:00:00,0,0.0
33.75,-119.649994,2021-11-01 00:00:00,0,0.0
33.75,-119.549995,2021-11-01 00:00:00,0,0.0
33.75,-119.45,2021-11-01 00:00:00,0,0.0
33.75,-119.35,2021-11-01 00:00:00,0,0.0
33.75,-119.25,2021-11-01 00:00:00,0,0.0
33.75,-119.149994,2021-11-01 00:00:00,0,0.0
33.75,-119.049995,2021-11-01 00:00:00,0,0.0
33.75,-118.95,2021-11-01 00:00:00,0,0.0
33.75,-118.85,2021-11-01 00:00:00,0,0.0
33.75,-118.75,2021-11-01 00:00:00,0,0.0
33.75,-118.649994,2021-11-01 00:00:00,0,0.0
33.75,-118.549995,2021-11-01 00:00:00,0,0.0
33.75,-118.45,2021-11-01 00:00:00,0,0.0
33.75,-118.35,2021-11-01 00:00:00,0,0.012
33.75,-118.25,2021-11-01 00:00:00,0,0.0
33.75,-118.149994,2021-11-01 00:00:00,0,0.0
33.75,-118.049995,2021-11-01 00:00:00,0,0.012
33.75,-117.95,2021-11-01 00:00:00,0,0.011000001
33.75,-117.85,2021-11-01 00:00:00,0,0.011000001
33.75,-117.75,2021-11-01 00:00:00,0,0.011000001
33.75,-117.649994,2021-11-01 00:00:00,0,0.011000001
33.75,-117.549995,2021-11-01 00:00:00,0,0.011000001
33.75,-117.45,2021-11-01 00:00:00,0,0.011000001
33.75,-117.35,2021-11-01 00:00:00,0,0.010000001
33.75,-117.25,2021-11-01 00:00:00,0,0.010000001
33.75,-117.149994,2021-11-01 00:00:00,0,0.010000001
33.75,-117.049995,2021-11-01 00:00:00,0,0.009000001
33.75,-116.95,2021-11-01 00:00:00,0,0.008
33.75,-116.85,2021-11-01 00:00:00,0,0.008
33.75,-116.75,2021-11-01 00:00:00,0,0.008
33.75,-116.649994,2021-11-01 00:00:00,0,0.007
33.75,-116.549995,2021-11-01 00:00:00,0,0.007
33.75,-116.45,2021-11-01 00:00:00,0,0.007
33.75,-116.35,2021-11-01 00:00:00,0,0.006
33.75,-116.25,2021-11-01 00:00:00,0,0.0050000004
33.75,-116.149994,2021-11-01 00:00:00,0,0.0050000004
33.75,-116.049995,2021-11-01 00:00:00,0,0.0050000004
33.75,-115.95,2021-11-01 00:00:00,0,0.004
33.75,-115.85,2021-11-01 00:00:00,0,0.008
33.75,-115.75,2021-11-01 00:00:00,0,0.007
33.75,-115.649994,2021-11-01 00:00:00,0,0.0050000004
33.75,-115.549995,2021-11-01 00:00:00,0,0.004
33.75,-115.45,2021-11-01 00:00:00,0,0.004
33.75,-115.35,2021-11-01 00:00:00,0,0.003
33.75,-115.25,2021-11-01 00:00:00,0,0.002
33.75,-115.149994,2021-11-01 00:00:00,0,0.003
33.75,-115.049995,2021-11-01 00:00:00,0,0.002
33.75,-114.95,2021-11-01 00:00:00,0,0.004
33.75,-114.85,2021-11-01 00:00:00,0,0.003
33.75,-114.75,2021-11-01 00:00:00,0,0.0050000004
33.75,-114.649994,2021-11-01 00:00:00,0,0.0050000004
33.75,-114.549995,2021-11-01 00:00:00,0,0.004
33.75,-114.45,2021-11-01 00:00:00,0,0.0
33.75,-114.35,2021-11-01 00:00:00,0,0.0
33.75,-114.25,2021-11-01 00:00:00,0,0.0
33.85,-124.35,2021-11-01 00:00:00,0,0.0
33.85,-124.25,2021-11-01 00:00:00,0,0.0
33.85,-124.149994,2021-11-01 00:00:00,0,0.0
33.85,-124.049995,2021-11-01 00:00:00,0,0.0
33.85,-123.95,2021-11-01 00:00:00,0,0.0
33.85,-123.85,2021-11-01 00:00:00,0,0.0
33.85,-123.75,2021-11-01 00:00:00,0,0.0
33.85,-123.649994,2021-11-01 00:00:00,0,0.0
33.85,-123.549995,2021-11-01 00:00:00,0,0.0
33.85,-123.45,2021-11-01 00:00:00,0,0.0
33.85,-123.35,2021-11-01 00:00:00,0,0.0
33.85,-123.25,2021-11-01 00:00:00,0,0.0
33.85,-123.149994,2021-11-01 00:00:00,0,0.0
33.85,-123.049995,2021-11-01 00:00:00,0,0.0
33.85,-122.95,2021-11-01 00:00:00,0,0.0
33.85,-122.85,2021-11-01 00:00:00,0,0.0
33.85,-122.75,2021-11-01 00:00:00,0,0.0
33.85,-122.649994,2021-11-01 00:00:00,0,0.0
33.85,-122.549995,2021-11-01 00:00:00,0,0.0
33.85,-122.45,2021-11-01 00:00:00,0,0.0
33.85,-122.35,2021-11-01 00:00:00,0,0.0
33.85,-122.25,2021-11-01 00:00:00,0,0.0
33.85,-122.149994,2021-11-01 00:00:00,0,0.0
33.85,-122.049995,2021-11-01 00:00:00,0,0.0
33.85,-121.95,2021-11-01 00:00:00,0,0.0
33.85,-121.85,2021-11-01 00:00:00,0,0.0
33.85,-121.75,2021-11-01 00:00:00,0,0.0
33.85,-121.649994,2021-11-01 00:00:00,0,0.0
33.85,-121.549995,2021-11-01 00:00:00,0,0.0
33.85,-121.45,2021-11-01 00:00:00,0,0.0
33.85,-121.35,2021-11-01 00:00:00,0,0.0
33.85,-121.25,2021-11-01 00:00:00,0,0.0
33.85,-121.149994,2021-11-01 00:00:00,0,0.0
33.85,-121.049995,2021-11-01 00:00:00,0,0.0
33.85,-120.95,2021-11-01 00:00:00,0,0.0
33.85,-120.85,2021-11-01 00:00:00,0,0.0
33.85,-120.75,2021-11-01 00:00:00,0,0.0
33.85,-120.649994,2021-11-01 00:00:00,0,0.0
33.85,-120.549995,2021-11-01 00:00:00,0,0.0
33.85,-120.45,2021-11-01 00:00:00,0,0.0
33.85,-120.35,2021-11-01 00:00:00,0,0.0
33.85,-120.25,2021-11-01 00:00:00,0,0.0
33.85,-120.149994,2021-11-01 00:00:00,0,0.0
33.85,-120.049995,2021-11-01 00:00:00,0,0.0
33.85,-119.95,2021-11-01 00:00:00,0,0.0
33.85,-119.85,2021-11-01 00:00:00,0,0.0
33.85,-119.75,2021-11-01 00:00:00,0,0.0
33.85,-119.649994,2021-11-01 00:00:00,0,0.0
33.85,-119.549995,2021-11-01 00:00:00,0,0.0
33.85,-119.45,2021-11-01 00:00:00,0,0.0
33.85,-119.35,2021-11-01 00:00:00,0,0.0
33.85,-119.25,2021-11-01 00:00:00,0,0.0
33.85,-119.149994,2021-11-01 00:00:00,0,0.0
33.85,-119.049995,2021-11-01 00:00:00,0,0.0
33.85,-118.95,2021-11-01 00:00:00,0,0.0
33.85,-118.85,2021-11-01 00:00:00,0,0.0
33.85,-118.75,2021-11-01 00:00:00,0,0.0
33.85,-118.649994,2021-11-01 00:00:00,0,0.0
33.85,-118.549995,2021-11-01 00:00:00,0,0.0
33.85,-118.45,2021-11-01 00:00:00,0,0.0
33.85,-118.35,2021-11-01 00:00:00,0,0.013
33.85,-118.25,2021-11-01 00:00:00,0,0.013
33.85,-118.149994,2021-11-01 00:00:00,0,0.013
33.85,-118.049995,2021-11-01 00:00:00,0,0.013
33.85,-117.95,2021-11-01 00:00:00,0,0.012
33.85,-117.85,2021-11-01 00:00:00,0,0.012
33.85,-117.75,2021-11-01 00:00:00,0,0.012
33.85,-117.649994,2021-11-01 00:00:00,0,0.012
33.85,-117.549995,2021-11-01 00:00:00,0,0.012
33.85,-117.45,2021-11-01 00:00:00,0,0.013
33.85,-117.35,2021-11-01 00:00:00,0,0.011000001
33.85,-117.25,2021-11-01 00:00:00,0,0.010000001
33.85,-117.149994,2021-11-01 00:00:00,0,0.010000001
33.85,-117.049995,2021-11-01 00:00:00,0,0.009000001
33.85,-116.95,2021-11-01 00:00:00,0,0.008
33.85,-116.85,2021-11-01 00:00:00,0,0.008
33.85,-116.75,2021-11-01 00:00:00,0,0.007
33.85,-116.649994,2021-11-01 00:00:00,0,0.007
33.85,-116.549995,2021-11-01 00:00:00,0,0.006
33.85,-116.45,2021-11-01 00:00:00,0,0.006
33.85,-116.35,2021-11-01 00:00:00,0,0.0050000004
33.85,-116.25,2021-11-01 00:00:00,0,0.0050000004
33.85,-116.149994,2021-11-01 00:00:00,0,0.010000001
33.85,-116.049995,2021-11-01 00:00:00,0,0.006
33.85,-115.95,2021-11-01 00:00:00,0,0.0050000004
33.85,-115.85,2021-11-01 00:00:00,0,0.004
33.85,-115.75,2021-11-01 00:00:00,0,0.004
33.85,-115.649994,2021-11-01 00:00:00,0,0.004
33.85,-115.549995,2021-11-01 00:00:00,0,0.003
33.85,-115.45,2021-11-01 00:00:00,0,0.003
33.85,-115.35,2021-11-01 00:00:00,0,0.004
33.85,-115.25,2021-11-01 00:00:00,0,0.003
33.85,-115.149994,2021-11-01 00:00:00,0,0.002
33.85,-115.049995,2021-11-01 00:00:00,0,0.002
33.85,-114.95,2021-11-01 00:00:00,0,0.003
33.85,-114.85,2021-11-01 00:00:00,0,0.003
33.85,-114.75,2021-11-01 00:00:00,0,0.006
33.85,-114.649994,2021-11-01 00:00:00,0,0.003
33.85,-114.549995,2021-11-01 00:00:00,0,0.0050000004
33.85,-114.45,2021-11-01 00:00:00,0,0.0
33.85,-114.35,2021-11-01 00:00:00,0,0.0
33.85,-114.25,2021-11-01 00:00:00,0,0.0
33.95,-124.35,2021-11-01 00:00:00,0,0.0
33.95,-124.25,2021-11-01 00:00:00,0,0.0
33.95,-124.149994,2021-11-01 00:00:00,0,0.0
33.95,-124.049995,2021-11-01 00:00:00,0,0.0
33.95,-123.95,2021-11-01 00:00:00,0,0.0
33.95,-123.85,2021-11-01 00:00:00,0,0.0
33.95,-123.75,2021-11-01 00:00:00,0,0.0
33.95,-123.649994,2021-11-01 00:00:00,0,0.0
33.95,-123.549995,2021-11-01 00:00:00,0,0.0
33.95,-123.45,2021-11-01 00:00:00,0,0.0
33.95,-123.35,2021-11-01 00:00:00,0,0.0
33.95,-123.25,2021-11-01 00:00:00,0,0.0
33.95,-123.149994,2021-11-01 00:00:00,0,0.0
33.95,-123.049995,2021-11-01 00:00:00,0,0.0
33.95,-122.95,2021-11-01 00:00:00,0,0.0
33.95,-122.85,2021-11-01 00:00:00,0,0.0
33.95,-122.75,2021-11-01 00:00:00,0,0.0
33.95,-122.649994,2021-11-01 00:00:00,0,0.0
33.95,-122.549995,2021-11-01 00:00:00,0,0.0
33.95,-122.45,2021-11-01 00:00:00,0,0.0
33.95,-122.35,2021-11-01 00:00:00,0,0.0
33.95,-122.25,2021-11-01 00:00:00,0,0.0
33.95,-122.149994,2021-11-01 00:00:00,0,0.0
33.95,-122.049995,2021-11-01 00:00:00,0,0.0
33.95,-121.95,2021-11-01 00:00:00,0,0.0
33.95,-121.85,2021-11-01 00:00:00,0,0.0
33.95,-121.75,2021-11-01 00:00:00,0,0.0
33.95,-121.649994,2021-11-01 00:00:00,0,0.0
33.95,-121.549995,2021-11-01 00:00:00,0,0.0
33.95,-121.45,2021-11-01 00:00:00,0,0.0
33.95,-121.35,2021-11-01 00:00:00,0,0.0
33.95,-121.25,2021-11-01 00:00:00,0,0.0
33.95,-121.149994,2021-11-01 00:00:00,0,0.0
33.95,-121.049995,2021-11-01 00:00:00,0,0.0
33.95,-120.95,2021-11-01 00:00:00,0,0.0
33.95,-120.85,2021-11-01 00:00:00,0,0.0
33.95,-120.75,2021-11-01 00:00:00,0,0.0
33.95,-120.649994,2021-11-01 00:00:00,0,0.0
33.95,-120.549995,2021-11-01 00:00:00,0,0.0
33.95,-120.45,2021-11-01 00:00:00,0,0.0
33.95,-120.35,2021-11-01 00:00:00,0,0.0
33.95,-120.25,2021-11-01 00:00:00,0,0.0
33.95,-120.149994,2021-11-01 00:00:00,0,0.003
33.95,-120.049995,2021-11-01 00:00:00,0,0.002
33.95,-119.95,2021-11-01 00:00:00,0,0.0
33.95,-119.85,2021-11-01 00:00:00,0,0.0
33.95,-119.75,2021-11-01 00:00:00,0,0.0
33.95,-119.649994,2021-11-01 00:00:00,0,0.0
33.95,-119.549995,2021-11-01 00:00:00,0,0.0
33.95,-119.45,2021-11-01 00:00:00,0,0.0
33.95,-119.35,2021-11-01 00:00:00,0,0.0
33.95,-119.25,2021-11-01 00:00:00,0,0.0
33.95,-119.149994,2021-11-01 00:00:00,0,0.0
33.95,-119.049995,2021-11-01 00:00:00,0,0.0
33.95,-118.95,2021-11-01 00:00:00,0,0.0
33.95,-118.85,2021-11-01 00:00:00,0,0.0
33.95,-118.75,2021-11-01 00:00:00,0,0.0
33.95,-118.649994,2021-11-01 00:00:00,0,0.0
33.95,-118.549995,2021-11-01 00:00:00,0,0.0
33.95,-118.45,2021-11-01 00:00:00,0,0.0
33.95,-118.35,2021-11-01 00:00:00,0,0.014
33.95,-118.25,2021-11-01 00:00:00,0,0.014
33.95,-118.149994,2021-11-01 00:00:00,0,0.014
33.95,-118.049995,2021-11-01 00:00:00,0,0.014
33.95,-117.95,2021-11-01 00:00:00,0,0.013
33.95,-117.85,2021-11-01 00:00:00,0,0.013
33.95,-117.75,2021-11-01 00:00:00,0,0.013
33.95,-117.649994,2021-11-01 00:00:00,0,0.013
33.95,-117.549995,2021-11-01 00:00:00,0,0.013
33.95,-117.45,2021-11-01 00:00:00,0,0.012
33.95,-117.35,2021-11-01 00:00:00,0,0.011000001
33.95,-117.25,2021-11-01 00:00:00,0,0.011000001
33.95,-117.149994,2021-11-01 00:00:00,0,0.010000001
33.95,-117.049995,2021-11-01 00:00:00,0,0.009000001
33.95,-116.95,2021-11-01 00:00:00,0,0.008
33.95,-116.85,2021-11-01 00:00:00,0,0.008
33.95,-116.75,2021-11-01 00:00:00,0,0.007
33.95,-116.649994,2021-11-01 00:00:00,0,0.006
33.95,-116.549995,2021-11-01 00:00:00,0,0.007
33.95,-116.45,2021-11-01 00:00:00,0,0.006
33.95,-116.35,2021-11-01 00:00:00,0,0.006
33.95,-116.25,2021-11-01 00:00:00,0,0.007
33.95,-116.149994,2021-11-01 00:00:00,0,0.009000001
33.95,-116.049995,2021-11-01 00:00:00,0,0.024
33.95,-115.95,2021-11-01 00:00:00,0,0.004
33.95,-115.85,2021-11-01 00:00:00,0,0.004
33.95,-115.75,2021-11-01 00:00:00,0,0.004
33.95,-115.649994,2021-11-01 00:00:00,0,0.003
33.95,-115.549995,2021-11-01 00:00:00,0,0.004
33.95,-115.45,2021-11-01 00:00:00,0,0.003
33.95,-115.35,2021-11-01 00:00:00,0,0.004
33.95,-115.25,2021-11-01 00:00:00,0,0.004
33.95,-115.149994,2021-11-01 00:00:00,0,0.003
33.95,-115.049995,2021-11-01 00:00:00,0,0.002
33.95,-114.95,2021-11-01 00:00:00,0,0.003
33.95,-114.85,2021-11-01 00:00:00,0,0.002
33.95,-114.75,2021-11-01 00:00:00,0,0.003
33.95,-114.649994,2021-11-01 00:00:00,0,0.003
33.95,-114.549995,2021-11-01 00:00:00,0,0.004
33.95,-114.45,2021-11-01 00:00:00,0,0.0
33.95,-114.35,2021-11-01 00:00:00,0,0.0
33.95,-114.25,2021-11-01 00:00:00,0,0.0
34.05,-124.35,2021-11-01 00:00:00,0,0.0
34.05,-124.25,2021-11-01 00:00:00,0,0.0
34.05,-124.149994,2021-11-01 00:00:00,0,0.0
34.05,-124.049995,2021-11-01 00:00:00,0,0.0
34.05,-123.95,2021-11-01 00:00:00,0,0.0
34.05,-123.85,2021-11-01 00:00:00,0,0.0
34.05,-123.75,2021-11-01 00:00:00,0,0.0
34.05,-123.649994,2021-11-01 00:00:00,0,0.0
34.05,-123.549995,2021-11-01 00:00:00,0,0.0
34.05,-123.45,2021-11-01 00:00:00,0,0.0
34.05,-123.35,2021-11-01 00:00:00,0,0.0
34.05,-123.25,2021-11-01 00:00:00,0,0.0
34.05,-123.149994,2021-11-01 00:00:00,0,0.0
34.05,-123.049995,2021-11-01 00:00:00,0,0.0
34.05,-122.95,2021-11-01 00:00:00,0,0.0
34.05,-122.85,2021-11-01 00:00:00,0,0.0
34.05,-122.75,2021-11-01 00:00:00,0,0.0
34.05,-122.649994,2021-11-01 00:00:00,0,0.0
34.05,-122.549995,2021-11-01 00:00:00,0,0.0
34.05,-122.45,2021-11-01 00:00:00,0,0.0
34.05,-122.35,2021-11-01 00:00:00,0,0.0
34.05,-122.25,2021-11-01 00:00:00,0,0.0
34.05,-122.149994,2021-11-01 00:00:00,0,0.0
34.05,-122.049995,2021-11-01 00:00:00,0,0.0
34.05,-121.95,2021-11-01 00:00:00,0,0.0
34.05,-121.85,2021-11-01 00:00:00,0,0.0
34.05,-121.75,2021-11-01 00:00:00,0,0.0
34.05,-121.649994,2021-11-01 00:00:00,0,0.0
34.05,-121.549995,2021-11-01 00:00:00,0,0.0
34.05,-121.45,2021-11-01 00:00:00,0,0.0
34.05,-121.35,2021-11-01 00:00:00,0,0.0
34.05,-121.25,2021-11-01 00:00:00,0,0.0
34.05,-121.149994,2021-11-01 00:00:00,0,0.0
34.05,-121.049995,2021-11-01 00:00:00,0,0.0
34.05,-120.95,2021-11-01 00:00:00,0,0.0
34.05,-120.85,2021-11-01 00:00:00,0,0.0
34.05,-120.75,2021-11-01 00:00:00,0,0.0
34.05,-120.649994,2021-11-01 00:00:00,0,0.0
34.05,-120.549995,2021-11-01 00:00:00,0,0.0
34.05,-120.45,2021-11-01 00:00:00,0,0.0
34.05,-120.35,2021-11-01 00:00:00,0,0.0
34.05,-120.25,2021-11-01 00:00:00,0,0.0
34.05,-120.149994,2021-11-01 00:00:00,0,0.0
34.05,-120.049995,2021-11-01 00:00:00,0,0.0
34.05,-119.95,2021-11-01 00:00:00,0,0.0
34.05,-119.85,2021-11-01 00:00:00,0,0.002
34.05,-119.75,2021-11-01 00:00:00,0,0.002
34.05,-119.649994,2021-11-01 00:00:00,0,0.0
34.05,-119.549995,2021-11-01 00:00:00,0,0.0
34.05,-119.45,2021-11-01 00:00:00,0,0.0
34.05,-119.35,2021-11-01 00:00:00,0,0.0
34.05,-119.25,2021-11-01 00:00:00,0,0.0
34.05,-119.149994,2021-11-01 00:00:00,0,0.0
34.05,-119.049995,2021-11-01 00:00:00,0,0.0
34.05,-118.95,2021-11-01 00:00:00,0,0.015000001
34.05,-118.85,2021-11-01 00:00:00,0,0.015000001
34.05,-118.75,2021-11-01 00:00:00,0,0.015000001
34.05,-118.649994,2021-11-01 00:00:00,0,0.015000001
34.05,-118.549995,2021-11-01 00:00:00,0,0.015000001
34.05,-118.45,2021-11-01 00:00:00,0,0.015000001
34.05,-118.35,2021-11-01 00:00:00,0,0.015000001
34.05,-118.25,2021-11-01 00:00:00,0,0.015000001
34.05,-118.149994,2021-11-01 00:00:00,0,0.015000001
34.05,-118.049995,2021-11-01 00:00:00,0,0.015000001
34.05,-117.95,2021-11-01 00:00:00,0,0.014
34.05,-117.85,2021-11-01 00:00:00,0,0.014
34.05,-117.75,2021-11-01 00:00:00,0,0.014
34.05,-117.649994,2021-11-01 00:00:00,0,0.013
34.05,-117.549995,2021-11-01 00:00:00,0,0.013
34.05,-117.45,2021-11-01 00:00:00,0,0.013
34.05,-117.35,2021-11-01 00:00:00,0,0.012
34.05,-117.25,2021-11-01 00:00:00,0,0.011000001
34.05,-117.149994,2021-11-01 00:00:00,0,0.010000001
34.05,-117.049995,2021-11-01 00:00:00,0,0.009000001
34.05,-116.95,2021-11-01 00:00:00,0,0.007
34.05,-116.85,2021-11-01 00:00:00,0,0.007
34.05,-116.75,2021-11-01 00:00:00,0,0.006
34.05,-116.649994,2021-11-01 00:00:00,0,0.0050000004
34.05,-116.549995,2021-11-01 00:00:00,0,0.007
34.05,-116.45,2021-11-01 00:00:00,0,0.006
34.05,-116.35,2021-11-01 00:00:00,0,0.009000001
34.05,-116.25,2021-11-01 00:00:00,0,0.006
34.05,-116.149994,2021-11-01 00:00:00,0,0.004
34.05,-116.049995,2021-11-01 00:00:00,0,0.004
34.05,-115.95,2021-11-01 00:00:00,0,0.004
34.05,-115.85,2021-11-01 00:00:00,0,0.0050000004
34.05,-115.75,2021-11-01 00:00:00,0,0.004
34.05,-115.649994,2021-11-01 00:00:00,0,0.0050000004
34.05,-115.549995,2021-11-01 00:00:00,0,0.004
34.05,-115.45,2021-11-01 00:00:00,0,0.007
34.05,-115.35,2021-11-01 00:00:00,0,0.008
34.05,-115.25,2021-11-01 00:00:00,0,0.0050000004
34.05,-115.149994,2021-11-01 00:00:00,0,0.0050000004
34.05,-115.049995,2021-11-01 00:00:00,0,0.0050000004
34.05,-114.95,2021-11-01 00:00:00,0,0.003
34.05,-114.85,2021-11-01 00:00:00,0,0.002
34.05,-114.75,2021-11-01 00:00:00,0,0.002
34.05,-114.649994,2021-11-01 00:00:00,0,0.003
34.05,-114.549995,2021-11-01 00:00:00,0,0.003
34.05,-114.45,2021-11-01 00:00:00,0,0.004
34.05,-114.35,2021-11-01 00:00:00,0,0.0
34.05,-114.25,2021-11-01 00:00:00,0,0.0
34.149998,-124.35,2021-11-01 00:00:00,0,0.0
34.149998,-124.25,2021-11-01 00:00:00,0,0.0
34.149998,-124.149994,2021-11-01 00:00:00,0,0.0
34.149998,-124.049995,2021-11-01 00:00:00,0,0.0
34.149998,-123.95,2021-11-01 00:00:00,0,0.0
34.149998,-123.85,2021-11-01 00:00:00,0,0.0
34.149998,-123.75,2021-11-01 00:00:00,0,0.0
34.149998,-123.649994,2021-11-01 00:00:00,0,0.0
34.149998,-123.549995,2021-11-01 00:00:00,0,0.0
34.149998,-123.45,2021-11-01 00:00:00,0,0.0
34.149998,-123.35,2021-11-01 00:00:00,0,0.0
34.149998,-123.25,2021-11-01 00:00:00,0,0.0
34.149998,-123.149994,2021-11-01 00:00:00,0,0.0
34.149998,-123.049995,2021-11-01 00:00:00,0,0.0
34.149998,-122.95,2021-11-01 00:00:00,0,0.0
34.149998,-122.85,2021-11-01 00:00:00,0,0.0
34.149998,-122.75,2021-11-01 00:00:00,0,0.0
34.149998,-122.649994,2021-11-01 00:00:00,0,0.0
34.149998,-122.549995,2021-11-01 00:00:00,0,0.0
34.149998,-122.45,2021-11-01 00:00:00,0,0.0
34.149998,-122.35,2021-11-01 00:00:00,0,0.0
34.149998,-122.25,2021-11-01 00:00:00,0,0.0
34.149998,-122.149994,2021-11-01 00:00:00,0,0.0
34.149998,-122.049995,2021-11-01 00:00:00,0,0.0
34.149998,-121.95,2021-11-01 00:00:00,0,0.0
34.149998,-121.85,2021-11-01 00:00:00,0,0.0
34.149998,-121.75,2021-11-01 00:00:00,0,0.0
34.149998,-121.649994,2021-11-01 00:00:00,0,0.0
34.149998,-121.549995,2021-11-01 00:00:00,0,0.0
34.149998,-121.45,2021-11-01 00:00:00,0,0.0
34.149998,-121.35,2021-11-01 00:00:00,0,0.0
34.149998,-121.25,2021-11-01 00:00:00,0,0.0
34.149998,-121.149994,2021-11-01 00:00:00,0,0.0
34.149998,-121.049995,2021-11-01 00:00:00,0,0.0
34.149998,-120.95,2021-11-01 00:00:00,0,0.0
34.149998,-120.85,2021-11-01 00:00:00,0,0.0
34.149998,-120.75,2021-11-01 00:00:00,0,0.0
34.149998,-120.649994,2021-11-01 00:00:00,0,0.0
34.149998,-120.549995,2021-11-01 00:00:00,0,0.0
34.149998,-120.45,2021-11-01 00:00:00,0,0.0
34.149998,-120.35,2021-11-01 00:00:00,0,0.0
34.149998,-120.25,2021-11-01 00:00:00,0,0.0
34.149998,-120.149994,2021-11-01 00:00:00,0,0.0
34.149998,-120.049995,2021-11-01 00:00:00,0,0.0
34.149998,-119.95,2021-11-01 00:00:00,0,0.0
34.149998,-119.85,2021-11-01 00:00:00,0,0.0
34.149998,-119.75,2021-11-01 00:00:00,0,0.0
34.149998,-119.649994,2021-11-01 00:00:00,0,0.0
34.149998,-119.549995,2021-11-01 00:00:00,0,0.0
34.149998,-119.45,2021-11-01 00:00:00,0,0.0
34.149998,-119.35,2021-11-01 00:00:00,0,0.0
34.149998,-119.25,2021-11-01 00:00:00,0,0.0
34.149998,-119.149994,2021-11-01 00:00:00,0,0.016
34.149998,-119.049995,2021-11-01 00:00:00,0,0.016
34.149998,-118.95,2021-11-01 00:00:00,0,0.016
34.149998,-118.85,2021-11-01 00:00:00,0,0.016
34.149998,-118.75,2021-11-01 00:00:00,0,0.016
34.149998,-118.649994,2021-11-01 00:00:00,0,0.016
34.149998,-118.549995,2021-11-01 00:00:00,0,0.016
34.149998,-118.45,2021-11-01 00:00:00,0,0.016
34.149998,-118.35,2021-11-01 00:00:00,0,0.016
34.149998,-118.25,2021-11-01 00:00:00,0,0.016
34.149998,-118.149994,2021-11-01 00:00:00,0,0.016
34.149998,-118.049995,2021-11-01 00:00:00,0,0.015000001
34.149998,-117.95,2021-11-01 00:00:00,0,0.015000001
34.149998,-117.85,2021-11-01 00:00:00,0,0.015000001
34.149998,-117.75,2021-11-01 00:00:00,0,0.015000001
34.149998,-117.649994,2021-11-01 00:00:00,0,0.014
34.149998,-117.549995,2021-11-01 00:00:00,0,0.014
34.149998,-117.45,2021-11-01 00:00:00,0,0.013
34.149998,-117.35,2021-11-01 00:00:00,0,0.012
34.149998,-117.25,2021-11-01 00:00:00,0,0.011000001
34.149998,-117.149994,2021-11-01 00:00:00,0,0.010000001
34.149998,-117.049995,2021-11-01 00:00:00,0,0.009000001
34.149998,-116.95,2021-11-01 00:00:00,0,0.007
34.149998,-116.85,2021-11-01 00:00:00,0,0.007
34.149998,-116.75,2021-11-01 00:00:00,0,0.006
34.149998,-116.649994,2021-11-01 00:00:00,0,0.0050000004
34.149998,-116.549995,2021-11-01 00:00:00,0,0.007
34.149998,-116.45,2021-11-01 00:00:00,0,0.007
34.149998,-116.35,2021-11-01 00:00:00,0,0.006
34.149998,-116.25,2021-11-01 00:00:00,0,0.0050000004
34.149998,-116.149994,2021-11-01 00:00:00,0,0.004
34.149998,-116.049995,2021-11-01 00:00:00,0,0.003
34.149998,-115.95,2021-11-01 00:00:00,0,0.003
34.149998,-115.85,2021-11-01 00:00:00,0,0.003
34.149998,-115.75,2021-11-01 00:00:00,0,0.003
34.149998,-115.649994,2021-11-01 00:00:00,0,0.0050000004
34.149998,-115.549995,2021-11-01 00:00:00,0,0.010000001
34.149998,-115.45,2021-11-01 00:00:00,0,0.0050000004
34.149998,-115.35,2021-11-01 00:00:00,0,0.004
34.149998,-115.25,2021-11-01 00:00:00,0,0.004
34.149998,-115.149994,2021-11-01 00:00:00,0,0.0050000004
34.149998,-115.049995,2021-11-01 00:00:00,0,0.0050000004
34.149998,-114.95,2021-11-01 00:00:00,0,0.003
34.149998,-114.85,2021-11-01 00:00:00,0,0.002
34.149998,-114.75,2021-11-01 00:00:00,0,0.002
34.149998,-114.649994,2021-11-01 00:00:00,0,0.002
34.149998,-114.549995,2021-11-01 00:00:00,0,0.003
34.149998,-114.45,2021-11-01 00:00:00,0,0.003
34.149998,-114.35,2021-11-01 00:00:00,0,0.0050000004
34.149998,-114.25,2021-11-01 00:00:00,0,0.0
34.25,-124.35,2021-11-01 00:00:00,0,0.0
34.25,-124.25,2021-11-01 00:00:00,0,0.0
34.25,-124.149994,2021-11-01 00:00:00,0,0.0
34.25,-124.049995,2021-11-01 00:00:00,0,0.0
34.25,-123.95,2021-11-01 00:00:00,0,0.0
34.25,-123.85,2021-11-01 00:00:00,0,0.0
34.25,-123.75,2021-11-01 00:00:00,0,0.0
34.25,-123.649994,2021-11-01 00:00:00,0,0.0
34.25,-123.549995,2021-11-01 00:00:00,0,0.0
34.25,-123.45,2021-11-01 00:00:00,0,0.0
34.25,-123.35,2021-11-01 00:00:00,0,0.0
34.25,-123.25,2021-11-01 00:00:00,0,0.0
34.25,-123.149994,2021-11-01 00:00:00,0,0.0
34.25,-123.049995,2021-11-01 00:00:00,0,0.0
34.25,-122.95,2021-11-01 00:00:00,0,0.0
34.25,-122.85,2021-11-01 00:00:00,0,0.0
34.25,-122.75,2021-11-01 00:00:00,0,0.0
34.25,-122.649994,2021-11-01 00:00:00,0,0.0
34.25,-122.549995,2021-11-01 00:00:00,0,0.0
34.25,-122.45,2021-11-01 00:00:00,0,0.0
34.25,-122.35,2021-11-01 00:00:00,0,0.0
34.25,-122.25,2021-11-01 00:00:00,0,0.0
34.25,-122.149994,2021-11-01 00:00:00,0,0.0
34.25,-122.049995,2021-11-01 00:00:00,0,0.0
34.25,-121.95,2021-11-01 00:00:00,0,0.0
34.25,-121.85,2021-11-01 00:00:00,0,0.0
34.25,-121.75,2021-11-01 00:00:00,0,0.0
34.25,-121.649994,2021-11-01 00:00:00,0,0.0
34.25,-121.549995,2021-11-01 00:00:00,0,0.0
34.25,-121.45,2021-11-01 00:00:00,0,0.0
34.25,-121.35,2021-11-01 00:00:00,0,0.0
34.25,-121.25,2021-11-01 00:00:00,0,0.0
34.25,-121.149994,2021-11-01 00:00:00,0,0.0
34.25,-121.049995,2021-11-01 00:00:00,0,0.0
34.25,-120.95,2021-11-01 00:00:00,0,0.0
34.25,-120.85,2021-11-01 00:00:00,0,0.0
34.25,-120.75,2021-11-01 00:00:00,0,0.0
34.25,-120.649994,2021-11-01 00:00:00,0,0.0
34.25,-120.549995,2021-11-01 00:00:00,0,0.0
34.25,-120.45,2021-11-01 00:00:00,0,0.0
34.25,-120.35,2021-11-01 00:00:00,0,0.0
34.25,-120.25,2021-11-01 00:00:00,0,0.0
34.25,-120.149994,2021-11-01 00:00:00,0,0.0
34.25,-120.049995,2021-11-01 00:00:00,0,0.0
34.25,-119.95,2021-11-01 00:00:00,0,0.0
34.25,-119.85,2021-11-01 00:00:00,0,0.0
34.25,-119.75,2021-11-01 00:00:00,0,0.0
34.25,-119.649994,2021-11-01 00:00:00,0,0.0
34.25,-119.549995,2021-11-01 00:00:00,0,0.0
34.25,-119.45,2021-11-01 00:00:00,0,0.0
34.25,-119.35,2021-11-01 00:00:00,0,0.0
34.25,-119.25,2021-11-01 00:00:00,0,0.016
34.25,-119.149994,2021-11-01 00:00:00,0,0.016
34.25,-119.049995,2021-11-01 00:00:00,0,0.016
34.25,-118.95,2021-11-01 00:00:00,0,0.017
34.25,-118.85,2021-11-01 00:00:00,0,0.017
34.25,-118.75,2021-11-01 00:00:00,0,0.017
34.25,-118.649994,2021-11-01 00:00:00,0,0.017
34.25,-118.549995,2021-11-01 00:00:00,0,0.017
34.25,-118.45,2021-11-01 00:00:00,0,0.017
34.25,-118.35,2021-11-01 00:00:00,0,0.017
34.25,-118.25,2021-11-01 00:00:00,0,0.017
34.25,-118.149994,2021-11-01 00:00:00,0,0.017
34.25,-118.049995,2021-11-01 00:00:00,0,0.016
34.25,-117.95,2021-11-01 00:00:00,0,0.016
34.25,-117.85,2021-11-01 00:00:00,0,0.016
34.25,-117.75,2021-11-01 00:00:00,0,0.015000001
34.25,-117.649994,2021-11-01 00:00:00,0,0.015000001
34.25,-117.549995,2021-11-01 00:00:00,0,0.015000001
34.25,-117.45,2021-11-01 00:00:00,0,0.014
34.25,-117.35,2021-11-01 00:00:00,0,0.013
34.25,-117.25,2021-11-01 00:00:00,0,0.012
34.25,-117.149994,2021-11-01 00:00:00,0,0.011000001
34.25,-117.049995,2021-11-01 00:00:00,0,0.010000001
34.25,-116.95,2021-11-01 00:00:00,0,0.008
34.25,-116.85,2021-11-01 00:00:00,0,0.006
34.25,-116.75,2021-11-01 00:00:00,0,0.006
34.25,-116.649994,2021-11-01 00:00:00,0,0.0050000004
34.25,-116.549995,2021-11-01 00:00:00,0,0.0050000004
34.25,-116.45,2021-11-01 00:00:00,0,0.004
34.25,-116.35,2021-11-01 00:00:00,0,0.004
34.25,-116.25,2021-11-01 00:00:00,0,0.003
34.25,-116.149994,2021-11-01 00:00:00,0,0.003
34.25,-116.049995,2021-11-01 00:00:00,0,0.003
34.25,-115.95,2021-11-01 00:00:00,0,0.004
34.25,-115.85,2021-11-01 00:00:00,0,0.003
34.25,-115.75,2021-11-01 00:00:00,0,0.003
34.25,-115.649994,2021-11-01 00:00:00,0,0.006
34.25,-115.549995,2021-11-01 00:00:00,0,0.004
34.25,-115.45,2021-11-01 00:00:00,0,0.004
34.25,-115.35,2021-11-01 00:00:00,0,0.004
34.25,-115.25,2021-11-01 00:00:00,0,0.0050000004
34.25,-115.149994,2021-11-01 00:00:00,0,0.0050000004
34.25,-115.049995,2021-11-01 00:00:00,0,0.0050000004
34.25,-114.95,2021-11-01 00:00:00,0,0.003
34.25,-114.85,2021-11-01 00:00:00,0,0.003
34.25,-114.75,2021-11-01 00:00:00,0,0.002
34.25,-114.649994,2021-11-01 00:00:00,0,0.002
34.25,-114.549995,2021-11-01 00:00:00,0,0.002
34.25,-114.45,2021-11-01 00:00:00,0,0.003
34.25,-114.35,2021-11-01 00:00:00,0,0.004
34.25,-114.25,2021-11-01 00:00:00,0,0.004
34.35,-124.35,2021-11-01 00:00:00,0,0.0
34.35,-124.25,2021-11-01 00:00:00,0,0.0
34.35,-124.149994,2021-11-01 00:00:00,0,0.0
34.35,-124.049995,2021-11-01 00:00:00,0,0.0
34.35,-123.95,2021-11-01 00:00:00,0,0.0
34.35,-123.85,2021-11-01 00:00:00,0,0.0
34.35,-123.75,2021-11-01 00:00:00,0,0.0
34.35,-123.649994,2021-11-01 00:00:00,0,0.0
34.35,-123.549995,2021-11-01 00:00:00,0,0.0
34.35,-123.45,2021-11-01 00:00:00,0,0.0
34.35,-123.35,2021-11-01 00:00:00,0,0.0
34.35,-123.25,2021-11-01 00:00:00,0,0.0
34.35,-123.149994,2021-11-01 00:00:00,0,0.0
34.35,-123.049995,2021-11-01 00:00:00,0,0.0
34.35,-122.95,2021-11-01 00:00:00,0,0.0
34.35,-122.85,2021-11-01 00:00:00,0,0.0
34.35,-122.75,2021-11-01 00:00:00,0,0.0
34.35,-122.649994,2021-11-01 00:00:00,0,0.0
34.35,-122.549995,2021-11-01 00:00:00,0,0.0
34.35,-122.45,2021-11-01 00:00:00,0,0.0
34.35,-122.35,2021-11-01 00:00:00,0,0.0
34.35,-122.25,2021-11-01 00:00:00,0,0.0
34.35,-122.149994,2021-11-01 00:00:00,0,0.0
34.35,-122.049995,2021-11-01 00:00:00,0,0.0
34.35,-121.95,2021-11-01 00:00:00,0,0.0
34.35,-121.85,2021-11-01 00:00:00,0,0.0
34.35,-121.75,2021-11-01 00:00:00,0,0.0
34.35,-121.649994,2021-11-01 00:00:00,0,0.0
34.35,-121.549995,2021-11-01 00:00:00,0,0.0
34.35,-121.45,2021-11-01 00:00:00,0,0.0
34.35,-121.35,2021-11-01 00:00:00,0,0.0
34.35,-121.25,2021-11-01 00:00:00,0,0.0
34.35,-121.149994,2021-11-01 00:00:00,0,0.0
34.35,-121.049995,2021-11-01 00:00:00,0,0.0
34.35,-120.95,2021-11-01 00:00:00,0,0.0
34.35,-120.85,2021-11-01 00:00:00,0,0.0
34.35,-120.75,2021-11-01 00:00:00,0,0.0
34.35,-120.649994,2021-11-01 00:00:00,0,0.0
34.35,-120.549995,2021-11-01 00:00:00,0,0.0
34.35,-120.45,2021-11-01 00:00:00,0,0.0
34.35,-120.35,2021-11-01 00:00:00,0,0.0
34.35,-120.25,2021-11-01 00:00:00,0,0.0
34.35,-120.149994,2021-11-01 00:00:00,0,0.0
34.35,-120.049995,2021-11-01 00:00:00,0,0.0
34.35,-119.95,2021-11-01 00:00:00,0,0.0
34.35,-119.85,2021-11-01 00:00:00,0,0.0
34.35,-119.75,2021-11-01 00:00:00,0,0.0
34.35,-119.649994,2021-11-01 00:00:00,0,0.0
34.35,-119.549995,2021-11-01 00:00:00,0,0.0
34.35,-119.45,2021-11-01 00:00:00,0,0.0
34.35,-119.35,2021-11-01 00:00:00,0,0.016
34.35,-119.25,2021-11-01 00:00:00,0,0.016
34.35,-119.149994,2021-11-01 00:00:00,0,0.017
34.35,-119.049995,2021-11-01 00:00:00,0,0.017
34.35,-118.95,2021-11-01 00:00:00,0,0.017
34.35,-118.85,2021-11-01 00:00:00,0,0.017
34.35,-118.75,2021-11-01 00:00:00,0,0.018000001
34.35,-118.649994,2021-11-01 00:00:00,0,0.018000001
34.35,-118.549995,2021-11-01 00:00:00,0,0.018000001
34.35,-118.45,2021-11-01 00:00:00,0,0.018000001
34.35,-118.35,2021-11-01 00:00:00,0,0.018000001
34.35,-118.25,2021-11-01 00:00:00,0,0.018000001
34.35,-118.149994,2021-11-01 00:00:00,0,0.018000001
34.35,-118.049995,2021-11-01 00:00:00,0,0.018000001
34.35,-117.95,2021-11-01 00:00:00,0,0.017
34.35,-117.85,2021-11-01 00:00:00,0,0.016
34.35,-117.75,2021-11-01 00:00:00,0,0.016
34.35,-117.649994,2021-11-01 00:00:00,0,0.016
34.35,-117.549995,2021-11-01 00:00:00,0,0.017
34.35,-117.45,2021-11-01 00:00:00,0,0.017
34.35,-117.35,2021-11-01 00:00:00,0,0.015000001
34.35,-117.25,2021-11-01 00:00:00,0,0.016
34.35,-117.149994,2021-11-01 00:00:00,0,0.015000001
34.35,-117.049995,2021-11-01 00:00:00,0,0.010000001
34.35,-116.95,2021-11-01 00:00:00,0,0.008
34.35,-116.85,2021-11-01 00:00:00,0,0.007
34.35,-116.75,2021-11-01 00:00:00,0,0.006
34.35,-116.649994,2021-11-01 00:00:00,0,0.0050000004
34.35,-116.549995,2021-11-01 00:00:00,0,0.004
34.35,-116.45,2021-11-01 00:00:00,0,0.003
34.35,-116.35,2021-11-01 00:00:00,0,0.003
34.35,-116.25,2021-11-01 00:00:00,0,0.002
34.35,-116.149994,2021-11-01 00:00:00,0,0.002
34.35,-116.049995,2021-11-01 00:00:00,0,0.002
34.35,-115.95,2021-11-01 00:00:00,0,0.003
34.35,-115.85,2021-11-01 00:00:00,0,0.002
34.35,-115.75,2021-11-01 00:00:00,0,0.002
34.35,-115.649994,2021-11-01 00:00:00,0,0.003
34.35,-115.549995,2021-11-01 00:00:00,0,0.003
34.35,-115.45,2021-11-01 00:00:00,0,0.003
34.35,-115.35,2021-11-01 00:00:00,0,0.004
34.35,-115.25,2021-11-01 00:00:00,0,0.004
34.35,-115.149994,2021-11-01 00:00:00,0,0.004
34.35,-115.049995,2021-11-01 00:00:00,0,0.006
34.35,-114.95,2021-11-01 00:00:00,0,0.004
34.35,-114.85,2021-11-01 00:00:00,0,0.004
34.35,-114.75,2021-11-01 00:00:00,0,0.003
34.35,-114.649994,2021-11-01 00:00:00,0,0.002
34.35,-114.549995,2021-11-01 00:00:00,0,0.002
34.35,-114.45,2021-11-01 00:00:00,0,0.002
34.35,-114.35,2021-11-01 00:00:00,0,0.003
34.35,-114.25,2021-11-01 00:00:00,0,0.004
34.45,-124.35,2021-11-01 00:00:00,0,0.0
34.45,-124.25,2021-11-01 00:00:00,0,0.0
34.45,-124.149994,2021-11-01 00:00:00,0,0.0
34.45,-124.049995,2021-11-01 00:00:00,0,0.0
34.45,-123.95,2021-11-01 00:00:00,0,0.0
34.45,-123.85,2021-11-01 00:00:00,0,0.0
34.45,-123.75,2021-11-01 00:00:00,0,0.0
34.45,-123.649994,2021-11-01 00:00:00,0,0.0
34.45,-123.549995,2021-11-01 00:00:00,0,0.0
34.45,-123.45,2021-11-01 00:00:00,0,0.0
34.45,-123.35,2021-11-01 00:00:00,0,0.0
34.45,-123.25,2021-11-01 00:00:00,0,0.0
34.45,-123.149994,2021-11-01 00:00:00,0,0.0
34.45,-123.049995,2021-11-01 00:00:00,0,0.0
34.45,-122.95,2021-11-01 00:00:00,0,0.0
34.45,-122.85,2021-11-01 00:00:00,0,0.0
34.45,-122.75,2021-11-01 00:00:00,0,0.0
34.45,-122.649994,2021-11-01 00:00:00,0,0.0
34.45,-122.549995,2021-11-01 00:00:00,0,0.0
34.45,-122.45,2021-11-01 00:00:00,0,0.0
34.45,-122.35,2021-11-01 00:00:00,0,0.0
34.45,-122.25,2021-11-01 00:00:00,0,0.0
34.45,-122.149994,2021-11-01 00:00:00,0,0.0
34.45,-122.049995,2021-11-01 00:00:00,0,0.0
34.45,-121.95,2021-11-01 00:00:00,0,0.0
34.45,-121.85,2021-11-01 00:00:00,0,0.0
34.45,-121.75,2021-11-01 00:00:00,0,0.0
34.45,-121.649994,2021-11-01 00:00:00,0,0.0
34.45,-121.549995,2021-11-01 00:00:00,0,0.0
34.45,-121.45,2021-11-01 00:00:00,0,0.0
34.45,-121.35,2021-11-01 00:00:00,0,0.0
34.45,-121.25,2021-11-01 00:00:00,0,0.0
34.45,-121.149994,2021-11-01 00:00:00,0,0.0
34.45,-121.049995,2021-11-01 00:00:00,0,0.0
34.45,-120.95,2021-11-01 00:00:00,0,0.0
34.45,-120.85,2021-11-01 00:00:00,0,0.0
34.45,-120.75,2021-11-01 00:00:00,0,0.0
34.45,-120.649994,2021-11-01 00:00:00,0,0.0
34.45,-120.549995,2021-11-01 00:00:00,0,0.0
34.45,-120.45,2021-11-01 00:00:00,0,0.014
34.45,-120.35,2021-11-01 00:00:00,0,0.0
34.45,-120.25,2021-11-01 00:00:00,0,0.0
34.45,-120.149994,2021-11-01 00:00:00,0,0.0
34.45,-120.049995,2021-11-01 00:00:00,0,0.0
34.45,-119.95,2021-11-01 00:00:00,0,0.015000001
34.45,-119.85,2021-11-01 00:00:00,0,0.015000001
34.45,-119.75,2021-11-01 00:00:00,0,0.016
34.45,-119.649994,2021-11-01 00:00:00,0,0.016
34.45,-119.549995,2021-11-01 00:00:00,0,0.016
34.45,-119.45,2021-11-01 00:00:00,0,0.016
34.45,-119.35,2021-11-01 00:00:00,0,0.016
34.45,-119.25,2021-11-01 00:00:00,0,0.017
34.45,-119.149994,2021-11-01 00:00:00,0,0.017
34.45,-119.049995,2021-11-01 00:00:00,0,0.017
34.45,-118.95,2021-11-01 00:00:00,0,0.018000001
34.45,-118.85,2021-11-01 00:00:00,0,0.018000001
34.45,-118.75,2021-11-01 00:00:00,0,0.019000001
34.45,-118.649994,2021-11-01 00:00:00,0,0.019000001
34.45,-118.549995,2021-11-01 00:00:00,0,0.019000001
34.45,-118.45,2021-11-01 00:00:00,0,0.019000001
34.45,-118.35,2021-11-01 00:00:00,0,0.019000001
34.45,-118.25,2021-11-01 00:00:00,0,0.019000001
34.45,-118.149994,2021-11-01 00:00:00,0,0.019000001
34.45,-118.049995,2021-11-01 00:00:00,0,0.019000001
34.45,-117.95,2021-11-01 00:00:00,0,0.024
34.45,-117.85,2021-11-01 00:00:00,0,0.020000001
34.45,-117.75,2021-11-01 00:00:00,0,0.022000002
34.45,-117.649994,2021-11-01 00:00:00,0,0.020000001
34.45,-117.549995,2021-11-01 00:00:00,0,0.020000001
34.45,-117.45,2021-11-01 00:00:00,0,0.019000001
34.45,-117.35,2021-11-01 00:00:00,0,0.015000001
34.45,-117.25,2021-11-01 00:00:00,0,0.015000001
34.45,-117.149994,2021-11-01 00:00:00,0,0.018000001
34.45,-117.049995,2021-11-01 00:00:00,0,0.011000001
34.45,-116.95,2021-11-01 00:00:00,0,0.008
34.45,-116.85,2021-11-01 00:00:00,0,0.007
34.45,-116.75,2021-11-01 00:00:00,0,0.0050000004
34.45,-116.649994,2021-11-01 00:00:00,0,0.0050000004
34.45,-116.549995,2021-11-01 00:00:00,0,0.003
34.45,-116.45,2021-11-01 00:00:00,0,0.002
34.45,-116.35,2021-11-01 00:00:00,0,0.002
34.45,-116.25,2021-11-01 00:00:00,0,0.002
34.45,-116.149994,2021-11-01 00:00:00,0,0.002
34.45,-116.049995,2021-11-01 00:00:00,0,0.002
34.45,-115.95,2021-11-01 00:00:00,0,0.003
34.45,-115.85,2021-11-01 00:00:00,0,0.002
34.45,-115.75,2021-11-01 00:00:00,0,0.002
34.45,-115.649994,2021-11-01 00:00:00,0,0.003
34.45,-115.549995,2021-11-01 00:00:00,0,0.002
34.45,-115.45,2021-11-01 00:00:00,0,0.003
34.45,-115.35,2021-11-01 00:00:00,0,0.004
34.45,-115.25,2021-11-01 00:00:00,0,0.0050000004
34.45,-115.149994,2021-11-01 00:00:00,0,0.004
34.45,-115.049995,2021-11-01 00:00:00,0,0.007
34.45,-114.95,2021-11-01 00:00:00,0,0.003
34.45,-114.85,2021-11-01 00:00:00,0,0.004
34.45,-114.75,2021-11-01 00:00:00,0,0.003
34.45,-114.649994,2021-11-01 00:00:00,0,0.003
34.45,-114.549995,2021-11-01 00:00:00,0,0.002
34.45,-114.45,2021-11-01 00:00:00,0,0.002
34.45,-114.35,2021-11-01 00:00:00,0,0.0
34.45,-114.25,2021-11-01 00:00:00,0,0.0
34.55,-124.35,2021-11-01 00:00:00,0,0.0
34.55,-124.25,2021-11-01 00:00:00,0,0.0
34.55,-124.149994,2021-11-01 00:00:00,0,0.0
34.55,-124.049995,2021-11-01 00:00:00,0,0.0
34.55,-123.95,2021-11-01 00:00:00,0,0.0
34.55,-123.85,2021-11-01 00:00:00,0,0.0
34.55,-123.75,2021-11-01 00:00:00,0,0.0
34.55,-123.649994,2021-11-01 00:00:00,0,0.0
34.55,-123.549995,2021-11-01 00:00:00,0,0.0
34.55,-123.45,2021-11-01 00:00:00,0,0.0
34.55,-123.35,2021-11-01 00:00:00,0,0.0
34.55,-123.25,2021-11-01 00:00:00,0,0.0
34.55,-123.149994,2021-11-01 00:00:00,0,0.0
34.55,-123.049995,2021-11-01 00:00:00,0,0.0
34.55,-122.95,2021-11-01 00:00:00,0,0.0
34.55,-122.85,2021-11-01 00:00:00,0,0.0
34.55,-122.75,2021-11-01 00:00:00,0,0.0
34.55,-122.649994,2021-11-01 00:00:00,0,0.0
34.55,-122.549995,2021-11-01 00:00:00,0,0.0
34.55,-122.45,2021-11-01 00:00:00,0,0.0
34.55,-122.35,2021-11-01 00:00:00,0,0.0
34.55,-122.25,2021-11-01 00:00:00,0,0.0
34.55,-122.149994,2021-11-01 00:00:00,0,0.0
34.55,-122.049995,2021-11-01 00:00:00,0,0.0
34.55,-121.95,2021-11-01 00:00:00,0,0.0
34.55,-121.85,2021-11-01 00:00:00,0,0.0
34.55,-121.75,2021-11-01 00:00:00,0,0.0
34.55,-121.649994,2021-11-01 00:00:00,0,0.0
34.55,-121.549995,2021-11-01 00:00:00,0,0.0
34.55,-121.45,2021-11-01 00:00:00,0,0.0
34.55,-121.35,2021-11-01 00:00:00,0,0.0
34.55,-121.25,2021-11-01 00:00:00,0,0.0
34.55,-121.149994,2021-11-01 00:00:00,0,0.0
34.55,-121.049995,2021-11-01 00:00:00,0,0.0
34.55,-120.95,2021-11-01 00:00:00,0,0.0
34.55,-120.85,2021-11-01 00:00:00,0,0.0
34.55,-120.75,2021-11-01 00:00:00,0,0.0
34.55,-120.649994,2021-11-01 00:00:00,0,0.0
34.55,-120.549995,2021-11-01 00:00:00,0,0.015000001
34.55,-120.45,2021-11-01 00:00:00,0,0.014
34.55,-120.35,2021-11-01 00:00:00,0,0.014
34.55,-120.25,2021-11-01 00:00:00,0,0.014
34.55,-120.149994,2021-11-01 00:00:00,0,0.014
34.55,-120.049995,2021-11-01 00:00:00,0,0.014
34.55,-119.95,2021-11-01 00:00:00,0,0.015000001
34.55,-119.85,2021-11-01 00:00:00,0,0.015000001
34.55,-119.75,2021-11-01 00:00:00,0,0.015000001
34.55,-119.649994,2021-11-01 00:00:00,0,0.015000001
34.55,-119.549995,2021-11-01 00:00:00,0,0.015000001
34.55,-119.45,2021-11-01 00:00:00,0,0.015000001
34.55,-119.35,2021-11-01 00:00:00,0,0.016
34.55,-119.25,2021-11-01 00:00:00,0,0.016
34.55,-119.149994,2021-11-01 00:00:00,0,0.017
34.55,-119.049995,2021-11-01 00:00:00,0,0.017
34.55,-118.95,2021-11-01 00:00:00,0,0.018000001
34.55,-118.85,2021-11-01 00:00:00,0,0.018000001
34.55,-118.75,2021-11-01 00:00:00,0,0.019000001
34.55,-118.649994,2021-11-01 00:00:00,0,0.019000001
34.55,-118.549995,2021-11-01 00:00:00,0,0.020000001
34.55,-118.45,2021-11-01 00:00:00,0,0.020000001
34.55,-118.35,2021-11-01 00:00:00,0,0.020000001
34.55,-118.25,2021-11-01 00:00:00,0,0.019000001
34.55,-118.149994,2021-11-01 00:00:00,0,0.019000001
34.55,-118.049995,2021-11-01 00:00:00,0,0.019000001
34.55,-117.95,2021-11-01 00:00:00,0,0.018000001
34.55,-117.85,2021-11-01 00:00:00,0,0.017
34.55,-117.75,2021-11-01 00:00:00,0,0.017
34.55,-117.649994,2021-11-01 00:00:00,0,0.017
34.55,-117.549995,2021-11-01 00:00:00,0,0.017
34.55,-117.45,2021-11-01 00:00:00,0,0.016
34.55,-117.35,2021-11-01 00:00:00,0,0.015000001
34.55,-117.25,2021-11-01 00:00:00,0,0.013
34.55,-117.149994,2021-11-01 00:00:00,0,0.011000001
34.55,-117.049995,2021-11-01 00:00:00,0,0.010000001
34.55,-116.95,2021-11-01 00:00:00,0,0.008
34.55,-116.85,2021-11-01 00:00:00,0,0.008
34.55,-116.75,2021-11-01 00:00:00,0,0.007
34.55,-116.649994,2021-11-01 00:00:00,0,0.006
34.55,-116.549995,2021-11-01 00:00:00,0,0.003
34.55,-116.45,2021-11-01 00:00:00,0,0.002
34.55,-116.35,2021-11-01 00:00:00,0,0.002
34.55,-116.25,2021-11-01 00:00:00,0,0.002
34.55,-116.149994,2021-11-01 00:00:00,0,0.002
34.55,-116.049995,2021-11-01 00:00:00,0,0.001
34.55,-115.95,2021-11-01 00:00:00,0,0.002
34.55,-115.85,2021-11-01 00:00:00,0,0.002
34.55,-115.75,2021-11-01 00:00:00,0,0.002
34.55,-115.649994,2021-11-01 00:00:00,0,0.002
34.55,-115.549995,2021-11-01 00:00:00,0,0.002
34.55,-115.45,2021-11-01 00:00:00,0,0.004
34.55,-115.35,2021-11-01 00:00:00,0,0.0050000004
34.55,-115.25,2021-11-01 00:00:00,0,0.004
34.55,-115.149994,2021-11-01 00:00:00,0,0.004
34.55,-115.049995,2021-11-01 00:00:00,0,0.0050000004
34.55,-114.95,2021-11-01 00:00:00,0,0.003
34.55,-114.85,2021-11-01 00:00:00,0,0.004
34.55,-114.75,2021-11-01 00:00:00,0,0.0050000004
34.55,-114.649994,2021-11-01 00:00:00,0,0.003
34.55,-114.549995,2021-11-01 00:00:00,0,0.002
34.55,-114.45,2021-11-01 00:00:00,0,0.003
34.55,-114.35,2021-11-01 00:00:00,0,0.0
34.55,-114.25,2021-11-01 00:00:00,0,0.0
34.649998,-124.35,2021-11-01 00:00:00,0,0.0
34.649998,-124.25,2021-11-01 00:00:00,0,0.0
34.649998,-124.149994,2021-11-01 00:00:00,0,0.0
34.649998,-124.049995,2021-11-01 00:00:00,0,0.0
34.649998,-123.95,2021-11-01 00:00:00,0,0.0
34.649998,-123.85,2021-11-01 00:00:00,0,0.0
34.649998,-123.75,2021-11-01 00:00:00,0,0.0
34.649998,-123.649994,2021-11-01 00:00:00,0,0.0
34.649998,-123.549995,2021-11-01 00:00:00,0,0.0
34.649998,-123.45,2021-11-01 00:00:00,0,0.0
34.649998,-123.35,2021-11-01 00:00:00,0,0.0
34.649998,-123.25,2021-11-01 00:00:00,0,0.0
34.649998,-123.149994,2021-11-01 00:00:00,0,0.0
34.649998,-123.049995,2021-11-01 00:00:00,0,0.0
34.649998,-122.95,2021-11-01 00:00:00,0,0.0
34.649998,-122.85,2021-11-01 00:00:00,0,0.0
34.649998,-122.75,2021-11-01 00:00:00,0,0.0
34.649998,-122.649994,2021-11-01 00:00:00,0,0.0
34.649998,-122.549995,2021-11-01 00:00:00,0,0.0
34.649998,-122.45,2021-11-01 00:00:00,0,0.0
34.649998,-122.35,2021-11-01 00:00:00,0,0.0
34.649998,-122.25,2021-11-01 00:00:00,0,0.0
34.649998,-122.149994,2021-11-01 00:00:00,0,0.0
34.649998,-122.049995,2021-11-01 00:00:00,0,0.0
34.649998,-121.95,2021-11-01 00:00:00,0,0.0
34.649998,-121.85,2021-11-01 00:00:00,0,0.0
34.649998,-121.75,2021-11-01 00:00:00,0,0.0
34.649998,-121.649994,2021-11-01 00:00:00,0,0.0
34.649998,-121.549995,2021-11-01 00:00:00,0,0.0
34.649998,-121.45,2021-11-01 00:00:00,0,0.0
34.649998,-121.35,2021-11-01 00:00:00,0,0.0
34.649998,-121.25,2021-11-01 00:00:00,0,0.0
34.649998,-121.149994,2021-11-01 00:00:00,0,0.0
34.649998,-121.049995,2021-11-01 00:00:00,0,0.0
34.649998,-120.95,2021-11-01 00:00:00,0,0.0
34.649998,-120.85,2021-11-01 00:00:00,0,0.0
34.649998,-120.75,2021-11-01 00:00:00,0,0.0
34.649998,-120.649994,2021-11-01 00:00:00,0,0.0
34.649998,-120.549995,2021-11-01 00:00:00,0,0.016
34.649998,-120.45,2021-11-01 00:00:00,0,0.015000001
34.649998,-120.35,2021-11-01 00:00:00,0,0.015000001
34.649998,-120.25,2021-11-01 00:00:00,0,0.014
34.649998,-120.149994,2021-11-01 00:00:00,0,0.014
34.649998,-120.049995,2021-11-01 00:00:00,0,0.014
34.649998,-119.95,2021-11-01 00:00:00,0,0.015000001
34.649998,-119.85,2021-11-01 00:00:00,0,0.014
34.649998,-119.75,2021-11-01 00:00:00,0,0.014
34.649998,-119.649994,2021-11-01 00:00:00,0,0.014
34.649998,-119.549995,2021-11-01 00:00:00,0,0.014
34.649998,-119.45,2021-11-01 00:00:00,0,0.014
34.649998,-119.35,2021-11-01 00:00:00,0,0.015000001
34.649998,-119.25,2021-11-01 00:00:00,0,0.015000001
34.649998,-119.149994,2021-11-01 00:00:00,0,0.016
34.649998,-119.049995,2021-11-01 00:00:00,0,0.017
34.649998,-118.95,2021-11-01 00:00:00,0,0.017
34.649998,-118.85,2021-11-01 00:00:00,0,0.018000001
34.649998,-118.75,2021-11-01 00:00:00,0,0.019000001
34.649998,-118.649994,2021-11-01 00:00:00,0,0.019000001
34.649998,-118.549995,2021-11-01 00:00:00,0,0.020000001
34.649998,-118.45,2021-11-01 00:00:00,0,0.020000001
34.649998,-118.35,2021-11-01 00:00:00,0,0.021000002
34.649998,-118.25,2021-11-01 00:00:00,0,0.020000001
34.649998,-118.149994,2021-11-01 00:00:00,0,0.019000001
34.649998,-118.049995,2021-11-01 00:00:00,0,0.018000001
34.649998,-117.95,2021-11-01 00:00:00,0,0.017
34.649998,-117.85,2021-11-01 00:00:00,0,0.017
34.649998,-117.75,2021-11-01 00:00:00,0,0.016
34.649998,-117.649994,2021-11-01 00:00:00,0,0.016
34.649998,-117.549995,2021-11-01 00:00:00,0,0.015000001
34.649998,-117.45,2021-11-01 00:00:00,0,0.015000001
34.649998,-117.35,2021-11-01 00:00:00,0,0.014
34.649998,-117.25,2021-11-01 00:00:00,0,0.012
34.649998,-117.149994,2021-11-01 00:00:00,0,0.011000001
34.649998,-117.049995,2021-11-01 00:00:00,0,0.010000001
34.649998,-116.95,2021-11-01 00:00:00,0,0.010000001
34.649998,-116.85,2021-11-01 00:00:00,0,0.008
34.649998,-116.75,2021-11-01 00:00:00,0,0.0050000004
34.649998,-116.649994,2021-11-01 00:00:00,0,0.004
34.649998,-116.549995,2021-11-01 00:00:00,0,0.003
34.649998,-116.45,2021-11-01 00:00:00,0,0.002
34.649998,-116.35,2021-11-01 00:00:00,0,0.002
34.649998,-116.25,2021-11-01 00:00:00,0,0.002
34.649998,-116.149994,2021-11-01 00:00:00,0,0.002
34.649998,-116.049995,2021-11-01 00:00:00,0,0.002
34.649998,-115.95,2021-11-01 00:00:00,0,0.002
34.649998,-115.85,2021-11-01 00:00:00,0,0.002
34.649998,-115.75,2021-11-01 00:00:00,0,0.002
34.649998,-115.649994,2021-11-01 00:00:00,0,0.003
34.649998,-115.549995,2021-11-01 00:00:00,0,0.003
34.649998,-115.45,2021-11-01 00:00:00,0,0.003
34.649998,-115.35,2021-11-01 00:00:00,0,0.003
34.649998,-115.25,2021-11-01 00:00:00,0,0.006
34.649998,-115.149994,2021-11-01 00:00:00,0,0.004
34.649998,-115.049995,2021-11-01 00:00:00,0,0.004
34.649998,-114.95,2021-11-01 00:00:00,0,0.009000001
34.649998,-114.85,2021-11-01 00:00:00,0,0.008
34.649998,-114.75,2021-11-01 00:00:00,0,0.003
34.649998,-114.649994,2021-11-01 00:00:00,0,0.004
34.649998,-114.549995,2021-11-01 00:00:00,0,0.003
34.649998,-114.45,2021-11-01 00:00:00,0,0.003
34.649998,-114.35,2021-11-01 00:00:00,0,0.0
34.649998,-114.25,2021-11-01 00:00:00,0,0.0
34.75,-124.35,2021-11-01 00:00:00,0,0.0
34.75,-124.25,2021-11-01 00:00:00,0,0.0
34.75,-124.149994,2021-11-01 00:00:00,0,0.0
34.75,-124.049995,2021-11-01 00:00:00,0,0.0
34.75,-123.95,2021-11-01 00:00:00,0,0.0
34.75,-123.85,2021-11-01 00:00:00,0,0.0
34.75,-123.75,2021-11-01 00:00:00,0,0.0
34.75,-123.649994,2021-11-01 00:00:00,0,0.0
34.75,-123.549995,2021-11-01 00:00:00,0,0.0
34.75,-123.45,2021-11-01 00:00:00,0,0.0
34.75,-123.35,2021-11-01 00:00:00,0,0.0
34.75,-123.25,2021-11-01 00:00:00,0,0.0
34.75,-123.149994,2021-11-01 00:00:00,0,0.0
34.75,-123.049995,2021-11-01 00:00:00,0,0.0
34.75,-122.95,2021-11-01 00:00:00,0,0.0
34.75,-122.85,2021-11-01 00:00:00,0,0.0
34.75,-122.75,2021-11-01 00:00:00,0,0.0
34.75,-122.649994,2021-11-01 00:00:00,0,0.0
34.75,-122.549995,2021-11-01 00:00:00,0,0.0
34.75,-122.45,2021-11-01 00:00:00,0,0.0
34.75,-122.35,2021-11-01 00:00:00,0,0.0
34.75,-122.25,2021-11-01 00:00:00,0,0.0
34.75,-122.149994,2021-11-01 00:00:00,0,0.0
34.75,-122.049995,2021-11-01 00:00:00,0,0.0
34.75,-121.95,2021-11-01 00:00:00,0,0.0
34.75,-121.85,2021-11-01 00:00:00,0,0.0
34.75,-121.75,2021-11-01 00:00:00,0,0.0
34.75,-121.649994,2021-11-01 00:00:00,0,0.0
34.75,-121.549995,2021-11-01 00:00:00,0,0.0
34.75,-121.45,2021-11-01 00:00:00,0,0.0
34.75,-121.35,2021-11-01 00:00:00,0,0.0
34.75,-121.25,2021-11-01 00:00:00,0,0.0
34.75,-121.149994,2021-11-01 00:00:00,0,0.0
34.75,-121.049995,2021-11-01 00:00:00,0,0.0
34.75,-120.95,2021-11-01 00:00:00,0,0.0
34.75,-120.85,2021-11-01 00:00:00,0,0.0
34.75,-120.75,2021-11-01 00:00:00,0,0.0
34.75,-120.649994,2021-11-01 00:00:00,0,0.0
34.75,-120.549995,2021-11-01 00:00:00,0,0.017
34.75,-120.45,2021-11-01 00:00:00,0,0.016
34.75,-120.35,2021-11-01 00:00:00,0,0.015000001
34.75,-120.25,2021-11-01 00:00:00,0,0.015000001
34.75,-120.149994,2021-11-01 00:00:00,0,0.014
34.75,-120.049995,2021-11-01 00:00:00,0,0.014
34.75,-119.95,2021-11-01 00:00:00,0,0.015000001
34.75,-119.85,2021-11-01 00:00:00,0,0.014
34.75,-119.75,2021-11-01 00:00:00,0,0.014
34.75,-119.649994,2021-11-01 00:00:00,0,0.013
34.75,-119.549995,2021-11-01 00:00:00,0,0.012
34.75,-119.45,2021-11-01 00:00:00,0,0.013
34.75,-119.35,2021-11-01 00:00:00,0,0.013
34.75,-119.25,2021-11-01 00:00:00,0,0.014
34.75,-119.149994,2021-11-01 00:00:00,0,0.015000001
34.75,-119.049995,2021-11-01 00:00:00,0,0.016
34.75,-118.95,2021-11-01 00:00:00,0,0.017
34.75,-118.85,2021-11-01 00:00:00,0,0.018000001
34.75,-118.75,2021-11-01 00:00:00,0,0.018000001
34.75,-118.649994,2021-11-01 00:00:00,0,0.019000001
34.75,-118.549995,2021-11-01 00:00:00,0,0.024
34.75,-118.45,2021-11-01 00:00:00,0,0.026
34.75,-118.35,2021-11-01 00:00:00,0,0.037
34.75,-118.25,2021-11-01 00:00:00,0,0.022000002
34.75,-118.149994,2021-11-01 00:00:00,0,0.019000001
34.75,-118.049995,2021-11-01 00:00:00,0,0.018000001
34.75,-117.95,2021-11-01 00:00:00,0,0.017
34.75,-117.85,2021-11-01 00:00:00,0,0.017
34.75,-117.75,2021-11-01 00:00:00,0,0.020000001
34.75,-117.649994,2021-11-01 00:00:00,0,0.019000001
34.75,-117.549995,2021-11-01 00:00:00,0,0.017
34.75,-117.45,2021-11-01 00:00:00,0,0.017
34.75,-117.35,2021-11-01 00:00:00,0,0.016
34.75,-117.25,2021-11-01 00:00:00,0,0.015000001
34.75,-117.149994,2021-11-01 00:00:00,0,0.013
34.75,-117.049995,2021-11-01 00:00:00,0,0.011000001
34.75,-116.95,2021-11-01 00:00:00,0,0.010000001
34.75,-116.85,2021-11-01 00:00:00,0,0.008
34.75,-116.75,2021-11-01 00:00:00,0,0.006
34.75,-116.649994,2021-11-01 00:00:00,0,0.004
34.75,-116.549995,2021-11-01 00:00:00,0,0.003
34.75,-116.45,2021-11-01 00:00:00,0,0.002
34.75,-116.35,2021-11-01 00:00:00,0,0.002
34.75,-116.25,2021-11-01 00:00:00,0,0.002
34.75,-116.149994,2021-11-01 00:00:00,0,0.002
34.75,-116.049995,2021-11-01 00:00:00,0,0.002
34.75,-115.95,2021-11-01 00:00:00,0,0.003
34.75,-115.85,2021-11-01 00:00:00,0,0.003
34.75,-115.75,2021-11-01 00:00:00,0,0.008
34.75,-115.649994,2021-11-01 00:00:00,0,0.006
34.75,-115.549995,2021-11-01 00:00:00,0,0.003
34.75,-115.45,2021-11-01 00:00:00,0,0.003
34.75,-115.35,2021-11-01 00:00:00,0,0.003
34.75,-115.25,2021-11-01 00:00:00,0,0.003
34.75,-115.149994,2021-11-01 00:00:00,0,0.003
34.75,-115.049995,2021-11-01 00:00:00,0,0.002
34.75,-114.95,2021-11-01 00:00:00,0,0.002
34.75,-114.85,2021-11-01 00:00:00,0,0.002
34.75,-114.75,2021-11-01 00:00:00,0,0.003
34.75,-114.649994,2021-11-01 00:00:00,0,0.003
34.75,-114.549995,2021-11-01 00:00:00,0,0.003
34.75,-114.45,2021-11-01 00:00:00,0,0.0
34.75,-114.35,2021-11-01 00:00:00,0,0.0
34.75,-114.25,2021-11-01 00:00:00,0,0.0
34.85,-124.35,2021-11-01 00:00:00,0,0.0
34.85,-124.25,2021-11-01 00:00:00,0,0.0
34.85,-124.149994,2021-11-01 00:00:00,0,0.0
34.85,-124.049995,2021-11-01 00:00:00,0,0.0
34.85,-123.95,2021-11-01 00:00:00,0,0.0
34.85,-123.85,2021-11-01 00:00:00,0,0.0
34.85,-123.75,2021-11-01 00:00:00,0,0.0
34.85,-123.649994,2021-11-01 00:00:00,0,0.0
34.85,-123.549995,2021-11-01 00:00:00,0,0.0
34.85,-123.45,2021-11-01 00:00:00,0,0.0
34.85,-123.35,2021-11-01 00:00:00,0,0.0
34.85,-123.25,2021-11-01 00:00:00,0,0.0
34.85,-123.149994,2021-11-01 00:00:00,0,0.0
34.85,-123.049995,2021-11-01 00:00:00,0,0.0
34.85,-122.95,2021-11-01 00:00:00,0,0.0
34.85,-122.85,2021-11-01 00:00:00,0,0.0
34.85,-122.75,2021-11-01 00:00:00,0,0.0
34.85,-122.649994,2021-11-01 00:00:00,0,0.0
34.85,-122.549995,2021-11-01 00:00:00,0,0.0
34.85,-122.45,2021-11-01 00:00:00,0,0.0
34.85,-122.35,2021-11-01 00:00:00,0,0.0
34.85,-122.25,2021-11-01 00:00:00,0,0.0
34.85,-122.149994,2021-11-01 00:00:00,0,0.0
34.85,-122.049995,2021-11-01 00:00:00,0,0.0
34.85,-121.95,2021-11-01 00:00:00,0,0.0
34.85,-121.85,2021-11-01 00:00:00,0,0.0
34.85,-121.75,2021-11-01 00:00:00,0,0.0
34.85,-121.649994,2021-11-01 00:00:00,0,0.0
34.85,-121.549995,2021-11-01 00:00:00,0,0.0
34.85,-121.45,2021-11-01 00:00:00,0,0.0
34.85,-121.35,2021-11-01 00:00:00,0,0.0
34.85,-121.25,2021-11-01 00:00:00,0,0.0
34.85,-121.149994,2021-11-01 00:00:00,0,0.0
34.85,-121.049995,2021-11-01 00:00:00,0,0.0
34.85,-120.95,2021-11-01 00:00:00,0,0.0
34.85,-120.85,2021-11-01 00:00:00,0,0.0
34.85,-120.75,2021-11-01 00:00:00,0,0.0
34.85,-120.649994,2021-11-01 00:00:00,0,0.0
34.85,-120.549995,2021-11-01 00:00:00,0,0.018000001
34.85,-120.45,2021-11-01 00:00:00,0,0.017
34.85,-120.35,2021-11-01 00:00:00,0,0.016
34.85,-120.25,2021-11-01 00:00:00,0,0.016
34.85,-120.149994,2021-11-01 00:00:00,0,0.015000001
34.85,-120.049995,2021-11-01 00:00:00,0,0.014
34.85,-119.95,2021-11-01 00:00:00,0,0.014
34.85,-119.85,2021-11-01 00:00:00,0,0.014
34.85,-119.75,2021-11-01 00:00:00,0,0.013
34.85,-119.649994,2021-11-01 00:00:00,0,0.012
34.85,-119.549995,2021-11-01 00:00:00,0,0.011000001
34.85,-119.45,2021-11-01 00:00:00,0,0.011000001
34.85,-119.35,2021-11-01 00:00:00,0,0.012
34.85,-119.25,2021-11-01 00:00:00,0,0.013
34.85,-119.149994,2021-11-01 00:00:00,0,0.014
34.85,-119.049995,2021-11-01 00:00:00,0,0.015000001
34.85,-118.95,2021-11-01 00:00:00,0,0.016
34.85,-118.85,2021-11-01 00:00:00,0,0.017
34.85,-118.75,2021-11-01 00:00:00,0,0.018000001
34.85,-118.649994,2021-11-01 00:00:00,0,0.020000001
34.85,-118.549995,2021-11-01 00:00:00,0,0.020000001
34.85,-118.45,2021-11-01 00:00:00,0,0.021000002
34.85,-118.35,2021-11-01 00:00:00,0,0.019000001
34.85,-118.25,2021-11-01 00:00:00,0,0.020000001
34.85,-118.149994,2021-11-01 00:00:00,0,0.024
34.85,-118.049995,2021-11-01 00:00:00,0,0.024
34.85,-117.95,2021-11-01 00:00:00,0,0.017
34.85,-117.85,2021-11-01 00:00:00,0,0.018000001
34.85,-117.75,2021-11-01 00:00:00,0,0.015000001
34.85,-117.649994,2021-11-01 00:00:00,0,0.017
34.85,-117.549995,2021-11-01 00:00:00,0,0.014
34.85,-117.45,2021-11-01 00:00:00,0,0.016
34.85,-117.35,2021-11-01 00:00:00,0,0.015000001
34.85,-117.25,2021-11-01 00:00:00,0,0.013
34.85,-117.149994,2021-11-01 00:00:00,0,0.011000001
34.85,-117.049995,2021-11-01 00:00:00,0,0.009000001
34.85,-116.95,2021-11-01 00:00:00,0,0.008
34.85,-116.85,2021-11-01 00:00:00,0,0.006
34.85,-116.75,2021-11-01 00:00:00,0,0.0050000004
34.85,-116.649994,2021-11-01 00:00:00,0,0.004
34.85,-116.549995,2021-11-01 00:00:00,0,0.003
34.85,-116.45,2021-11-01 00:00:00,0,0.002
34.85,-116.35,2021-11-01 00:00:00,0,0.003
34.85,-116.25,2021-11-01 00:00:00,0,0.003
34.85,-116.149994,2021-11-01 00:00:00,0,0.004
34.85,-116.049995,2021-11-01 00:00:00,0,0.004
34.85,-115.95,2021-11-01 00:00:00,0,0.0050000004
34.85,-115.85,2021-11-01 00:00:00,0,0.004
34.85,-115.75,2021-11-01 00:00:00,0,0.004
34.85,-115.649994,2021-11-01 00:00:00,0,0.004
34.85,-115.549995,2021-11-01 00:00:00,0,0.004
34.85,-115.45,2021-11-01 00:00:00,0,0.004
34.85,-115.35,2021-11-01 00:00:00,0,0.004
34.85,-115.25,2021-11-01 00:00:00,0,0.004
34.85,-115.149994,2021-11-01 00:00:00,0,0.002
34.85,-115.049995,2021-11-01 00:00:00,0,0.003
34.85,-114.95,2021-11-01 00:00:00,0,0.002
34.85,-114.85,2021-11-01 00:00:00,0,0.002
34.85,-114.75,2021-11-01 00:00:00,0,0.002
34.85,-114.649994,2021-11-01 00:00:00,0,0.003
34.85,-114.549995,2021-11-01 00:00:00,0,0.0
34.85,-114.45,2021-11-01 00:00:00,0,0.0
34.85,-114.35,2021-11-01 00:00:00,0,0.0
34.85,-114.25,2021-11-01 00:00:00,0,0.0
34.95,-124.35,2021-11-01 00:00:00,0,0.0
34.95,-124.25,2021-11-01 00:00:00,0,0.0
34.95,-124.149994,2021-11-01 00:00:00,0,0.0
34.95,-124.049995,2021-11-01 00:00:00,0,0.0
34.95,-123.95,2021-11-01 00:00:00,0,0.0
34.95,-123.85,2021-11-01 00:00:00,0,0.0
34.95,-123.75,2021-11-01 00:00:00,0,0.0
34.95,-123.649994,2021-11-01 00:00:00,0,0.0
34.95,-123.549995,2021-11-01 00:00:00,0,0.0
34.95,-123.45,2021-11-01 00:00:00,0,0.0
34.95,-123.35,2021-11-01 00:00:00,0,0.0
34.95,-123.25,2021-11-01 00:00:00,0,0.0
34.95,-123.149994,2021-11-01 00:00:00,0,0.0
34.95,-123.049995,2021-11-01 00:00:00,0,0.0
34.95,-122.95,2021-11-01 00:00:00,0,0.0
34.95,-122.85,2021-11-01 00:00:00,0,0.0
34.95,-122.75,2021-11-01 00:00:00,0,0.0
34.95,-122.649994,2021-11-01 00:00:00,0,0.0
34.95,-122.549995,2021-11-01 00:00:00,0,0.0
34.95,-122.45,2021-11-01 00:00:00,0,0.0
34.95,-122.35,2021-11-01 00:00:00,0,0.0
34.95,-122.25,2021-11-01 00:00:00,0,0.0
34.95,-122.149994,2021-11-01 00:00:00,0,0.0
34.95,-122.049995,2021-11-01 00:00:00,0,0.0
34.95,-121.95,2021-11-01 00:00:00,0,0.0
34.95,-121.85,2021-11-01 00:00:00,0,0.0
34.95,-121.75,2021-11-01 00:00:00,0,0.0
34.95,-121.649994,2021-11-01 00:00:00,0,0.0
34.95,-121.549995,2021-11-01 00:00:00,0,0.0
34.95,-121.45,2021-11-01 00:00:00,0,0.0
34.95,-121.35,2021-11-01 00:00:00,0,0.0
34.95,-121.25,2021-11-01 00:00:00,0,0.0
34.95,-121.149994,2021-11-01 00:00:00,0,0.0
34.95,-121.049995,2021-11-01 00:00:00,0,0.0
34.95,-120.95,2021-11-01 00:00:00,0,0.0
34.95,-120.85,2021-11-01 00:00:00,0,0.0
34.95,-120.75,2021-11-01 00:00:00,0,0.0
34.95,-120.649994,2021-11-01 00:00:00,0,0.022000002
34.95,-120.549995,2021-11-01 00:00:00,0,0.020000001
34.95,-120.45,2021-11-01 00:00:00,0,0.018000001
34.95,-120.35,2021-11-01 00:00:00,0,0.017
34.95,-120.25,2021-11-01 00:00:00,0,0.017
34.95,-120.149994,2021-11-01 00:00:00,0,0.015000001
34.95,-120.049995,2021-11-01 00:00:00,0,0.014
34.95,-119.95,2021-11-01 00:00:00,0,0.014
34.95,-119.85,2021-11-01 00:00:00,0,0.013
34.95,-119.75,2021-11-01 00:00:00,0,0.012
34.95,-119.649994,2021-11-01 00:00:00,0,0.011000001
34.95,-119.549995,2021-11-01 00:00:00,0,0.010000001
34.95,-119.45,2021-11-01 00:00:00,0,0.010000001
34.95,-119.35,2021-11-01 00:00:00,0,0.011000001
34.95,-119.25,2021-11-01 00:00:00,0,0.012
34.95,-119.149994,2021-11-01 00:00:00,0,0.013
34.95,-119.049995,2021-11-01 00:00:00,0,0.014
34.95,-118.95,2021-11-01 00:00:00,0,0.015000001
34.95,-118.85,2021-11-01 00:00:00,0,0.016
34.95,-118.75,2021-11-01 00:00:00,0,0.017
34.95,-118.649994,2021-11-01 00:00:00,0,0.018000001
34.95,-118.549995,2021-11-01 00:00:00,0,0.020000001
34.95,-118.45,2021-11-01 00:00:00,0,0.020000001
34.95,-118.35,2021-11-01 00:00:00,0,0.019000001
34.95,-118.25,2021-11-01 00:00:00,0,0.018000001
34.95,-118.149994,2021-11-01 00:00:00,0,0.018000001
34.95,-118.049995,2021-11-01 00:00:00,0,0.024
34.95,-117.95,2021-11-01 00:00:00,0,0.016
34.95,-117.85,2021-11-01 00:00:00,0,0.015000001
34.95,-117.75,2021-11-01 00:00:00,0,0.014
34.95,-117.649994,2021-11-01 00:00:00,0,0.014
34.95,-117.549995,2021-11-01 00:00:00,0,0.013
34.95,-117.45,2021-11-01 00:00:00,0,0.012
34.95,-117.35,2021-11-01 00:00:00,0,0.013
34.95,-117.25,2021-11-01 00:00:00,0,0.011000001
34.95,-117.149994,2021-11-01 00:00:00,0,0.010000001
34.95,-117.049995,2021-11-01 00:00:00,0,0.008
34.95,-116.95,2021-11-01 00:00:00,0,0.008
34.95,-116.85,2021-11-01 00:00:00,0,0.007
34.95,-116.75,2021-11-01 00:00:00,0,0.006
34.95,-116.649994,2021-11-01 00:00:00,0,0.006
34.95,-116.549995,2021-11-01 00:00:00,0,0.004
34.95,-116.45,2021-11-01 00:00:00,0,0.0050000004
34.95,-116.35,2021-11-01 00:00:00,0,0.0050000004
34.95,-116.25,2021-11-01 00:00:00,0,0.0050000004
34.95,-116.149994,2021-11-01 00:00:00,0,0.004
34.95,-116.049995,2021-11-01 00:00:00,0,0.004
34.95,-115.95,2021-11-01 00:00:00,0,0.004
34.95,-115.85,2021-11-01 00:00:00,0,0.003
34.95,-115.75,2021-11-01 00:00:00,0,0.003
34.95,-115.649994,2021-11-01 00:00:00,0,0.004
34.95,-115.549995,2021-11-01 00:00:00,0,0.004
34.95,-115.45,2021-11-01 00:00:00,0,0.004
34.95,-115.35,2021-11-01 00:00:00,0,0.007
34.95,-115.25,2021-11-01 00:00:00,0,0.007
34.95,-115.149994,2021-11-01 00:00:00,0,0.006
34.95,-115.049995,2021-11-01 00:00:00,0,0.0050000004
34.95,-114.95,2021-11-01 00:00:00,0,0.004
34.95,-114.85,2021-11-01 00:00:00,0,0.0050000004
34.95,-114.75,2021-11-01 00:00:00,0,0.002
34.95,-114.649994,2021-11-01 00:00:00,0,0.001
34.95,-114.549995,2021-11-01 00:00:00,0,0.0
34.95,-114.45,2021-11-01 00:00:00,0,0.0
34.95,-114.35,2021-11-01 00:00:00,0,0.0
34.95,-114.25,2021-11-01 00:00:00,0,0.0
35.05,-124.35,2021-11-01 00:00:00,0,0.0
35.05,-124.25,2021-11-01 00:00:00,0,0.0
35.05,-124.149994,2021-11-01 00:00:00,0,0.0
35.05,-124.049995,2021-11-01 00:00:00,0,0.0
35.05,-123.95,2021-11-01 00:00:00,0,0.0
35.05,-123.85,2021-11-01 00:00:00,0,0.0
35.05,-123.75,2021-11-01 00:00:00,0,0.0
35.05,-123.649994,2021-11-01 00:00:00,0,0.0
35.05,-123.549995,2021-11-01 00:00:00,0,0.0
35.05,-123.45,2021-11-01 00:00:00,0,0.0
35.05,-123.35,2021-11-01 00:00:00,0,0.0
35.05,-123.25,2021-11-01 00:00:00,0,0.0
35.05,-123.149994,2021-11-01 00:00:00,0,0.0
35.05,-123.049995,2021-11-01 00:00:00,0,0.0
35.05,-122.95,2021-11-01 00:00:00,0,0.0
35.05,-122.85,2021-11-01 00:00:00,0,0.0
35.05,-122.75,2021-11-01 00:00:00,0,0.0
35.05,-122.649994,2021-11-01 00:00:00,0,0.0
35.05,-122.549995,2021-11-01 00:00:00,0,0.0
35.05,-122.45,2021-11-01 00:00:00,0,0.0
35.05,-122.35,2021-11-01 00:00:00,0,0.0
35.05,-122.25,2021-11-01 00:00:00,0,0.0
35.05,-122.149994,2021-11-01 00:00:00,0,0.0
35.05,-122.049995,2021-11-01 00:00:00,0,0.0
35.05,-121.95,2021-11-01 00:00:00,0,0.0
35.05,-121.85,2021-11-01 00:00:00,0,0.0
35.05,-121.75,2021-11-01 00:00:00,0,0.0
35.05,-121.649994,2021-11-01 00:00:00,0,0.0
35.05,-121.549995,2021-11-01 00:00:00,0,0.0
35.05,-121.45,2021-11-01 00:00:00,0,0.0
35.05,-121.35,2021-11-01 00:00:00,0,0.0
35.05,-121.25,2021-11-01 00:00:00,0,0.0
35.05,-121.149994,2021-11-01 00:00:00,0,0.0
35.05,-121.049995,2021-11-01 00:00:00,0,0.0
35.05,-120.95,2021-11-01 00:00:00,0,0.0
35.05,-120.85,2021-11-01 00:00:00,0,0.0
35.05,-120.75,2021-11-01 00:00:00,0,0.0
35.05,-120.649994,2021-11-01 00:00:00,0,0.0
35.05,-120.549995,2021-11-01 00:00:00,0,0.022000002
35.05,-120.45,2021-11-01 00:00:00,0,0.020000001
35.05,-120.35,2021-11-01 00:00:00,0,0.019000001
35.05,-120.25,2021-11-01 00:00:00,0,0.018000001
35.05,-120.149994,2021-11-01 00:00:00,0,0.017
35.05,-120.049995,2021-11-01 00:00:00,0,0.016
35.05,-119.95,2021-11-01 00:00:00,0,0.014
35.05,-119.85,2021-11-01 00:00:00,0,0.013
35.05,-119.75,2021-11-01 00:00:00,0,0.012
35.05,-119.649994,2021-11-01 00:00:00,0,0.011000001
35.05,-119.549995,2021-11-01 00:00:00,0,0.009000001
35.05,-119.45,2021-11-01 00:00:00,0,0.010000001
35.05,-119.35,2021-11-01 00:00:00,0,0.011000001
35.05,-119.25,2021-11-01 00:00:00,0,0.011000001
35.05,-119.149994,2021-11-01 00:00:00,0,0.012
35.05,-119.049995,2021-11-01 00:00:00,0,0.013
35.05,-118.95,2021-11-01 00:00:00,0,0.014
35.05,-118.85,2021-11-01 00:00:00,0,0.016
35.05,-118.75,2021-11-01 00:00:00,0,0.016
35.05,-118.649994,2021-11-01 00:00:00,0,0.017
35.05,-118.549995,2021-11-01 00:00:00,0,0.019000001
35.05,-118.45,2021-11-01 00:00:00,0,0.019000001
35.05,-118.35,2021-11-01 00:00:00,0,0.019000001
35.05,-118.25,2021-11-01 00:00:00,0,0.018000001
35.05,-118.149994,2021-11-01 00:00:00,0,0.017
35.05,-118.049995,2021-11-01 00:00:00,0,0.016
35.05,-117.95,2021-11-01 00:00:00,0,0.014
35.05,-117.85,2021-11-01 00:00:00,0,0.013
35.05,-117.75,2021-11-01 00:00:00,0,0.014
35.05,-117.649994,2021-11-01 00:00:00,0,0.013
35.05,-117.549995,2021-11-01 00:00:00,0,0.014
35.05,-117.45,2021-11-01 00:00:00,0,0.012
35.05,-117.35,2021-11-01 00:00:00,0,0.011000001
35.05,-117.25,2021-11-01 00:00:00,0,0.010000001
35.05,-117.149994,2021-11-01 00:00:00,0,0.010000001
35.05,-117.049995,2021-11-01 00:00:00,0,0.009000001
35.05,-116.95,2021-11-01 00:00:00,0,0.009000001
35.05,-116.85,2021-11-01 00:00:00,0,0.007
35.05,-116.75,2021-11-01 00:00:00,0,0.007
35.05,-116.649994,2021-11-01 00:00:00,0,0.0050000004
35.05,-116.549995,2021-11-01 00:00:00,0,0.004
35.05,-116.45,2021-11-01 00:00:00,0,0.0050000004
35.05,-116.35,2021-11-01 00:00:00,0,0.004
35.05,-116.25,2021-11-01 00:00:00,0,0.004
35.05,-116.149994,2021-11-01 00:00:00,0,0.004
35.05,-116.049995,2021-11-01 00:00:00,0,0.003
35.05,-115.95,2021-11-01 00:00:00,0,0.004
35.05,-115.85,2021-11-01 00:00:00,0,0.004
35.05,-115.75,2021-11-01 00:00:00,0,0.004
35.05,-115.649994,2021-11-01 00:00:00,0,0.006
35.05,-115.549995,2021-11-01 00:00:00,0,0.007
35.05,-115.45,2021-11-01 00:00:00,0,0.007
35.05,-115.35,2021-11-01 00:00:00,0,0.006
35.05,-115.25,2021-11-01 00:00:00,0,0.0050000004
35.05,-115.149994,2021-11-01 00:00:00,0,0.004
35.05,-115.049995,2021-11-01 00:00:00,0,0.003
35.05,-114.95,2021-11-01 00:00:00,0,0.003
35.05,-114.85,2021-11-01 00:00:00,0,0.0050000004
35.05,-114.75,2021-11-01 00:00:00,0,0.004
35.05,-114.649994,2021-11-01 00:00:00,0,0.0
35.05,-114.549995,2021-11-01 00:00:00,0,0.0
35.05,-114.45,2021-11-01 00:00:00,0,0.0
35.05,-114.35,2021-11-01 00:00:00,0,0.0
35.05,-114.25,2021-11-01 00:00:00,0,0.0
35.149998,-124.35,2021-11-01 00:00:00,0,0.0
35.149998,-124.25,2021-11-01 00:00:00,0,0.0
35.149998,-124.149994,2021-11-01 00:00:00,0,0.0
35.149998,-124.049995,2021-11-01 00:00:00,0,0.0
35.149998,-123.95,2021-11-01 00:00:00,0,0.0
35.149998,-123.85,2021-11-01 00:00:00,0,0.0
35.149998,-123.75,2021-11-01 00:00:00,0,0.0
35.149998,-123.649994,2021-11-01 00:00:00,0,0.0
35.149998,-123.549995,2021-11-01 00:00:00,0,0.0
35.149998,-123.45,2021-11-01 00:00:00,0,0.0
35.149998,-123.35,2021-11-01 00:00:00,0,0.0
35.149998,-123.25,2021-11-01 00:00:00,0,0.0
35.149998,-123.149994,2021-11-01 00:00:00,0,0.0
35.149998,-123.049995,2021-11-01 00:00:00,0,0.0
35.149998,-122.95,2021-11-01 00:00:00,0,0.0
35.149998,-122.85,2021-11-01 00:00:00,0,0.0
35.149998,-122.75,2021-11-01 00:00:00,0,0.0
35.149998,-122.649994,2021-11-01 00:00:00,0,0.0
35.149998,-122.549995,2021-11-01 00:00:00,0,0.0
35.149998,-122.45,2021-11-01 00:00:00,0,0.0
35.149998,-122.35,2021-11-01 00:00:00,0,0.0
35.149998,-122.25,2021-11-01 00:00:00,0,0.0
35.149998,-122.149994,2021-11-01 00:00:00,0,0.0
35.149998,-122.049995,2021-11-01 00:00:00,0,0.0
35.149998,-121.95,2021-11-01 00:00:00,0,0.0
35.149998,-121.85,2021-11-01 00:00:00,0,0.0
35.149998,-121.75,2021-11-01 00:00:00,0,0.0
35.149998,-121.649994,2021-11-01 00:00:00,0,0.0
35.149998,-121.549995,2021-11-01 00:00:00,0,0.0
35.149998,-121.45,2021-11-01 00:00:00,0,0.0
35.149998,-121.35,2021-11-01 00:00:00,0,0.0
35.149998,-121.25,2021-11-01 00:00:00,0,0.0
35.149998,-121.149994,2021-11-01 00:00:00,0,0.0
35.149998,-121.049995,2021-11-01 00:00:00,0,0.0
35.149998,-120.95,2021-11-01 00:00:00,0,0.0
35.149998,-120.85,2021-11-01 00:00:00,0,0.0
35.149998,-120.75,2021-11-01 00:00:00,0,0.0
35.149998,-120.649994,2021-11-01 00:00:00,0,0.027
35.149998,-120.549995,2021-11-01 00:00:00,0,0.024
35.149998,-120.45,2021-11-01 00:00:00,0,0.022000002
35.149998,-120.35,2021-11-01 00:00:00,0,0.022000002
35.149998,-120.25,2021-11-01 00:00:00,0,0.020000001
35.149998,-120.149994,2021-11-01 00:00:00,0,0.018000001
35.149998,-120.049995,2021-11-01 00:00:00,0,0.017
35.149998,-119.95,2021-11-01 00:00:00,0,0.014
35.149998,-119.85,2021-11-01 00:00:00,0,0.013
35.149998,-119.75,2021-11-01 00:00:00,0,0.011000001
35.149998,-119.649994,2021-11-01 00:00:00,0,0.010000001
35.149998,-119.549995,2021-11-01 00:00:00,0,0.008
35.149998,-119.45,2021-11-01 00:00:00,0,0.008
35.149998,-119.35,2021-11-01 00:00:00,0,0.010000001
35.149998,-119.25,2021-11-01 00:00:00,0,0.011000001
35.149998,-119.149994,2021-11-01 00:00:00,0,0.011000001
35.149998,-119.049995,2021-11-01 00:00:00,0,0.013
35.149998,-118.95,2021-11-01 00:00:00,0,0.014
35.149998,-118.85,2021-11-01 00:00:00,0,0.015000001
35.149998,-118.75,2021-11-01 00:00:00,0,0.016
35.149998,-118.649994,2021-11-01 00:00:00,0,0.017
35.149998,-118.549995,2021-11-01 00:00:00,0,0.018000001
35.149998,-118.45,2021-11-01 00:00:00,0,0.019000001
35.149998,-118.35,2021-11-01 00:00:00,0,0.018000001
35.149998,-118.25,2021-11-01 00:00:00,0,0.017
35.149998,-118.149994,2021-11-01 00:00:00,0,0.018000001
35.149998,-118.049995,2021-11-01 00:00:00,0,0.017
35.149998,-117.95,2021-11-01 00:00:00,0,0.015000001
35.149998,-117.85,2021-11-01 00:00:00,0,0.016
35.149998,-117.75,2021-11-01 00:00:00,0,0.016
35.149998,-117.649994,2021-11-01 00:00:00,0,0.015000001
35.149998,-117.549995,2021-11-01 00:00:00,0,0.011000001
35.149998,-117.45,2021-11-01 00:00:00,0,0.012
35.149998,-117.35,2021-11-01 00:00:00,0,0.014
35.149998,-117.25,2021-11-01 00:00:00,0,0.010000001
35.149998,-117.149994,2021-11-01 00:00:00,0,0.010000001
35.149998,-117.049995,2021-11-01 00:00:00,0,0.013
35.149998,-116.95,2021-11-01 00:00:00,0,0.015000001
35.149998,-116.85,2021-11-01 00:00:00,0,0.020000001
35.149998,-116.75,2021-11-01 00:00:00,0,0.010000001
35.149998,-116.649994,2021-11-01 00:00:00,0,0.008
35.149998,-116.549995,2021-11-01 00:00:00,0,0.007
35.149998,-116.45,2021-11-01 00:00:00,0,0.006
35.149998,-116.35,2021-11-01 00:00:00,0,0.0050000004
35.149998,-116.25,2021-11-01 00:00:00,0,0.0050000004
35.149998,-116.149994,2021-11-01 00:00:00,0,0.006
35.149998,-116.049995,2021-11-01 00:00:00,0,0.004
35.149998,-115.95,2021-11-01 00:00:00,0,0.0050000004
35.149998,-115.85,2021-11-01 00:00:00,0,0.006
35.149998,-115.75,2021-11-01 00:00:00,0,0.006
35.149998,-115.649994,2021-11-01 00:00:00,0,0.009000001
35.149998,-115.549995,2021-11-01 00:00:00,0,0.008
35.149998,-115.45,2021-11-01 00:00:00,0,0.008
35.149998,-115.35,2021-11-01 00:00:00,0,0.006
35.149998,-115.25,2021-11-01 00:00:00,0,0.006
35.149998,-115.149994,2021-11-01 00:00:00,0,0.0050000004
35.149998,-115.049995,2021-11-01 00:00:00,0,0.004
35.149998,-114.95,2021-11-01 00:00:00,0,0.003
35.149998,-114.85,2021-11-01 00:00:00,0,0.003
35.149998,-114.75,2021-11-01 00:00:00,0,0.0
35.149998,-114.649994,2021-11-01 00:00:00,0,0.0
35.149998,-114.549995,2021-11-01 00:00:00,0,0.0
35.149998,-114.45,2021-11-01 00:00:00,0,0.0
35.149998,-114.35,2021-11-01 00:00:00,0,0.0
35.149998,-114.25,2021-11-01 00:00:00,0,0.0
35.25,-124.35,2021-11-01 00:00:00,0,0.0
35.25,-124.25,2021-11-01 00:00:00,0,0.0
35.25,-124.149994,2021-11-01 00:00:00,0,0.0
35.25,-124.049995,2021-11-01 00:00:00,0,0.0
35.25,-123.95,2021-11-01 00:00:00,0,0.0
35.25,-123.85,2021-11-01 00:00:00,0,0.0
35.25,-123.75,2021-11-01 00:00:00,0,0.0
35.25,-123.649994,2021-11-01 00:00:00,0,0.0
35.25,-123.549995,2021-11-01 00:00:00,0,0.0
35.25,-123.45,2021-11-01 00:00:00,0,0.0
35.25,-123.35,2021-11-01 00:00:00,0,0.0
35.25,-123.25,2021-11-01 00:00:00,0,0.0
35.25,-123.149994,2021-11-01 00:00:00,0,0.0
35.25,-123.049995,2021-11-01 00:00:00,0,0.0
35.25,-122.95,2021-11-01 00:00:00,0,0.0
35.25,-122.85,2021-11-01 00:00:00,0,0.0
35.25,-122.75,2021-11-01 00:00:00,0,0.0
35.25,-122.649994,2021-11-01 00:00:00,0,0.0
35.25,-122.549995,2021-11-01 00:00:00,0,0.0
35.25,-122.45,2021-11-01 00:00:00,0,0.0
35.25,-122.35,2021-11-01 00:00:00,0,0.0
35.25,-122.25,2021-11-01 00:00:00,0,0.0
35.25,-122.149994,2021-11-01 00:00:00,0,0.0
35.25,-122.049995,2021-11-01 00:00:00,0,0.0
35.25,-121.95,2021-11-01 00:00:00,0,0.0
35.25,-121.85,2021-11-01 00:00:00,0,0.0
35.25,-121.75,2021-11-01 00:00:00,0,0.0
35.25,-121.649994,2021-11-01 00:00:00,0,0.0
35.25,-121.549995,2021-11-01 00:00:00,0,0.0
35.25,-121.45,2021-11-01 00:00:00,0,0.0
35.25,-121.35,2021-11-01 00:00:00,0,0.0
35.25,-121.25,2021-11-01 00:00:00,0,0.0
35.25,-121.149994,2021-11-01 00:00:00,0,0.0
35.25,-121.049995,2021-11-01 00:00:00,0,0.0
35.25,-120.95,2021-11-01 00:00:00,0,0.0
35.25,-120.85,2021-11-01 00:00:00,0,0.032
35.25,-120.75,2021-11-01 00:00:00,0,0.030000001
35.25,-120.649994,2021-11-01 00:00:00,0,0.028
35.25,-120.549995,2021-11-01 00:00:00,0,0.025
35.25,-120.45,2021-11-01 00:00:00,0,0.023000002
35.25,-120.35,2021-11-01 00:00:00,0,0.023000002
35.25,-120.25,2021-11-01 00:00:00,0,0.020000001
35.25,-120.149994,2021-11-01 00:00:00,0,0.020000001
35.25,-120.049995,2021-11-01 00:00:00,0,0.018000001
35.25,-119.95,2021-11-01 00:00:00,0,0.015000001
35.25,-119.85,2021-11-01 00:00:00,0,0.013
35.25,-119.75,2021-11-01 00:00:00,0,0.011000001
35.25,-119.649994,2021-11-01 00:00:00,0,0.009000001
35.25,-119.549995,2021-11-01 00:00:00,0,0.007
35.25,-119.45,2021-11-01 00:00:00,0,0.008
35.25,-119.35,2021-11-01 00:00:00,0,0.008
35.25,-119.25,2021-11-01 00:00:00,0,0.009000001
35.25,-119.149994,2021-11-01 00:00:00,0,0.011000001
35.25,-119.049995,2021-11-01 00:00:00,0,0.012
35.25,-118.95,2021-11-01 00:00:00,0,0.013
35.25,-118.85,2021-11-01 00:00:00,0,0.014
35.25,-118.75,2021-11-01 00:00:00,0,0.016
35.25,-118.649994,2021-11-01 00:00:00,0,0.017
35.25,-118.549995,2021-11-01 00:00:00,0,0.019000001
35.25,-118.45,2021-11-01 00:00:00,0,0.019000001
35.25,-118.35,2021-11-01 00:00:00,0,0.018000001
35.25,-118.25,2021-11-01 00:00:00,0,0.017
35.25,-118.149994,2021-11-01 00:00:00,0,0.017
35.25,-118.049995,2021-11-01 00:00:00,0,0.016
35.25,-117.95,2021-11-01 00:00:00,0,0.014
35.25,-117.85,2021-11-01 00:00:00,0,0.016
35.25,-117.75,2021-11-01 00:00:00,0,0.023000002
35.25,-117.649994,2021-11-01 00:00:00,0,0.019000001
35.25,-117.549995,2021-11-01 00:00:00,0,0.019000001
35.25,-117.45,2021-11-01 00:00:00,0,0.014
35.25,-117.35,2021-11-01 00:00:00,0,0.010000001
35.25,-117.25,2021-11-01 00:00:00,0,0.012
35.25,-117.149994,2021-11-01 00:00:00,0,0.009000001
35.25,-117.049995,2021-11-01 00:00:00,0,0.008
35.25,-116.95,2021-11-01 00:00:00,0,0.007
35.25,-116.85,2021-11-01 00:00:00,0,0.010000001
35.25,-116.75,2021-11-01 00:00:00,0,0.009000001
35.25,-116.649994,2021-11-01 00:00:00,0,0.0050000004
35.25,-116.549995,2021-11-01 00:00:00,0,0.0050000004
35.25,-116.45,2021-11-01 00:00:00,0,0.004
35.25,-116.35,2021-11-01 00:00:00,0,0.0050000004
35.25,-116.25,2021-11-01 00:00:00,0,0.007
35.25,-116.149994,2021-11-01 00:00:00,0,0.007
35.25,-116.049995,2021-11-01 00:00:00,0,0.008
35.25,-115.95,2021-11-01 00:00:00,0,0.011000001
35.25,-115.85,2021-11-01 00:00:00,0,0.013
35.25,-115.75,2021-11-01 00:00:00,0,0.010000001
35.25,-115.649994,2021-11-01 00:00:00,0,0.019000001
35.25,-115.549995,2021-11-01 00:00:00,0,0.021000002
35.25,-115.45,2021-11-01 00:00:00,0,0.009000001
35.25,-115.35,2021-11-01 00:00:00,0,0.007
35.25,-115.25,2021-11-01 00:00:00,0,0.0050000004
35.25,-115.149994,2021-11-01 00:00:00,0,0.0050000004
35.25,-115.049995,2021-11-01 00:00:00,0,0.004
35.25,-114.95,2021-11-01 00:00:00,0,0.003
35.25,-114.85,2021-11-01 00:00:00,0,0.0
35.25,-114.75,2021-11-01 00:00:00,0,0.0
35.25,-114.649994,2021-11-01 00:00:00,0,0.0
35.25,-114.549995,2021-11-01 00:00:00,0,0.0
35.25,-114.45,2021-11-01 00:00:00,0,0.0
35.25,-114.35,2021-11-01 00:00:00,0,0.0
35.25,-114.25,2021-11-01 00:00:00,0,0.0
35.35,-124.35,2021-11-01 00:00:00,0,0.0
35.35,-124.25,2021-11-01 00:00:00,0,0.0
35.35,-124.149994,2021-11-01 00:00:00,0,0.0
35.35,-124.049995,2021-11-01 00:00:00,0,0.0
35.35,-123.95,2021-11-01 00:00:00,0,0.0
35.35,-123.85,2021-11-01 00:00:00,0,0.0
35.35,-123.75,2021-11-01 00:00:00,0,0.0
35.35,-123.649994,2021-11-01 00:00:00,0,0.0
35.35,-123.549995,2021-11-01 00:00:00,0,0.0
35.35,-123.45,2021-11-01 00:00:00,0,0.0
35.35,-123.35,2021-11-01 00:00:00,0,0.0
35.35,-123.25,2021-11-01 00:00:00,0,0.0
35.35,-123.149994,2021-11-01 00:00:00,0,0.0
35.35,-123.049995,2021-11-01 00:00:00,0,0.0
35.35,-122.95,2021-11-01 00:00:00,0,0.0
35.35,-122.85,2021-11-01 00:00:00,0,0.0
35.35,-122.75,2021-11-01 00:00:00,0,0.0
35.35,-122.649994,2021-11-01 00:00:00,0,0.0
35.35,-122.549995,2021-11-01 00:00:00,0,0.0
35.35,-122.45,2021-11-01 00:00:00,0,0.0
35.35,-122.35,2021-11-01 00:00:00,0,0.0
35.35,-122.25,2021-11-01 00:00:00,0,0.0
35.35,-122.149994,2021-11-01 00:00:00,0,0.0
35.35,-122.049995,2021-11-01 00:00:00,0,0.0
35.35,-121.95,2021-11-01 00:00:00,0,0.0
35.35,-121.85,2021-11-01 00:00:00,0,0.0
35.35,-121.75,2021-11-01 00:00:00,0,0.0
35.35,-121.649994,2021-11-01 00:00:00,0,0.0
35.35,-121.549995,2021-11-01 00:00:00,0,0.0
35.35,-121.45,2021-11-01 00:00:00,0,0.0
35.35,-121.35,2021-11-01 00:00:00,0,0.0
35.35,-121.25,2021-11-01 00:00:00,0,0.0
35.35,-121.149994,2021-11-01 00:00:00,0,0.0
35.35,-121.049995,2021-11-01 00:00:00,0,0.0
35.35,-120.95,2021-11-01 00:00:00,0,0.0
35.35,-120.85,2021-11-01 00:00:00,0,0.033
35.35,-120.75,2021-11-01 00:00:00,0,0.031000001
35.35,-120.649994,2021-11-01 00:00:00,0,0.029000001
35.35,-120.549995,2021-11-01 00:00:00,0,0.026
35.35,-120.45,2021-11-01 00:00:00,0,0.024
35.35,-120.35,2021-11-01 00:00:00,0,0.022000002
35.35,-120.25,2021-11-01 00:00:00,0,0.021000002
35.35,-120.149994,2021-11-01 00:00:00,0,0.020000001
35.35,-120.049995,2021-11-01 00:00:00,0,0.017
35.35,-119.95,2021-11-01 00:00:00,0,0.014
35.35,-119.85,2021-11-01 00:00:00,0,0.012
35.35,-119.75,2021-11-01 00:00:00,0,0.010000001
35.35,-119.649994,2021-11-01 00:00:00,0,0.008
35.35,-119.549995,2021-11-01 00:00:00,0,0.006
35.35,-119.45,2021-11-01 00:00:00,0,0.0050000004
35.35,-119.35,2021-11-01 00:00:00,0,0.006
35.35,-119.25,2021-11-01 00:00:00,0,0.008
35.35,-119.149994,2021-11-01 00:00:00,0,0.010000001
35.35,-119.049995,2021-11-01 00:00:00,0,0.011000001
35.35,-118.95,2021-11-01 00:00:00,0,0.012
35.35,-118.85,2021-11-01 00:00:00,0,0.014
35.35,-118.75,2021-11-01 00:00:00,0,0.015000001
35.35,-118.649994,2021-11-01 00:00:00,0,0.017
35.35,-118.549995,2021-11-01 00:00:00,0,0.019000001
35.35,-118.45,2021-11-01 00:00:00,0,0.019000001
35.35,-118.35,2021-11-01 00:00:00,0,0.019000001
35.35,-118.25,2021-11-01 00:00:00,0,0.019000001
35.35,-118.149994,2021-11-01 00:00:00,0,0.020000001
35.35,-118.049995,2021-11-01 00:00:00,0,0.016
35.35,-117.95,2021-11-01 00:00:00,0,0.014
35.35,-117.85,2021-11-01 00:00:00,0,0.013
35.35,-117.75,2021-11-01 00:00:00,0,0.013
35.35,-117.649994,2021-11-01 00:00:00,0,0.011000001
35.35,-117.549995,2021-11-01 00:00:00,0,0.010000001
35.35,-117.45,2021-11-01 00:00:00,0,0.009000001
35.35,-117.35,2021-11-01 00:00:00,0,0.010000001
35.35,-117.25,2021-11-01 00:00:00,0,0.010000001
35.35,-117.149994,2021-11-01 00:00:00,0,0.008
35.35,-117.049995,2021-11-01 00:00:00,0,0.006
35.35,-116.95,2021-11-01 00:00:00,0,0.0050000004
35.35,-116.85,2021-11-01 00:00:00,0,0.0050000004
35.35,-116.75,2021-11-01 00:00:00,0,0.0050000004
35.35,-116.649994,2021-11-01 00:00:00,0,0.007
35.35,-116.549995,2021-11-01 00:00:00,0,0.008
35.35,-116.45,2021-11-01 00:00:00,0,0.008
35.35,-116.35,2021-11-01 00:00:00,0,0.007
35.35,-116.25,2021-11-01 00:00:00,0,0.008
35.35,-116.149994,2021-11-01 00:00:00,0,0.007
35.35,-116.049995,2021-11-01 00:00:00,0,0.006
35.35,-115.95,2021-11-01 00:00:00,0,0.006
35.35,-115.85,2021-11-01 00:00:00,0,0.006
35.35,-115.75,2021-11-01 00:00:00,0,0.006
35.35,-115.649994,2021-11-01 00:00:00,0,0.006
35.35,-115.549995,2021-11-01 00:00:00,0,0.008
35.35,-115.45,2021-11-01 00:00:00,0,0.007
35.35,-115.35,2021-11-01 00:00:00,0,0.006
35.35,-115.25,2021-11-01 00:00:00,0,0.0050000004
35.35,-115.149994,2021-11-01 00:00:00,0,0.004
35.35,-115.049995,2021-11-01 00:00:00,0,0.0
35.35,-114.95,2021-11-01 00:00:00,0,0.0
35.35,-114.85,2021-11-01 00:00:00,0,0.0
35.35,-114.75,2021-11-01 00:00:00,0,0.0
35.35,-114.649994,2021-11-01 00:00:00,0,0.0
35.35,-114.549995,2021-11-01 00:00:00,0,0.0
35.35,-114.45,2021-11-01 00:00:00,0,0.0
35.35,-114.35,2021-11-01 00:00:00,0,0.0
35.35,-114.25,2021-11-01 00:00:00,0,0.0
35.45,-124.35,2021-11-01 00:00:00,0,0.0
35.45,-124.25,2021-11-01 00:00:00,0,0.0
35.45,-124.149994,2021-11-01 00:00:00,0,0.0
35.45,-124.049995,2021-11-01 00:00:00,0,0.0
35.45,-123.95,2021-11-01 00:00:00,0,0.0
35.45,-123.85,2021-11-01 00:00:00,0,0.0
35.45,-123.75,2021-11-01 00:00:00,0,0.0
35.45,-123.649994,2021-11-01 00:00:00,0,0.0
35.45,-123.549995,2021-11-01 00:00:00,0,0.0
35.45,-123.45,2021-11-01 00:00:00,0,0.0
35.45,-123.35,2021-11-01 00:00:00,0,0.0
35.45,-123.25,2021-11-01 00:00:00,0,0.0
35.45,-123.149994,2021-11-01 00:00:00,0,0.0
35.45,-123.049995,2021-11-01 00:00:00,0,0.0
35.45,-122.95,2021-11-01 00:00:00,0,0.0
35.45,-122.85,2021-11-01 00:00:00,0,0.0
35.45,-122.75,2021-11-01 00:00:00,0,0.0
35.45,-122.649994,2021-11-01 00:00:00,0,0.0
35.45,-122.549995,2021-11-01 00:00:00,0,0.0
35.45,-122.45,2021-11-01 00:00:00,0,0.0
35.45,-122.35,2021-11-01 00:00:00,0,0.0
35.45,-122.25,2021-11-01 00:00:00,0,0.0
35.45,-122.149994,2021-11-01 00:00:00,0,0.0
35.45,-122.049995,2021-11-01 00:00:00,0,0.0
35.45,-121.95,2021-11-01 00:00:00,0,0.0
35.45,-121.85,2021-11-01 00:00:00,0,0.0
35.45,-121.75,2021-11-01 00:00:00,0,0.0
35.45,-121.649994,2021-11-01 00:00:00,0,0.0
35.45,-121.549995,2021-11-01 00:00:00,0,0.0
35.45,-121.45,2021-11-01 00:00:00,0,0.0
35.45,-121.35,2021-11-01 00:00:00,0,0.0
35.45,-121.25,2021-11-01 00:00:00,0,0.0
35.45,-121.149994,2021-11-01 00:00:00,0,0.0
35.45,-121.049995,2021-11-01 00:00:00,0,0.0
35.45,-120.95,2021-11-01 00:00:00,0,0.037
35.45,-120.85,2021-11-01 00:00:00,0,0.035
35.45,-120.75,2021-11-01 00:00:00,0,0.032
35.45,-120.649994,2021-11-01 00:00:00,0,0.030000001
35.45,-120.549995,2021-11-01 00:00:00,0,0.028
35.45,-120.45,2021-11-01 00:00:00,0,0.026
35.45,-120.35,2021-11-01 00:00:00,0,0.023000002
35.45,-120.25,2021-11-01 00:00:00,0,0.021000002
35.45,-120.149994,2021-11-01 00:00:00,0,0.019000001
35.45,-120.049995,2021-11-01 00:00:00,0,0.017
35.45,-119.95,2021-11-01 00:00:00,0,0.014
35.45,-119.85,2021-11-01 00:00:00,0,0.012
35.45,-119.75,2021-11-01 00:00:00,0,0.009000001
35.45,-119.649994,2021-11-01 00:00:00,0,0.007
35.45,-119.549995,2021-11-01 00:00:00,0,0.004
35.45,-119.45,2021-11-01 00:00:00,0,0.004
35.45,-119.35,2021-11-01 00:00:00,0,0.0050000004
35.45,-119.25,2021-11-01 00:00:00,0,0.007
35.45,-119.149994,2021-11-01 00:00:00,0,0.009000001
35.45,-119.049995,2021-11-01 00:00:00,0,0.010000001
35.45,-118.95,2021-11-01 00:00:00,0,0.012
35.45,-118.85,2021-11-01 00:00:00,0,0.013
35.45,-118.75,2021-11-01 00:00:00,0,0.015000001
35.45,-118.649994,2021-11-01 00:00:00,0,0.016
35.45,-118.549995,2021-11-01 00:00:00,0,0.018000001
35.45,-118.45,2021-11-01 00:00:00,0,0.019000001
35.45,-118.35,2021-11-01 00:00:00,0,0.019000001
35.45,-118.25,2021-11-01 00:00:00,0,0.019000001
35.45,-118.149994,2021-11-01 00:00:00,0,0.021000002
35.45,-118.049995,2021-11-01 00:00:00,0,0.022000002
35.45,-117.95,2021-11-01 00:00:00,0,0.015000001
35.45,-117.85,2021-11-01 00:00:00,0,0.013
35.45,-117.75,2021-11-01 00:00:00,0,0.010000001
35.45,-117.649994,2021-11-01 00:00:00,0,0.013
35.45,-117.549995,2021-11-01 00:00:00,0,0.014
35.45,-117.45,2021-11-01 00:00:00,0,0.009000001
35.45,-117.35,2021-11-01 00:00:00,0,0.007
35.45,-117.25,2021-11-01 00:00:00,0,0.006
35.45,-117.149994,2021-11-01 00:00:00,0,0.0050000004
35.45,-117.049995,2021-11-01 00:00:00,0,0.004
35.45,-116.95,2021-11-01 00:00:00,0,0.004
35.45,-116.85,2021-11-01 00:00:00,0,0.0050000004
35.45,-116.75,2021-11-01 00:00:00,0,0.007
35.45,-116.649994,2021-11-01 00:00:00,0,0.011000001
35.45,-116.549995,2021-11-01 00:00:00,0,0.013
35.45,-116.45,2021-11-01 00:00:00,0,0.007
35.45,-116.35,2021-11-01 00:00:00,0,0.010000001
35.45,-116.25,2021-11-01 00:00:00,0,0.009000001
35.45,-116.149994,2021-11-01 00:00:00,0,0.0050000004
35.45,-116.049995,2021-11-01 00:00:00,0,0.006
35.45,-115.95,2021-11-01 00:00:00,0,0.007
35.45,-115.85,2021-11-01 00:00:00,0,0.006
35.45,-115.75,2021-11-01 00:00:00,0,0.006
35.45,-115.649994,2021-11-01 00:00:00,0,0.007
35.45,-115.549995,2021-11-01 00:00:00,0,0.007
35.45,-115.45,2021-11-01 00:00:00,0,0.006
35.45,-115.35,2021-11-01 00:00:00,0,0.0050000004
35.45,-115.25,2021-11-01 00:00:00,0,0.006
35.45,-115.149994,2021-11-01 00:00:00,0,0.0
35.45,-115.049995,2021-11-01 00:00:00,0,0.0
35.45,-114.95,2021-11-01 00:00:00,0,0.0
35.45,-114.85,2021-11-01 00:00:00,0,0.0
35.45,-114.75,2021-11-01 00:00:00,0,0.0
35.45,-114.649994,2021-11-01 00:00:00,0,0.0
35.45,-114.549995,2021-11-01 00:00:00,0,0.0
35.45,-114.45,2021-11-01 00:00:00,0,0.0
35.45,-114.35,2021-11-01 00:00:00,0,0.0
35.45,-114.25,2021-11-01 00:00:00,0,0.0
35.55,-124.35,2021-11-01 00:00:00,0,0.0
35.55,-124.25,2021-11-01 00:00:00,0,0.0
35.55,-124.149994,2021-11-01 00:00:00,0,0.0
35.55,-124.049995,2021-11-01 00:00:00,0,0.0
35.55,-123.95,2021-11-01 00:00:00,0,0.0
35.55,-123.85,2021-11-01 00:00:00,0,0.0
35.55,-123.75,2021-11-01 00:00:00,0,0.0
35.55,-123.649994,2021-11-01 00:00:00,0,0.0
35.55,-123.549995,2021-11-01 00:00:00,0,0.0
35.55,-123.45,2021-11-01 00:00:00,0,0.0
35.55,-123.35,2021-11-01 00:00:00,0,0.0
35.55,-123.25,2021-11-01 00:00:00,0,0.0
35.55,-123.149994,2021-11-01 00:00:00,0,0.0
35.55,-123.049995,2021-11-01 00:00:00,0,0.0
35.55,-122.95,2021-11-01 00:00:00,0,0.0
35.55,-122.85,2021-11-01 00:00:00,0,0.0
35.55,-122.75,2021-11-01 00:00:00,0,0.0
35.55,-122.649994,2021-11-01 00:00:00,0,0.0
35.55,-122.549995,2021-11-01 00:00:00,0,0.0
35.55,-122.45,2021-11-01 00:00:00,0,0.0
35.55,-122.35,2021-11-01 00:00:00,0,0.0
35.55,-122.25,2021-11-01 00:00:00,0,0.0
35.55,-122.149994,2021-11-01 00:00:00,0,0.0
35.55,-122.049995,2021-11-01 00:00:00,0,0.0
35.55,-121.95,2021-11-01 00:00:00,0,0.0
35.55,-121.85,2021-11-01 00:00:00,0,0.0
35.55,-121.75,2021-11-01 00:00:00,0,0.0
35.55,-121.649994,2021-11-01 00:00:00,0,0.0
35.55,-121.549995,2021-11-01 00:00:00,0,0.0
35.55,-121.45,2021-11-01 00:00:00,0,0.0
35.55,-121.35,2021-11-01 00:00:00,0,0.0
35.55,-121.25,2021-11-01 00:00:00,0,0.0
35.55,-121.149994,2021-11-01 00:00:00,0,0.0
35.55,-121.049995,2021-11-01 00:00:00,0,0.038000003
35.55,-120.95,2021-11-01 00:00:00,0,0.039
35.55,-120.85,2021-11-01 00:00:00,0,0.037
35.55,-120.75,2021-11-01 00:00:00,0,0.034
35.55,-120.649994,2021-11-01 00:00:00,0,0.032
35.55,-120.549995,2021-11-01 00:00:00,0,0.029000001
35.55,-120.45,2021-11-01 00:00:00,0,0.026
35.55,-120.35,2021-11-01 00:00:00,0,0.024
35.55,-120.25,2021-11-01 00:00:00,0,0.021000002
35.55,-120.149994,2021-11-01 00:00:00,0,0.019000001
35.55,-120.049995,2021-11-01 00:00:00,0,0.017
35.55,-119.95,2021-11-01 00:00:00,0,0.015000001
35.55,-119.85,2021-11-01 00:00:00,0,0.014
35.55,-119.75,2021-11-01 00:00:00,0,0.011000001
35.55,-119.649994,2021-11-01 00:00:00,0,0.009000001
35.55,-119.549995,2021-11-01 00:00:00,0,0.0050000004
35.55,-119.45,2021-11-01 00:00:00,0,0.004
35.55,-119.35,2021-11-01 00:00:00,0,0.006
35.55,-119.25,2021-11-01 00:00:00,0,0.008
35.55,-119.149994,2021-11-01 00:00:00,0,0.010000001
35.55,-119.049995,2021-11-01 00:00:00,0,0.012
35.55,-118.95,2021-11-01 00:00:00,0,0.013
35.55,-118.85,2021-11-01 00:00:00,0,0.015000001
35.55,-118.75,2021-11-01 00:00:00,0,0.017
35.55,-118.649994,2021-11-01 00:00:00,0,0.018000001
35.55,-118.549995,2021-11-01 00:00:00,0,0.020000001
35.55,-118.45,2021-11-01 00:00:00,0,0.021000002
35.55,-118.35,2021-11-01 00:00:00,0,0.019000001
35.55,-118.25,2021-11-01 00:00:00,0,0.021000002
35.55,-118.149994,2021-11-01 00:00:00,0,0.025
35.55,-118.049995,2021-11-01 00:00:00,0,0.026
35.55,-117.95,2021-11-01 00:00:00,0,0.034
35.55,-117.85,2021-11-01 00:00:00,0,0.015000001
35.55,-117.75,2021-11-01 00:00:00,0,0.013
35.55,-117.649994,2021-11-01 00:00:00,0,0.024
35.55,-117.549995,2021-11-01 00:00:00,0,0.020000001
35.55,-117.45,2021-11-01 00:00:00,0,0.007
35.55,-117.35,2021-11-01 00:00:00,0,0.007
35.55,-117.25,2021-11-01 00:00:00,0,0.006
35.55,-117.149994,2021-11-01 00:00:00,0,0.006
35.55,-117.049995,2021-11-01 00:00:00,0,0.0050000004
35.55,-116.95,2021-11-01 00:00:00,0,0.0050000004
35.55,-116.85,2021-11-01 00:00:00,0,0.0050000004
35.55,-116.75,2021-11-01 00:00:00,0,0.009000001
35.55,-116.649994,2021-11-01 00:00:00,0,0.007
35.55,-116.549995,2021-11-01 00:00:00,0,0.006
35.55,-116.45,2021-11-01 00:00:00,0,0.008
35.55,-116.35,2021-11-01 00:00:00,0,0.007
35.55,-116.25,2021-11-01 00:00:00,0,0.006
35.55,-116.149994,2021-11-01 00:00:00,0,0.006
35.55,-116.049995,2021-11-01 00:00:00,0,0.006
35.55,-115.95,2021-11-01 00:00:00,0,0.0050000004
35.55,-115.85,2021-11-01 00:00:00,0,0.007
35.55,-115.75,2021-11-01 00:00:00,0,0.0050000004
35.55,-115.649994,2021-11-01 00:00:00,0,0.0050000004
35.55,-115.549995,2021-11-01 00:00:00,0,0.0050000004
35.55,-115.45,2021-11-01 00:00:00,0,0.0050000004
35.55,-115.35,2021-11-01 00:00:00,0,0.0050000004
35.55,-115.25,2021-11-01 00:00:00,0,0.0
35.55,-115.149994,2021-11-01 00:00:00,0,0.0
35.55,-115.049995,2021-11-01 00:00:00,0,0.0
35.55,-114.95,2021-11-01 00:00:00,0,0.0
35.55,-114.85,2021-11-01 00:00:00,0,0.0
35.55,-114.75,2021-11-01 00:00:00,0,0.0
35.55,-114.649994,2021-11-01 00:00:00,0,0.0
35.55,-114.549995,2021-11-01 00:00:00,0,0.0
35.55,-114.45,2021-11-01 00:00:00,0,0.0
35.55,-114.35,2021-11-01 00:00:00,0,0.0
35.55,-114.25,2021-11-01 00:00:00,0,0.0
35.649998,-124.35,2021-11-01 00:00:00,0,0.0
35.649998,-124.25,2021-11-01 00:00:00,0,0.0
35.649998,-124.149994,2021-11-01 00:00:00,0,0.0
35.649998,-124.049995,2021-11-01 00:00:00,0,0.0
35.649998,-123.95,2021-11-01 00:00:00,0,0.0
35.649998,-123.85,2021-11-01 00:00:00,0,0.0
35.649998,-123.75,2021-11-01 00:00:00,0,0.0
35.649998,-123.649994,2021-11-01 00:00:00,0,0.0
35.649998,-123.549995,2021-11-01 00:00:00,0,0.0
35.649998,-123.45,2021-11-01 00:00:00,0,0.0
35.649998,-123.35,2021-11-01 00:00:00,0,0.0
35.649998,-123.25,2021-11-01 00:00:00,0,0.0
35.649998,-123.149994,2021-11-01 00:00:00,0,0.0
35.649998,-123.049995,2021-11-01 00:00:00,0,0.0
35.649998,-122.95,2021-11-01 00:00:00,0,0.0
35.649998,-122.85,2021-11-01 00:00:00,0,0.0
35.649998,-122.75,2021-11-01 00:00:00,0,0.0
35.649998,-122.649994,2021-11-01 00:00:00,0,0.0
35.649998,-122.549995,2021-11-01 00:00:00,0,0.0
35.649998,-122.45,2021-11-01 00:00:00,0,0.0
35.649998,-122.35,2021-11-01 00:00:00,0,0.0
35.649998,-122.25,2021-11-01 00:00:00,0,0.0
35.649998,-122.149994,2021-11-01 00:00:00,0,0.0
35.649998,-122.049995,2021-11-01 00:00:00,0,0.0
35.649998,-121.95,2021-11-01 00:00:00,0,0.0
35.649998,-121.85,2021-11-01 00:00:00,0,0.0
35.649998,-121.75,2021-11-01 00:00:00,0,0.0
35.649998,-121.649994,2021-11-01 00:00:00,0,0.0
35.649998,-121.549995,2021-11-01 00:00:00,0,0.0
35.649998,-121.45,2021-11-01 00:00:00,0,0.0
35.649998,-121.35,2021-11-01 00:00:00,0,0.0
35.649998,-121.25,2021-11-01 00:00:00,0,0.0
35.649998,-121.149994,2021-11-01 00:00:00,0,0.039
35.649998,-121.049995,2021-11-01 00:00:00,0,0.039
35.649998,-120.95,2021-11-01 00:00:00,0,0.038000003
35.649998,-120.85,2021-11-01 00:00:00,0,0.035
35.649998,-120.75,2021-11-01 00:00:00,0,0.033
35.649998,-120.649994,2021-11-01 00:00:00,0,0.030000001
35.649998,-120.549995,2021-11-01 00:00:00,0,0.027
35.649998,-120.45,2021-11-01 00:00:00,0,0.026
35.649998,-120.35,2021-11-01 00:00:00,0,0.023000002
35.649998,-120.25,2021-11-01 00:00:00,0,0.021000002
35.649998,-120.149994,2021-11-01 00:00:00,0,0.019000001
35.649998,-120.049995,2021-11-01 00:00:00,0,0.017
35.649998,-119.95,2021-11-01 00:00:00,0,0.015000001
35.649998,-119.85,2021-11-01 00:00:00,0,0.014
35.649998,-119.75,2021-11-01 00:00:00,0,0.012
35.649998,-119.649994,2021-11-01 00:00:00,0,0.009000001
35.649998,-119.549995,2021-11-01 00:00:00,0,0.008
35.649998,-119.45,2021-11-01 00:00:00,0,0.007
35.649998,-119.35,2021-11-01 00:00:00,0,0.009000001
35.649998,-119.25,2021-11-01 00:00:00,0,0.011000001
35.649998,-119.149994,2021-11-01 00:00:00,0,0.012
35.649998,-119.049995,2021-11-01 00:00:00,0,0.014
35.649998,-118.95,2021-11-01 00:00:00,0,0.017
35.649998,-118.85,2021-11-01 00:00:00,0,0.018000001
35.649998,-118.75,2021-11-01 00:00:00,0,0.020000001
35.649998,-118.649994,2021-11-01 00:00:00,0,0.022000002
35.649998,-118.549995,2021-11-01 00:00:00,0,0.024
35.649998,-118.45,2021-11-01 00:00:00,0,0.026
35.649998,-118.35,2021-11-01 00:00:00,0,0.022000002
35.649998,-118.25,2021-11-01 00:00:00,0,0.021000002
35.649998,-118.149994,2021-11-01 00:00:00,0,0.020000001
35.649998,-118.049995,2021-11-01 00:00:00,0,0.019000001
35.649998,-117.95,2021-11-01 00:00:00,0,0.027
35.649998,-117.85,2021-11-01 00:00:00,0,0.026
35.649998,-117.75,2021-11-01 00:00:00,0,0.016
35.649998,-117.649994,2021-11-01 00:00:00,0,0.012
35.649998,-117.549995,2021-11-01 00:00:00,0,0.010000001
35.649998,-117.45,2021-11-01 00:00:00,0,0.008
35.649998,-117.35,2021-11-01 00:00:00,0,0.007
35.649998,-117.25,2021-11-01 00:00:00,0,0.006
35.649998,-117.149994,2021-11-01 00:00:00,0,0.0050000004
35.649998,-117.049995,2021-11-01 00:00:00,0,0.004
35.649998,-116.95,2021-11-01 00:00:00,0,0.004
35.649998,-116.85,2021-11-01 00:00:00,0,0.0050000004
35.649998,-116.75,2021-11-01 00:00:00,0,0.006
35.649998,-116.649994,2021-11-01 00:00:00,0,0.006
35.649998,-116.549995,2021-11-01 00:00:00,0,0.006
35.649998,-116.45,2021-11-01 00:00:00,0,0.0050000004
35.649998,-116.35,2021-11-01 00:00:00,0,0.0050000004
35.649998,-116.25,2021-11-01 00:00:00,0,0.006
35.649998,-116.149994,2021-11-01 00:00:00,0,0.006
35.649998,-116.049995,2021-11-01 00:00:00,0,0.006
35.649998,-115.95,2021-11-01 00:00:00,0,0.0050000004
35.649998,-115.85,2021-11-01 00:00:00,0,0.004
35.649998,-115.75,2021-11-01 00:00:00,0,0.004
35.649998,-115.649994,2021-11-01 00:00:00,0,0.0050000004
35.649998,-115.549995,2021-11-01 00:00:00,0,0.0050000004
35.649998,-115.45,2021-11-01 00:00:00,0,0.0050000004
35.649998,-115.35,2021-11-01 00:00:00,0,0.0
35.649998,-115.25,2021-11-01 00:00:00,0,0.0
35.649998,-115.149994,2021-11-01 00:00:00,0,0.0
35.649998,-115.049995,2021-11-01 00:00:00,0,0.0
35.649998,-114.95,2021-11-01 00:00:00,0,0.0
35.649998,-114.85,2021-11-01 00:00:00,0,0.0
35.649998,-114.75,2021-11-01 00:00:00,0,0.0
35.649998,-114.649994,2021-11-01 00:00:00,0,0.0
35.649998,-114.549995,2021-11-01 00:00:00,0,0.0
35.649998,-114.45,2021-11-01 00:00:00,0,0.0
35.649998,-114.35,2021-11-01 00:00:00,0,0.0
35.649998,-114.25,2021-11-01 00:00:00,0,0.0
35.75,-124.35,2021-11-01 00:00:00,0,0.0
35.75,-124.25,2021-11-01 00:00:00,0,0.0
35.75,-124.149994,2021-11-01 00:00:00,0,0.0
35.75,-124.049995,2021-11-01 00:00:00,0,0.0
35.75,-123.95,2021-11-01 00:00:00,0,0.0
35.75,-123.85,2021-11-01 00:00:00,0,0.0
35.75,-123.75,2021-11-01 00:00:00,0,0.0
35.75,-123.649994,2021-11-01 00:00:00,0,0.0
35.75,-123.549995,2021-11-01 00:00:00,0,0.0
35.75,-123.45,2021-11-01 00:00:00,0,0.0
35.75,-123.35,2021-11-01 00:00:00,0,0.0
35.75,-123.25,2021-11-01 00:00:00,0,0.0
35.75,-123.149994,2021-11-01 00:00:00,0,0.0
35.75,-123.049995,2021-11-01 00:00:00,0,0.0
35.75,-122.95,2021-11-01 00:00:00,0,0.0
35.75,-122.85,2021-11-01 00:00:00,0,0.0
35.75,-122.75,2021-11-01 00:00:00,0,0.0
35.75,-122.649994,2021-11-01 00:00:00,0,0.0
35.75,-122.549995,2021-11-01 00:00:00,0,0.0
35.75,-122.45,2021-11-01 00:00:00,0,0.0
35.75,-122.35,2021-11-01 00:00:00,0,0.0
35.75,-122.25,2021-11-01 00:00:00,0,0.0
35.75,-122.149994,2021-11-01 00:00:00,0,0.0
35.75,-122.049995,2021-11-01 00:00:00,0,0.0
35.75,-121.95,2021-11-01 00:00:00,0,0.0
35.75,-121.85,2021-11-01 00:00:00,0,0.0
35.75,-121.75,2021-11-01 00:00:00,0,0.0
35.75,-121.649994,2021-11-01 00:00:00,0,0.0
35.75,-121.549995,2021-11-01 00:00:00,0,0.0
35.75,-121.45,2021-11-01 00:00:00,0,0.0
35.75,-121.35,2021-11-01 00:00:00,0,0.0
35.75,-121.25,2021-11-01 00:00:00,0,0.039
35.75,-121.149994,2021-11-01 00:00:00,0,0.037
35.75,-121.049995,2021-11-01 00:00:00,0,0.035
35.75,-120.95,2021-11-01 00:00:00,0,0.036000002
35.75,-120.85,2021-11-01 00:00:00,0,0.033
35.75,-120.75,2021-11-01 00:00:00,0,0.031000001
35.75,-120.649994,2021-11-01 00:00:00,0,0.028
35.75,-120.549995,2021-11-01 00:00:00,0,0.026
35.75,-120.45,2021-11-01 00:00:00,0,0.024
35.75,-120.35,2021-11-01 00:00:00,0,0.023000002
35.75,-120.25,2021-11-01 00:00:00,0,0.021000002
35.75,-120.149994,2021-11-01 00:00:00,0,0.019000001
35.75,-120.049995,2021-11-01 00:00:00,0,0.018000001
35.75,-119.95,2021-11-01 00:00:00,0,0.016
35.75,-119.85,2021-11-01 00:00:00,0,0.015000001
35.75,-119.75,2021-11-01 00:00:00,0,0.013
35.75,-119.649994,2021-11-01 00:00:00,0,0.011000001
35.75,-119.549995,2021-11-01 00:00:00,0,0.009000001
35.75,-119.45,2021-11-01 00:00:00,0,0.009000001
35.75,-119.35,2021-11-01 00:00:00,0,0.011000001
35.75,-119.25,2021-11-01 00:00:00,0,0.013
35.75,-119.149994,2021-11-01 00:00:00,0,0.015000001
35.75,-119.049995,2021-11-01 00:00:00,0,0.017
35.75,-118.95,2021-11-01 00:00:00,0,0.020000001
35.75,-118.85,2021-11-01 00:00:00,0,0.021000002
35.75,-118.75,2021-11-01 00:00:00,0,0.024
35.75,-118.649994,2021-11-01 00:00:00,0,0.026
35.75,-118.549995,2021-11-01 00:00:00,0,0.027
35.75,-118.45,2021-11-01 00:00:00,0,0.027
35.75,-118.35,2021-11-01 00:00:00,0,0.024
35.75,-118.25,2021-11-01 00:00:00,0,0.022000002
35.75,-118.149994,2021-11-01 00:00:00,0,0.021000002
35.75,-118.049995,2021-11-01 00:00:00,0,0.019000001
35.75,-117.95,2021-11-01 00:00:00,0,0.021000002
35.75,-117.85,2021-11-01 00:00:00,0,0.024
35.75,-117.75,2021-11-01 00:00:00,0,0.015000001
35.75,-117.649994,2021-11-01 00:00:00,0,0.024
35.75,-117.549995,2021-11-01 00:00:00,0,0.008
35.75,-117.45,2021-11-01 00:00:00,0,0.006
35.75,-117.35,2021-11-01 00:00:00,0,0.007
35.75,-117.25,2021-11-01 00:00:00,0,0.006
35.75,-117.149994,2021-11-01 00:00:00,0,0.0050000004
35.75,-117.049995,2021-11-01 00:00:00,0,0.003
35.75,-116.95,2021-11-01 00:00:00,0,0.0050000004
35.75,-116.85,2021-11-01 00:00:00,0,0.004
35.75,-116.75,2021-11-01 00:00:00,0,0.0050000004
35.75,-116.649994,2021-11-01 00:00:00,0,0.0050000004
35.75,-116.549995,2021-11-01 00:00:00,0,0.0050000004
35.75,-116.45,2021-11-01 00:00:00,0,0.004
35.75,-116.35,2021-11-01 00:00:00,0,0.0050000004
35.75,-116.25,2021-11-01 00:00:00,0,0.006
35.75,-116.149994,2021-11-01 00:00:00,0,0.0050000004
35.75,-116.049995,2021-11-01 00:00:00,0,0.004
35.75,-115.95,2021-11-01 00:00:00,0,0.004
35.75,-115.85,2021-11-01 00:00:00,0,0.004
35.75,-115.75,2021-11-01 00:00:00,0,0.004
35.75,-115.649994,2021-11-01 00:00:00,0,0.004
35.75,-115.549995,2021-11-01 00:00:00,0,0.0
35.75,-115.45,2021-11-01 00:00:00,0,0.0
35.75,-115.35,2021-11-01 00:00:00,0,0.0
35.75,-115.25,2021-11-01 00:00:00,0,0.0
35.75,-115.149994,2021-11-01 00:00:00,0,0.0
35.75,-115.049995,2021-11-01 00:00:00,0,0.0
35.75,-114.95,2021-11-01 00:00:00,0,0.0
35.75,-114.85,2021-11-01 00:00:00,0,0.0
35.75,-114.75,2021-11-01 00:00:00,0,0.0
35.75,-114.649994,2021-11-01 00:00:00,0,0.0
35.75,-114.549995,2021-11-01 00:00:00,0,0.0
35.75,-114.45,2021-11-01 00:00:00,0,0.0
35.75,-114.35,2021-11-01 00:00:00,0,0.0
35.75,-114.25,2021-11-01 00:00:00,0,0.0
35.85,-124.35,2021-11-01 00:00:00,0,0.0
35.85,-124.25,2021-11-01 00:00:00,0,0.0
35.85,-124.149994,2021-11-01 00:00:00,0,0.0
35.85,-124.049995,2021-11-01 00:00:00,0,0.0
35.85,-123.95,2021-11-01 00:00:00,0,0.0
35.85,-123.85,2021-11-01 00:00:00,0,0.0
35.85,-123.75,2021-11-01 00:00:00,0,0.0
35.85,-123.649994,2021-11-01 00:00:00,0,0.0
35.85,-123.549995,2021-11-01 00:00:00,0,0.0
35.85,-123.45,2021-11-01 00:00:00,0,0.0
35.85,-123.35,2021-11-01 00:00:00,0,0.0
35.85,-123.25,2021-11-01 00:00:00,0,0.0
35.85,-123.149994,2021-11-01 00:00:00,0,0.0
35.85,-123.049995,2021-11-01 00:00:00,0,0.0
35.85,-122.95,2021-11-01 00:00:00,0,0.0
35.85,-122.85,2021-11-01 00:00:00,0,0.0
35.85,-122.75,2021-11-01 00:00:00,0,0.0
35.85,-122.649994,2021-11-01 00:00:00,0,0.0
35.85,-122.549995,2021-11-01 00:00:00,0,0.0
35.85,-122.45,2021-11-01 00:00:00,0,0.0
35.85,-122.35,2021-11-01 00:00:00,0,0.0
35.85,-122.25,2021-11-01 00:00:00,0,0.0
35.85,-122.149994,2021-11-01 00:00:00,0,0.0
35.85,-122.049995,2021-11-01 00:00:00,0,0.0
35.85,-121.95,2021-11-01 00:00:00,0,0.0
35.85,-121.85,2021-11-01 00:00:00,0,0.0
35.85,-121.75,2021-11-01 00:00:00,0,0.0
35.85,-121.649994,2021-11-01 00:00:00,0,0.0
35.85,-121.549995,2021-11-01 00:00:00,0,0.0
35.85,-121.45,2021-11-01 00:00:00,0,0.0
35.85,-121.35,2021-11-01 00:00:00,0,0.039
35.85,-121.25,2021-11-01 00:00:00,0,0.037
35.85,-121.149994,2021-11-01 00:00:00,0,0.036000002
35.85,-121.049995,2021-11-01 00:00:00,0,0.033
35.85,-120.95,2021-11-01 00:00:00,0,0.035
35.85,-120.85,2021-11-01 00:00:00,0,0.031000001
35.85,-120.75,2021-11-01 00:00:00,0,0.029000001
35.85,-120.649994,2021-11-01 00:00:00,0,0.027
35.85,-120.549995,2021-11-01 00:00:00,0,0.024
35.85,-120.45,2021-11-01 00:00:00,0,0.022000002
35.85,-120.35,2021-11-01 00:00:00,0,0.021000002
35.85,-120.25,2021-11-01 00:00:00,0,0.021000002
35.85,-120.149994,2021-11-01 00:00:00,0,0.019000001
35.85,-120.049995,2021-11-01 00:00:00,0,0.017
35.85,-119.95,2021-11-01 00:00:00,0,0.016
35.85,-119.85,2021-11-01 00:00:00,0,0.015000001
35.85,-119.75,2021-11-01 00:00:00,0,0.014
35.85,-119.649994,2021-11-01 00:00:00,0,0.012
35.85,-119.549995,2021-11-01 00:00:00,0,0.011000001
35.85,-119.45,2021-11-01 00:00:00,0,0.011000001
35.85,-119.35,2021-11-01 00:00:00,0,0.014
35.85,-119.25,2021-11-01 00:00:00,0,0.015000001
35.85,-119.149994,2021-11-01 00:00:00,0,0.018000001
35.85,-119.049995,2021-11-01 00:00:00,0,0.020000001
35.85,-118.95,2021-11-01 00:00:00,0,0.022000002
35.85,-118.85,2021-11-01 00:00:00,0,0.024
35.85,-118.75,2021-11-01 00:00:00,0,0.027
35.85,-118.649994,2021-11-01 00:00:00,0,0.029000001
35.85,-118.549995,2021-11-01 00:00:00,0,0.030000001
35.85,-118.45,2021-11-01 00:00:00,0,0.031000001
35.85,-118.35,2021-11-01 00:00:00,0,0.028
35.85,-118.25,2021-11-01 00:00:00,0,0.026
35.85,-118.149994,2021-11-01 00:00:00,0,0.023000002
35.85,-118.049995,2021-11-01 00:00:00,0,0.021000002
35.85,-117.95,2021-11-01 00:00:00,0,0.023000002
35.85,-117.85,2021-11-01 00:00:00,0,0.016
35.85,-117.75,2021-11-01 00:00:00,0,0.013
35.85,-117.649994,2021-11-01 00:00:00,0,0.011000001
35.85,-117.549995,2021-11-01 00:00:00,0,0.009000001
35.85,-117.45,2021-11-01 00:00:00,0,0.007
35.85,-117.35,2021-11-01 00:00:00,0,0.007
35.85,-117.25,2021-11-01 00:00:00,0,0.004
35.85,-117.149994,2021-11-01 00:00:00,0,0.004
35.85,-117.049995,2021-11-01 00:00:00,0,0.004
35.85,-116.95,2021-11-01 00:00:00,0,0.004
35.85,-116.85,2021-11-01 00:00:00,0,0.004
35.85,-116.75,2021-11-01 00:00:00,0,0.004
35.85,-116.649994,2021-11-01 00:00:00,0,0.004
35.85,-116.549995,2021-11-01 00:00:00,0,0.003
35.85,-116.45,2021-11-01 00:00:00,0,0.006
35.85,-116.35,2021-11-01 00:00:00,0,0.0050000004
35.85,-116.25,2021-11-01 00:00:00,0,0.004
35.85,-116.149994,2021-11-01 00:00:00,0,0.004
35.85,-116.049995,2021-11-01 00:00:00,0,0.004
35.85,-115.95,2021-11-01 00:00:00,0,0.003
35.85,-115.85,2021-11-01 00:00:00,0,0.003
35.85,-115.75,2021-11-01 00:00:00,0,0.004
35.85,-115.649994,2021-11-01 00:00:00,0,0.0
35.85,-115.549995,2021-11-01 00:00:00,0,0.0
35.85,-115.45,2021-11-01 00:00:00,0,0.0
35.85,-115.35,2021-11-01 00:00:00,0,0.0
35.85,-115.25,2021-11-01 00:00:00,0,0.0
35.85,-115.149994,2021-11-01 00:00:00,0,0.0
35.85,-115.049995,2021-11-01 00:00:00,0,0.0
35.85,-114.95,2021-11-01 00:00:00,0,0.0
35.85,-114.85,2021-11-01 00:00:00,0,0.0
35.85,-114.75,2021-11-01 00:00:00,0,0.0
35.85,-114.649994,2021-11-01 00:00:00,0,0.0
35.85,-114.549995,2021-11-01 00:00:00,0,0.0
35.85,-114.45,2021-11-01 00:00:00,0,0.0
35.85,-114.35,2021-11-01 00:00:00,0,0.0
35.85,-114.25,2021-11-01 00:00:00,0,0.0
35.95,-124.35,2021-11-01 00:00:00,0,0.0
35.95,-124.25,2021-11-01 00:00:00,0,0.0
35.95,-124.149994,2021-11-01 00:00:00,0,0.0
35.95,-124.049995,2021-11-01 00:00:00,0,0.0
35.95,-123.95,2021-11-01 00:00:00,0,0.0
35.95,-123.85,2021-11-01 00:00:00,0,0.0
35.95,-123.75,2021-11-01 00:00:00,0,0.0
35.95,-123.649994,2021-11-01 00:00:00,0,0.0
35.95,-123.549995,2021-11-01 00:00:00,0,0.0
35.95,-123.45,2021-11-01 00:00:00,0,0.0
35.95,-123.35,2021-11-01 00:00:00,0,0.0
35.95,-123.25,2021-11-01 00:00:00,0,0.0
35.95,-123.149994,2021-11-01 00:00:00,0,0.0
35.95,-123.049995,2021-11-01 00:00:00,0,0.0
35.95,-122.95,2021-11-01 00:00:00,0,0.0
35.95,-122.85,2021-11-01 00:00:00,0,0.0
35.95,-122.75,2021-11-01 00:00:00,0,0.0
35.95,-122.649994,2021-11-01 00:00:00,0,0.0
35.95,-122.549995,2021-11-01 00:00:00,0,0.0
35.95,-122.45,2021-11-01 00:00:00,0,0.0
35.95,-122.35,2021-11-01 00:00:00,0,0.0
35.95,-122.25,2021-11-01 00:00:00,0,0.0
35.95,-122.149994,2021-11-01 00:00:00,0,0.0
35.95,-122.049995,2021-11-01 00:00:00,0,0.0
35.95,-121.95,2021-11-01 00:00:00,0,0.0
35.95,-121.85,2021-11-01 00:00:00,0,0.0
35.95,-121.75,2021-11-01 00:00:00,0,0.0
35.95,-121.649994,2021-11-01 00:00:00,0,0.0
35.95,-121.549995,2021-11-01 00:00:00,0,0.0
35.95,-121.45,2021-11-01 00:00:00,0,0.042000003
35.95,-121.35,2021-11-01 00:00:00,0,0.038000003
35.95,-121.25,2021-11-01 00:00:00,0,0.036000002
35.95,-121.149994,2021-11-01 00:00:00,0,0.034
35.95,-121.049995,2021-11-01 00:00:00,0,0.032
35.95,-120.95,2021-11-01 00:00:00,0,0.032
35.95,-120.85,2021-11-01 00:00:00,0,0.030000001
35.95,-120.75,2021-11-01 00:00:00,0,0.028
35.95,-120.649994,2021-11-01 00:00:00,0,0.026
35.95,-120.549995,2021-11-01 00:00:00,0,0.022000002
35.95,-120.45,2021-11-01 00:00:00,0,0.020000001
35.95,-120.35,2021-11-01 00:00:00,0,0.020000001
35.95,-120.25,2021-11-01 00:00:00,0,0.019000001
35.95,-120.149994,2021-11-01 00:00:00,0,0.019000001
35.95,-120.049995,2021-11-01 00:00:00,0,0.017
35.95,-119.95,2021-11-01 00:00:00,0,0.016
35.95,-119.85,2021-11-01 00:00:00,0,0.015000001
35.95,-119.75,2021-11-01 00:00:00,0,0.014
35.95,-119.649994,2021-11-01 00:00:00,0,0.013
35.95,-119.549995,2021-11-01 00:00:00,0,0.013
35.95,-119.45,2021-11-01 00:00:00,0,0.013
35.95,-119.35,2021-11-01 00:00:00,0,0.016
35.95,-119.25,2021-11-01 00:00:00,0,0.018000001
35.95,-119.149994,2021-11-01 00:00:00,0,0.020000001
35.95,-119.049995,2021-11-01 00:00:00,0,0.023000002
35.95,-118.95,2021-11-01 00:00:00,0,0.026
35.95,-118.85,2021-11-01 00:00:00,0,0.028
35.95,-118.75,2021-11-01 00:00:00,0,0.031000001
35.95,-118.649994,2021-11-01 00:00:00,0,0.033
35.95,-118.549995,2021-11-01 00:00:00,0,0.034
35.95,-118.45,2021-11-01 00:00:00,0,0.034
35.95,-118.35,2021-11-01 00:00:00,0,0.031000001
35.95,-118.25,2021-11-01 00:00:00,0,0.029000001
35.95,-118.149994,2021-11-01 00:00:00,0,0.028
35.95,-118.049995,2021-11-01 00:00:00,0,0.025
35.95,-117.95,2021-11-01 00:00:00,0,0.024
35.95,-117.85,2021-11-01 00:00:00,0,0.016
35.95,-117.75,2021-11-01 00:00:00,0,0.015000001
35.95,-117.649994,2021-11-01 00:00:00,0,0.012
35.95,-117.549995,2021-11-01 00:00:00,0,0.011000001
35.95,-117.45,2021-11-01 00:00:00,0,0.007
35.95,-117.35,2021-11-01 00:00:00,0,0.0050000004
35.95,-117.25,2021-11-01 00:00:00,0,0.0050000004
35.95,-117.149994,2021-11-01 00:00:00,0,0.0050000004
35.95,-117.049995,2021-11-01 00:00:00,0,0.004
35.95,-116.95,2021-11-01 00:00:00,0,0.004
35.95,-116.85,2021-11-01 00:00:00,0,0.003
35.95,-116.75,2021-11-01 00:00:00,0,0.003
35.95,-116.649994,2021-11-01 00:00:00,0,0.003
35.95,-116.549995,2021-11-01 00:00:00,0,0.0050000004
35.95,-116.45,2021-11-01 00:00:00,0,0.0050000004
35.95,-116.35,2021-11-01 00:00:00,0,0.004
35.95,-116.25,2021-11-01 00:00:00,0,0.004
35.95,-116.149994,2021-11-01 00:00:00,0,0.004
35.95,-116.049995,2021-11-01 00:00:00,0,0.003
35.95,-115.95,2021-11-01 00:00:00,0,0.003
35.95,-115.85,2021-11-01 00:00:00,0,0.004
35.95,-115.75,2021-11-01 00:00:00,0,0.0
35.95,-115.649994,2021-11-01 00:00:00,0,0.0
35.95,-115.549995,2021-11-01 00:00:00,0,0.0
35.95,-115.45,2021-11-01 00:00:00,0,0.0
35.95,-115.35,2021-11-01 00:00:00,0,0.0
35.95,-115.25,2021-11-01 00:00:00,0,0.0
35.95,-115.149994,2021-11-01 00:00:00,0,0.0
35.95,-115.049995,2021-11-01 00:00:00,0,0.0
35.95,-114.95,2021-11-01 00:00:00,0,0.0
35.95,-114.85,2021-11-01 00:00:00,0,0.0
35.95,-114.75,2021-11-01 00:00:00,0,0.0
35.95,-114.649994,2021-11-01 00:00:00,0,0.0
35.95,-114.549995,2021-11-01 00:00:00,0,0.0
35.95,-114.45,2021-11-01 00:00:00,0,0.0
35.95,-114.35,2021-11-01 00:00:00,0,0.0
35.95,-114.25,2021-11-01 00:00:00,0,0.0
36.05,-124.35,2021-11-01 00:00:00,0,0.0
36.05,-124.25,2021-11-01 00:00:00,0,0.0
36.05,-124.149994,2021-11-01 00:00:00,0,0.0
36.05,-124.049995,2021-11-01 00:00:00,0,0.0
36.05,-123.95,2021-11-01 00:00:00,0,0.0
36.05,-123.85,2021-11-01 00:00:00,0,0.0
36.05,-123.75,2021-11-01 00:00:00,0,0.0
36.05,-123.649994,2021-11-01 00:00:00,0,0.0
36.05,-123.549995,2021-11-01 00:00:00,0,0.0
36.05,-123.45,2021-11-01 00:00:00,0,0.0
36.05,-123.35,2021-11-01 00:00:00,0,0.0
36.05,-123.25,2021-11-01 00:00:00,0,0.0
36.05,-123.149994,2021-11-01 00:00:00,0,0.0
36.05,-123.049995,2021-11-01 00:00:00,0,0.0
36.05,-122.95,2021-11-01 00:00:00,0,0.0
36.05,-122.85,2021-11-01 00:00:00,0,0.0
36.05,-122.75,2021-11-01 00:00:00,0,0.0
36.05,-122.649994,2021-11-01 00:00:00,0,0.0
36.05,-122.549995,2021-11-01 00:00:00,0,0.0
36.05,-122.45,2021-11-01 00:00:00,0,0.0
36.05,-122.35,2021-11-01 00:00:00,0,0.0
36.05,-122.25,2021-11-01 00:00:00,0,0.0
36.05,-122.149994,2021-11-01 00:00:00,0,0.0
36.05,-122.049995,2021-11-01 00:00:00,0,0.0
36.05,-121.95,2021-11-01 00:00:00,0,0.0
36.05,-121.85,2021-11-01 00:00:00,0,0.0
36.05,-121.75,2021-11-01 00:00:00,0,0.0
36.05,-121.649994,2021-11-01 00:00:00,0,0.0
36.05,-121.549995,2021-11-01 00:00:00,0,0.046000004
36.05,-121.45,2021-11-01 00:00:00,0,0.042000003
36.05,-121.35,2021-11-01 00:00:00,0,0.040000003
36.05,-121.25,2021-11-01 00:00:00,0,0.038000003
36.05,-121.149994,2021-11-01 00:00:00,0,0.036000002
36.05,-121.049995,2021-11-01 00:00:00,0,0.032
36.05,-120.95,2021-11-01 00:00:00,0,0.030000001
36.05,-120.85,2021-11-01 00:00:00,0,0.027
36.05,-120.75,2021-11-01 00:00:00,0,0.024
36.05,-120.649994,2021-11-01 00:00:00,0,0.023000002
36.05,-120.549995,2021-11-01 00:00:00,0,0.021000002
36.05,-120.45,2021-11-01 00:00:00,0,0.019000001
36.05,-120.35,2021-11-01 00:00:00,0,0.019000001
36.05,-120.25,2021-11-01 00:00:00,0,0.018000001
36.05,-120.149994,2021-11-01 00:00:00,0,0.019000001
36.05,-120.049995,2021-11-01 00:00:00,0,0.018000001
36.05,-119.95,2021-11-01 00:00:00,0,0.019000001
36.05,-119.85,2021-11-01 00:00:00,0,0.018000001
36.05,-119.75,2021-11-01 00:00:00,0,0.018000001
36.05,-119.649994,2021-11-01 00:00:00,0,0.016
36.05,-119.549995,2021-11-01 00:00:00,0,0.016
36.05,-119.45,2021-11-01 00:00:00,0,0.018000001
36.05,-119.35,2021-11-01 00:00:00,0,0.019000001
36.05,-119.25,2021-11-01 00:00:00,0,0.020000001
36.05,-119.149994,2021-11-01 00:00:00,0,0.023000002
36.05,-119.049995,2021-11-01 00:00:00,0,0.024
36.05,-118.95,2021-11-01 00:00:00,0,0.027
36.05,-118.85,2021-11-01 00:00:00,0,0.030000001
36.05,-118.75,2021-11-01 00:00:00,0,0.032
36.05,-118.649994,2021-11-01 00:00:00,0,0.033
36.05,-118.549995,2021-11-01 00:00:00,0,0.034
36.05,-118.45,2021-11-01 00:00:00,0,0.033
36.05,-118.35,2021-11-01 00:00:00,0,0.032
36.05,-118.25,2021-11-01 00:00:00,0,0.029000001
36.05,-118.149994,2021-11-01 00:00:00,0,0.027
36.05,-118.049995,2021-11-01 00:00:00,0,0.025
36.05,-117.95,2021-11-01 00:00:00,0,0.025
36.05,-117.85,2021-11-01 00:00:00,0,0.020000001
36.05,-117.75,2021-11-01 00:00:00,0,0.015000001
36.05,-117.649994,2021-11-01 00:00:00,0,0.015000001
36.05,-117.549995,2021-11-01 00:00:00,0,0.014
36.05,-117.45,2021-11-01 00:00:00,0,0.006
36.05,-117.35,2021-11-01 00:00:00,0,0.006
36.05,-117.25,2021-11-01 00:00:00,0,0.0050000004
36.05,-117.149994,2021-11-01 00:00:00,0,0.004
36.05,-117.049995,2021-11-01 00:00:00,0,0.0050000004
36.05,-116.95,2021-11-01 00:00:00,0,0.004
36.05,-116.85,2021-11-01 00:00:00,0,0.004
36.05,-116.75,2021-11-01 00:00:00,0,0.003
36.05,-116.649994,2021-11-01 00:00:00,0,0.0050000004
36.05,-116.549995,2021-11-01 00:00:00,0,0.0050000004
36.05,-116.45,2021-11-01 00:00:00,0,0.0050000004
36.05,-116.35,2021-11-01 00:00:00,0,0.004
36.05,-116.25,2021-11-01 00:00:00,0,0.003
36.05,-116.149994,2021-11-01 00:00:00,0,0.004
36.05,-116.049995,2021-11-01 00:00:00,0,0.003
36.05,-115.95,2021-11-01 00:00:00,0,0.0
36.05,-115.85,2021-11-01 00:00:00,0,0.0
36.05,-115.75,2021-11-01 00:00:00,0,0.0
36.05,-115.649994,2021-11-01 00:00:00,0,0.0
36.05,-115.549995,2021-11-01 00:00:00,0,0.0
36.05,-115.45,2021-11-01 00:00:00,0,0.0
36.05,-115.35,2021-11-01 00:00:00,0,0.0
36.05,-115.25,2021-11-01 00:00:00,0,0.0
36.05,-115.149994,2021-11-01 00:00:00,0,0.0
36.05,-115.049995,2021-11-01 00:00:00,0,0.0
36.05,-114.95,2021-11-01 00:00:00,0,0.0
36.05,-114.85,2021-11-01 00:00:00,0,0.0
36.05,-114.75,2021-11-01 00:00:00,0,0.0
36.05,-114.649994,2021-11-01 00:00:00,0,0.0
36.05,-114.549995,2021-11-01 00:00:00,0,0.0
36.05,-114.45,2021-11-01 00:00:00,0,0.0
36.05,-114.35,2021-11-01 00:00:00,0,0.0
36.05,-114.25,2021-11-01 00:00:00,0,0.0
36.149998,-124.35,2021-11-01 00:00:00,0,0.0
36.149998,-124.25,2021-11-01 00:00:00,0,0.0
36.149998,-124.149994,2021-11-01 00:00:00,0,0.0
36.149998,-124.049995,2021-11-01 00:00:00,0,0.0
36.149998,-123.95,2021-11-01 00:00:00,0,0.0
36.149998,-123.85,2021-11-01 00:00:00,0,0.0
36.149998,-123.75,2021-11-01 00:00:00,0,0.0
36.149998,-123.649994,2021-11-01 00:00:00,0,0.0
36.149998,-123.549995,2021-11-01 00:00:00,0,0.0
36.149998,-123.45,2021-11-01 00:00:00,0,0.0
36.149998,-123.35,2021-11-01 00:00:00,0,0.0
36.149998,-123.25,2021-11-01 00:00:00,0,0.0
36.149998,-123.149994,2021-11-01 00:00:00,0,0.0
36.149998,-123.049995,2021-11-01 00:00:00,0,0.0
36.149998,-122.95,2021-11-01 00:00:00,0,0.0
36.149998,-122.85,2021-11-01 00:00:00,0,0.0
36.149998,-122.75,2021-11-01 00:00:00,0,0.0
36.149998,-122.649994,2021-11-01 00:00:00,0,0.0
36.149998,-122.549995,2021-11-01 00:00:00,0,0.0
36.149998,-122.45,2021-11-01 00:00:00,0,0.0
36.149998,-122.35,2021-11-01 00:00:00,0,0.0
36.149998,-122.25,2021-11-01 00:00:00,0,0.0
36.149998,-122.149994,2021-11-01 00:00:00,0,0.0
36.149998,-122.049995,2021-11-01 00:00:00,0,0.0
36.149998,-121.95,2021-11-01 00:00:00,0,0.0
36.149998,-121.85,2021-11-01 00:00:00,0,0.0
36.149998,-121.75,2021-11-01 00:00:00,0,0.0
36.149998,-121.649994,2021-11-01 00:00:00,0,0.049000002
36.149998,-121.549995,2021-11-01 00:00:00,0,0.045
36.149998,-121.45,2021-11-01 00:00:00,0,0.043
36.149998,-121.35,2021-11-01 00:00:00,0,0.040000003
36.149998,-121.25,2021-11-01 00:00:00,0,0.039
36.149998,-121.149994,2021-11-01 00:00:00,0,0.035
36.149998,-121.049995,2021-11-01 00:00:00,0,0.031000001
36.149998,-120.95,2021-11-01 00:00:00,0,0.028
36.149998,-120.85,2021-11-01 00:00:00,0,0.026
36.149998,-120.75,2021-11-01 00:00:00,0,0.025
36.149998,-120.649994,2021-11-01 00:00:00,0,0.023000002
36.149998,-120.549995,2021-11-01 00:00:00,0,0.020000001
36.149998,-120.45,2021-11-01 00:00:00,0,0.019000001
36.149998,-120.35,2021-11-01 00:00:00,0,0.019000001
36.149998,-120.25,2021-11-01 00:00:00,0,0.019000001
36.149998,-120.149994,2021-11-01 00:00:00,0,0.021000002
36.149998,-120.049995,2021-11-01 00:00:00,0,0.021000002
36.149998,-119.95,2021-11-01 00:00:00,0,0.021000002
36.149998,-119.85,2021-11-01 00:00:00,0,0.020000001
36.149998,-119.75,2021-11-01 00:00:00,0,0.019000001
36.149998,-119.649994,2021-11-01 00:00:00,0,0.019000001
36.149998,-119.549995,2021-11-01 00:00:00,0,0.018000001
36.149998,-119.45,2021-11-01 00:00:00,0,0.019000001
36.149998,-119.35,2021-11-01 00:00:00,0,0.020000001
36.149998,-119.25,2021-11-01 00:00:00,0,0.022000002
36.149998,-119.149994,2021-11-01 00:00:00,0,0.025
36.149998,-119.049995,2021-11-01 00:00:00,0,0.028
36.149998,-118.95,2021-11-01 00:00:00,0,0.031000001
36.149998,-118.85,2021-11-01 00:00:00,0,0.033
36.149998,-118.75,2021-11-01 00:00:00,0,0.036000002
36.149998,-118.649994,2021-11-01 00:00:00,0,0.036000002
36.149998,-118.549995,2021-11-01 00:00:00,0,0.036000002
36.149998,-118.45,2021-11-01 00:00:00,0,0.037
36.149998,-118.35,2021-11-01 00:00:00,0,0.034
36.149998,-118.25,2021-11-01 00:00:00,0,0.031000001
36.149998,-118.149994,2021-11-01 00:00:00,0,0.029000001
36.149998,-118.049995,2021-11-01 00:00:00,0,0.026
36.149998,-117.95,2021-11-01 00:00:00,0,0.021000002
36.149998,-117.85,2021-11-01 00:00:00,0,0.020000001
36.149998,-117.75,2021-11-01 00:00:00,0,0.016
36.149998,-117.649994,2021-11-01 00:00:00,0,0.013
36.149998,-117.549995,2021-11-01 00:00:00,0,0.016
36.149998,-117.45,2021-11-01 00:00:00,0,0.008
36.149998,-117.35,2021-11-01 00:00:00,0,0.008
36.149998,-117.25,2021-11-01 00:00:00,0,0.006
36.149998,-117.149994,2021-11-01 00:00:00,0,0.007
36.149998,-117.049995,2021-11-01 00:00:00,0,0.006
36.149998,-116.95,2021-11-01 00:00:00,0,0.004
36.149998,-116.85,2021-11-01 00:00:00,0,0.004
36.149998,-116.75,2021-11-01 00:00:00,0,0.0050000004
36.149998,-116.649994,2021-11-01 00:00:00,0,0.0050000004
36.149998,-116.549995,2021-11-01 00:00:00,0,0.0050000004
36.149998,-116.45,2021-11-01 00:00:00,0,0.004
36.149998,-116.35,2021-11-01 00:00:00,0,0.003
36.149998,-116.25,2021-11-01 00:00:00,0,0.003
36.149998,-116.149994,2021-11-01 00:00:00,0,0.003
36.149998,-116.049995,2021-11-01 00:00:00,0,0.0
36.149998,-115.95,2021-11-01 00:00:00,0,0.0
36.149998,-115.85,2021-11-01 00:00:00,0,0.0
36.149998,-115.75,2021-11-01 00:00:00,0,0.0
36.149998,-115.649994,2021-11-01 00:00:00,0,0.0
36.149998,-115.549995,2021-11-01 00:00:00,0,0.0
36.149998,-115.45,2021-11-01 00:00:00,0,0.0
36.149998,-115.35,2021-11-01 00:00:00,0,0.0
36.149998,-115.25,2021-11-01 00:00:00,0,0.0
36.149998,-115.149994,2021-11-01 00:00:00,0,0.0
36.149998,-115.049995,2021-11-01 00:00:00,0,0.0
36.149998,-114.95,2021-11-01 00:00:00,0,0.0
36.149998,-114.85,2021-11-01 00:00:00,0,0.0
36.149998,-114.75,2021-11-01 00:00:00,0,0.0
36.149998,-114.649994,2021-11-01 00:00:00,0,0.0
36.149998,-114.549995,2021-11-01 00:00:00,0,0.0
36.149998,-114.45,2021-11-01 00:00:00,0,0.0
36.149998,-114.35,2021-11-01 00:00:00,0,0.0
36.149998,-114.25,2021-11-01 00:00:00,0,0.0
36.25,-124.35,2021-11-01 00:00:00,0,0.0
36.25,-124.25,2021-11-01 00:00:00,0,0.0
36.25,-124.149994,2021-11-01 00:00:00,0,0.0
36.25,-124.049995,2021-11-01 00:00:00,0,0.0
36.25,-123.95,2021-11-01 00:00:00,0,0.0
36.25,-123.85,2021-11-01 00:00:00,0,0.0
36.25,-123.75,2021-11-01 00:00:00,0,0.0
36.25,-123.649994,2021-11-01 00:00:00,0,0.0
36.25,-123.549995,2021-11-01 00:00:00,0,0.0
36.25,-123.45,2021-11-01 00:00:00,0,0.0
36.25,-123.35,2021-11-01 00:00:00,0,0.0
36.25,-123.25,2021-11-01 00:00:00,0,0.0
36.25,-123.149994,2021-11-01 00:00:00,0,0.0
36.25,-123.049995,2021-11-01 00:00:00,0,0.0
36.25,-122.95,2021-11-01 00:00:00,0,0.0
36.25,-122.85,2021-11-01 00:00:00,0,0.0
36.25,-122.75,2021-11-01 00:00:00,0,0.0
36.25,-122.649994,2021-11-01 00:00:00,0,0.0
36.25,-122.549995,2021-11-01 00:00:00,0,0.0
36.25,-122.45,2021-11-01 00:00:00,0,0.0
36.25,-122.35,2021-11-01 00:00:00,0,0.0
36.25,-122.25,2021-11-01 00:00:00,0,0.0
36.25,-122.149994,2021-11-01 00:00:00,0,0.0
36.25,-122.049995,2021-11-01 00:00:00,0,0.0
36.25,-121.95,2021-11-01 00:00:00,0,0.0
36.25,-121.85,2021-11-01 00:00:00,0,0.0
36.25,-121.75,2021-11-01 00:00:00,0,0.052
36.25,-121.649994,2021-11-01 00:00:00,0,0.048
36.25,-121.549995,2021-11-01 00:00:00,0,0.046000004
36.25,-121.45,2021-11-01 00:00:00,0,0.042000003
36.25,-121.35,2021-11-01 00:00:00,0,0.041
36.25,-121.25,2021-11-01 00:00:00,0,0.037
36.25,-121.149994,2021-11-01 00:00:00,0,0.033
36.25,-121.049995,2021-11-01 00:00:00,0,0.030000001
36.25,-120.95,2021-11-01 00:00:00,0,0.027
36.25,-120.85,2021-11-01 00:00:00,0,0.026
36.25,-120.75,2021-11-01 00:00:00,0,0.026
36.25,-120.649994,2021-11-01 00:00:00,0,0.022000002
36.25,-120.549995,2021-11-01 00:00:00,0,0.019000001
36.25,-120.45,2021-11-01 00:00:00,0,0.020000001
36.25,-120.35,2021-11-01 00:00:00,0,0.022000002
36.25,-120.25,2021-11-01 00:00:00,0,0.027
36.25,-120.149994,2021-11-01 00:00:00,0,0.021000002
36.25,-120.049995,2021-11-01 00:00:00,0,0.021000002
36.25,-119.95,2021-11-01 00:00:00,0,0.019000001
36.25,-119.85,2021-11-01 00:00:00,0,0.019000001
36.25,-119.75,2021-11-01 00:00:00,0,0.018000001
36.25,-119.649994,2021-11-01 00:00:00,0,0.020000001
36.25,-119.549995,2021-11-01 00:00:00,0,0.019000001
36.25,-119.45,2021-11-01 00:00:00,0,0.021000002
36.25,-119.35,2021-11-01 00:00:00,0,0.024
36.25,-119.25,2021-11-01 00:00:00,0,0.025
36.25,-119.149994,2021-11-01 00:00:00,0,0.028
36.25,-119.049995,2021-11-01 00:00:00,0,0.032
36.25,-118.95,2021-11-01 00:00:00,0,0.036000002
36.25,-118.85,2021-11-01 00:00:00,0,0.036000002
36.25,-118.75,2021-11-01 00:00:00,0,0.040000003
36.25,-118.649994,2021-11-01 00:00:00,0,0.041
36.25,-118.549995,2021-11-01 00:00:00,0,0.043
36.25,-118.45,2021-11-01 00:00:00,0,0.040000003
36.25,-118.35,2021-11-01 00:00:00,0,0.037
36.25,-118.25,2021-11-01 00:00:00,0,0.036000002
36.25,-118.149994,2021-11-01 00:00:00,0,0.030000001
36.25,-118.049995,2021-11-01 00:00:00,0,0.027
36.25,-117.95,2021-11-01 00:00:00,0,0.025
36.25,-117.85,2021-11-01 00:00:00,0,0.020000001
36.25,-117.75,2021-11-01 00:00:00,0,0.016
36.25,-117.649994,2021-11-01 00:00:00,0,0.013
36.25,-117.549995,2021-11-01 00:00:00,0,0.010000001
36.25,-117.45,2021-11-01 00:00:00,0,0.009000001
36.25,-117.35,2021-11-01 00:00:00,0,0.009000001
36.25,-117.25,2021-11-01 00:00:00,0,0.007
36.25,-117.149994,2021-11-01 00:00:00,0,0.007
36.25,-117.049995,2021-11-01 00:00:00,0,0.006
36.25,-116.95,2021-11-01 00:00:00,0,0.0050000004
36.25,-116.85,2021-11-01 00:00:00,0,0.0050000004
36.25,-116.75,2021-11-01 00:00:00,0,0.006
36.25,-116.649994,2021-11-01 00:00:00,0,0.0050000004
36.25,-116.549995,2021-11-01 00:00:00,0,0.004
36.25,-116.45,2021-11-01 00:00:00,0,0.004
36.25,-116.35,2021-11-01 00:00:00,0,0.004
36.25,-116.25,2021-11-01 00:00:00,0,0.003
36.25,-116.149994,2021-11-01 00:00:00,0,0.0
36.25,-116.049995,2021-11-01 00:00:00,0,0.0
36.25,-115.95,2021-11-01 00:00:00,0,0.0
36.25,-115.85,2021-11-01 00:00:00,0,0.0
36.25,-115.75,2021-11-01 00:00:00,0,0.0
36.25,-115.649994,2021-11-01 00:00:00,0,0.0
36.25,-115.549995,2021-11-01 00:00:00,0,0.0
36.25,-115.45,2021-11-01 00:00:00,0,0.0
36.25,-115.35,2021-11-01 00:00:00,0,0.0
36.25,-115.25,2021-11-01 00:00:00,0,0.0
36.25,-115.149994,2021-11-01 00:00:00,0,0.0
36.25,-115.049995,2021-11-01 00:00:00,0,0.0
36.25,-114.95,2021-11-01 00:00:00,0,0.0
36.25,-114.85,2021-11-01 00:00:00,0,0.0
36.25,-114.75,2021-11-01 00:00:00,0,0.0
36.25,-114.649994,2021-11-01 00:00:00,0,0.0
36.25,-114.549995,2021-11-01 00:00:00,0,0.0
36.25,-114.45,2021-11-01 00:00:00,0,0.0
36.25,-114.35,2021-11-01 00:00:00,0,0.0
36.25,-114.25,2021-11-01 00:00:00,0,0.0
36.35,-124.35,2021-11-01 00:00:00,0,0.0
36.35,-124.25,2021-11-01 00:00:00,0,0.0
36.35,-124.149994,2021-11-01 00:00:00,0,0.0
36.35,-124.049995,2021-11-01 00:00:00,0,0.0
36.35,-123.95,2021-11-01 00:00:00,0,0.0
36.35,-123.85,2021-11-01 00:00:00,0,0.0
36.35,-123.75,2021-11-01 00:00:00,0,0.0
36.35,-123.649994,2021-11-01 00:00:00,0,0.0
36.35,-123.549995,2021-11-01 00:00:00,0,0.0
36.35,-123.45,2021-11-01 00:00:00,0,0.0
36.35,-123.35,2021-11-01 00:00:00,0,0.0
36.35,-123.25,2021-11-01 00:00:00,0,0.0
36.35,-123.149994,2021-11-01 00:00:00,0,0.0
36.35,-123.049995,2021-11-01 00:00:00,0,0.0
36.35,-122.95,2021-11-01 00:00:00,0,0.0
36.35,-122.85,2021-11-01 00:00:00,0,0.0
36.35,-122.75,2021-11-01 00:00:00,0,0.0
36.35,-122.649994,2021-11-01 00:00:00,0,0.0
36.35,-122.549995,2021-11-01 00:00:00,0,0.0
36.35,-122.45,2021-11-01 00:00:00,0,0.0
36.35,-122.35,2021-11-01 00:00:00,0,0.0
36.35,-122.25,2021-11-01 00:00:00,0,0.0
36.35,-122.149994,2021-11-01 00:00:00,0,0.0
36.35,-122.049995,2021-11-01 00:00:00,0,0.0
36.35,-121.95,2021-11-01 00:00:00,0,0.0
36.35,-121.85,2021-11-01 00:00:00,0,0.058000002
36.35,-121.75,2021-11-01 00:00:00,0,0.055000003
36.35,-121.649994,2021-11-01 00:00:00,0,0.051000003
36.35,-121.549995,2021-11-01 00:00:00,0,0.045
36.35,-121.45,2021-11-01 00:00:00,0,0.043
36.35,-121.35,2021-11-01 00:00:00,0,0.039
36.35,-121.25,2021-11-01 00:00:00,0,0.035
36.35,-121.149994,2021-11-01 00:00:00,0,0.033
36.35,-121.049995,2021-11-01 00:00:00,0,0.030000001
36.35,-120.95,2021-11-01 00:00:00,0,0.028
36.35,-120.85,2021-11-01 00:00:00,0,0.028
36.35,-120.75,2021-11-01 00:00:00,0,0.025
36.35,-120.649994,2021-11-01 00:00:00,0,0.023000002
36.35,-120.549995,2021-11-01 00:00:00,0,0.023000002
36.35,-120.45,2021-11-01 00:00:00,0,0.025
36.35,-120.35,2021-11-01 00:00:00,0,0.023000002
36.35,-120.25,2021-11-01 00:00:00,0,0.025
36.35,-120.149994,2021-11-01 00:00:00,0,0.022000002
36.35,-120.049995,2021-11-01 00:00:00,0,0.021000002
36.35,-119.95,2021-11-01 00:00:00,0,0.021000002
36.35,-119.85,2021-11-01 00:00:00,0,0.021000002
36.35,-119.75,2021-11-01 00:00:00,0,0.022000002
36.35,-119.649994,2021-11-01 00:00:00,0,0.022000002
36.35,-119.549995,2021-11-01 00:00:00,0,0.022000002
36.35,-119.45,2021-11-01 00:00:00,0,0.023000002
36.35,-119.35,2021-11-01 00:00:00,0,0.026
36.35,-119.25,2021-11-01 00:00:00,0,0.029000001
36.35,-119.149994,2021-11-01 00:00:00,0,0.033
36.35,-119.049995,2021-11-01 00:00:00,0,0.035
36.35,-118.95,2021-11-01 00:00:00,0,0.037
36.35,-118.85,2021-11-01 00:00:00,0,0.040000003
36.35,-118.75,2021-11-01 00:00:00,0,0.043
36.35,-118.649994,2021-11-01 00:00:00,0,0.051000003
36.35,-118.549995,2021-11-01 00:00:00,0,0.057000004
36.35,-118.45,2021-11-01 00:00:00,0,0.051000003
36.35,-118.35,2021-11-01 00:00:00,0,0.045
36.35,-118.25,2021-11-01 00:00:00,0,0.040000003
36.35,-118.149994,2021-11-01 00:00:00,0,0.033
36.35,-118.049995,2021-11-01 00:00:00,0,0.029000001
36.35,-117.95,2021-11-01 00:00:00,0,0.029000001
36.35,-117.85,2021-11-01 00:00:00,0,0.021000002
36.35,-117.75,2021-11-01 00:00:00,0,0.016
36.35,-117.649994,2021-11-01 00:00:00,0,0.013
36.35,-117.549995,2021-11-01 00:00:00,0,0.010000001
36.35,-117.45,2021-11-01 00:00:00,0,0.008
36.35,-117.35,2021-11-01 00:00:00,0,0.008
36.35,-117.25,2021-11-01 00:00:00,0,0.006
36.35,-117.149994,2021-11-01 00:00:00,0,0.0050000004
36.35,-117.049995,2021-11-01 00:00:00,0,0.0050000004
36.35,-116.95,2021-11-01 00:00:00,0,0.0050000004
36.35,-116.85,2021-11-01 00:00:00,0,0.006
36.35,-116.75,2021-11-01 00:00:00,0,0.0050000004
36.35,-116.649994,2021-11-01 00:00:00,0,0.0050000004
36.35,-116.549995,2021-11-01 00:00:00,0,0.0050000004
36.35,-116.45,2021-11-01 00:00:00,0,0.007
36.35,-116.35,2021-11-01 00:00:00,0,0.007
36.35,-116.25,2021-11-01 00:00:00,0,0.0
36.35,-116.149994,2021-11-01 00:00:00,0,0.0
36.35,-116.049995,2021-11-01 00:00:00,0,0.0
36.35,-115.95,2021-11-01 00:00:00,0,0.0
36.35,-115.85,2021-11-01 00:00:00,0,0.0
36.35,-115.75,2021-11-01 00:00:00,0,0.0
36.35,-115.649994,2021-11-01 00:00:00,0,0.0
36.35,-115.549995,2021-11-01 00:00:00,0,0.0
36.35,-115.45,2021-11-01 00:00:00,0,0.0
36.35,-115.35,2021-11-01 00:00:00,0,0.0
36.35,-115.25,2021-11-01 00:00:00,0,0.0
36.35,-115.149994,2021-11-01 00:00:00,0,0.0
36.35,-115.049995,2021-11-01 00:00:00,0,0.0
36.35,-114.95,2021-11-01 00:00:00,0,0.0
36.35,-114.85,2021-11-01 00:00:00,0,0.0
36.35,-114.75,2021-11-01 00:00:00,0,0.0
36.35,-114.649994,2021-11-01 00:00:00,0,0.0
36.35,-114.549995,2021-11-01 00:00:00,0,0.0
36.35,-114.45,2021-11-01 00:00:00,0,0.0
36.35,-114.35,2021-11-01 00:00:00,0,0.0
36.35,-114.25,2021-11-01 00:00:00,0,0.0
36.45,-124.35,2021-11-01 00:00:00,0,0.0
36.45,-124.25,2021-11-01 00:00:00,0,0.0
36.45,-124.149994,2021-11-01 00:00:00,0,0.0
36.45,-124.049995,2021-11-01 00:00:00,0,0.0
36.45,-123.95,2021-11-01 00:00:00,0,0.0
36.45,-123.85,2021-11-01 00:00:00,0,0.0
36.45,-123.75,2021-11-01 00:00:00,0,0.0
36.45,-123.649994,2021-11-01 00:00:00,0,0.0
36.45,-123.549995,2021-11-01 00:00:00,0,0.0
36.45,-123.45,2021-11-01 00:00:00,0,0.0
36.45,-123.35,2021-11-01 00:00:00,0,0.0
36.45,-123.25,2021-11-01 00:00:00,0,0.0
36.45,-123.149994,2021-11-01 00:00:00,0,0.0
36.45,-123.049995,2021-11-01 00:00:00,0,0.0
36.45,-122.95,2021-11-01 00:00:00,0,0.0
36.45,-122.85,2021-11-01 00:00:00,0,0.0
36.45,-122.75,2021-11-01 00:00:00,0,0.0
36.45,-122.649994,2021-11-01 00:00:00,0,0.0
36.45,-122.549995,2021-11-01 00:00:00,0,0.0
36.45,-122.45,2021-11-01 00:00:00,0,0.0
36.45,-122.35,2021-11-01 00:00:00,0,0.0
36.45,-122.25,2021-11-01 00:00:00,0,0.0
36.45,-122.149994,2021-11-01 00:00:00,0,0.0
36.45,-122.049995,2021-11-01 00:00:00,0,0.0
36.45,-121.95,2021-11-01 00:00:00,0,0.0
36.45,-121.85,2021-11-01 00:00:00,0,0.060000002
36.45,-121.75,2021-11-01 00:00:00,0,0.057000004
36.45,-121.649994,2021-11-01 00:00:00,0,0.051000003
36.45,-121.549995,2021-11-01 00:00:00,0,0.046000004
36.45,-121.45,2021-11-01 00:00:00,0,0.042000003
36.45,-121.35,2021-11-01 00:00:00,0,0.038000003
36.45,-121.25,2021-11-01 00:00:00,0,0.036000002
36.45,-121.149994,2021-11-01 00:00:00,0,0.033
36.45,-121.049995,2021-11-01 00:00:00,0,0.031000001
36.45,-120.95,2021-11-01 00:00:00,0,0.031000001
36.45,-120.85,2021-11-01 00:00:00,0,0.028
36.45,-120.75,2021-11-01 00:00:00,0,0.026
36.45,-120.649994,2021-11-01 00:00:00,0,0.026
36.45,-120.549995,2021-11-01 00:00:00,0,0.023000002
36.45,-120.45,2021-11-01 00:00:00,0,0.021000002
36.45,-120.35,2021-11-01 00:00:00,0,0.022000002
36.45,-120.25,2021-11-01 00:00:00,0,0.020000001
36.45,-120.149994,2021-11-01 00:00:00,0,0.021000002
36.45,-120.049995,2021-11-01 00:00:00,0,0.021000002
36.45,-119.95,2021-11-01 00:00:00,0,0.025
36.45,-119.85,2021-11-01 00:00:00,0,0.025
36.45,-119.75,2021-11-01 00:00:00,0,0.025
36.45,-119.649994,2021-11-01 00:00:00,0,0.025
36.45,-119.549995,2021-11-01 00:00:00,0,0.025
36.45,-119.45,2021-11-01 00:00:00,0,0.027
36.45,-119.35,2021-11-01 00:00:00,0,0.030000001
36.45,-119.25,2021-11-01 00:00:00,0,0.034
36.45,-119.149994,2021-11-01 00:00:00,0,0.036000002
36.45,-119.049995,2021-11-01 00:00:00,0,0.039
36.45,-118.95,2021-11-01 00:00:00,0,0.042000003
36.45,-118.85,2021-11-01 00:00:00,0,0.044000003
36.45,-118.75,2021-11-01 00:00:00,0,0.047000002
36.45,-118.649994,2021-11-01 00:00:00,0,0.05
36.45,-118.549995,2021-11-01 00:00:00,0,0.064
36.45,-118.45,2021-11-01 00:00:00,0,0.059000004
36.45,-118.35,2021-11-01 00:00:00,0,0.049000002
36.45,-118.25,2021-11-01 00:00:00,0,0.049000002
36.45,-118.149994,2021-11-01 00:00:00,0,0.040000003
36.45,-118.049995,2021-11-01 00:00:00,0,0.036000002
36.45,-117.95,2021-11-01 00:00:00,0,0.028
36.45,-117.85,2021-11-01 00:00:00,0,0.021000002
36.45,-117.75,2021-11-01 00:00:00,0,0.017
36.45,-117.649994,2021-11-01 00:00:00,0,0.014
36.45,-117.549995,2021-11-01 00:00:00,0,0.009000001
36.45,-117.45,2021-11-01 00:00:00,0,0.007
36.45,-117.35,2021-11-01 00:00:00,0,0.006
36.45,-117.25,2021-11-01 00:00:00,0,0.006
36.45,-117.149994,2021-11-01 00:00:00,0,0.006
36.45,-117.049995,2021-11-01 00:00:00,0,0.006
36.45,-116.95,2021-11-01 00:00:00,0,0.006
36.45,-116.85,2021-11-01 00:00:00,0,0.006
36.45,-116.75,2021-11-01 00:00:00,0,0.007
36.45,-116.649994,2021-11-01 00:00:00,0,0.007
36.45,-116.549995,2021-11-01 00:00:00,0,0.016
36.45,-116.45,2021-11-01 00:00:00,0,0.0
36.45,-116.35,2021-11-01 00:00:00,0,0.0
36.45,-116.25,2021-11-01 00:00:00,0,0.0
36.45,-116.149994,2021-11-01 00:00:00,0,0.0
36.45,-116.049995,2021-11-01 00:00:00,0,0.0
36.45,-115.95,2021-11-01 00:00:00,0,0.0
36.45,-115.85,2021-11-01 00:00:00,0,0.0
36.45,-115.75,2021-11-01 00:00:00,0,0.0
36.45,-115.649994,2021-11-01 00:00:00,0,0.0
36.45,-115.549995,2021-11-01 00:00:00,0,0.0
36.45,-115.45,2021-11-01 00:00:00,0,0.0
36.45,-115.35,2021-11-01 00:00:00,0,0.0
36.45,-115.25,2021-11-01 00:00:00,0,0.0
36.45,-115.149994,2021-11-01 00:00:00,0,0.0
36.45,-115.049995,2021-11-01 00:00:00,0,0.0
36.45,-114.95,2021-11-01 00:00:00,0,0.0
36.45,-114.85,2021-11-01 00:00:00,0,0.0
36.45,-114.75,2021-11-01 00:00:00,0,0.0
36.45,-114.649994,2021-11-01 00:00:00,0,0.0
36.45,-114.549995,2021-11-01 00:00:00,0,0.0
36.45,-114.45,2021-11-01 00:00:00,0,0.0
36.45,-114.35,2021-11-01 00:00:00,0,0.0
36.45,-114.25,2021-11-01 00:00:00,0,0.0
36.55,-124.35,2021-11-01 00:00:00,0,0.0
36.55,-124.25,2021-11-01 00:00:00,0,0.0
36.55,-124.149994,2021-11-01 00:00:00,0,0.0
36.55,-124.049995,2021-11-01 00:00:00,0,0.0
36.55,-123.95,2021-11-01 00:00:00,0,0.0
36.55,-123.85,2021-11-01 00:00:00,0,0.0
36.55,-123.75,2021-11-01 00:00:00,0,0.0
36.55,-123.649994,2021-11-01 00:00:00,0,0.0
36.55,-123.549995,2021-11-01 00:00:00,0,0.0
36.55,-123.45,2021-11-01 00:00:00,0,0.0
36.55,-123.35,2021-11-01 00:00:00,0,0.0
36.55,-123.25,2021-11-01 00:00:00,0,0.0
36.55,-123.149994,2021-11-01 00:00:00,0,0.0
36.55,-123.049995,2021-11-01 00:00:00,0,0.0
36.55,-122.95,2021-11-01 00:00:00,0,0.0
36.55,-122.85,2021-11-01 00:00:00,0,0.0
36.55,-122.75,2021-11-01 00:00:00,0,0.0
36.55,-122.649994,2021-11-01 00:00:00,0,0.0
36.55,-122.549995,2021-11-01 00:00:00,0,0.0
36.55,-122.45,2021-11-01 00:00:00,0,0.0
36.55,-122.35,2021-11-01 00:00:00,0,0.0
36.55,-122.25,2021-11-01 00:00:00,0,0.0
36.55,-122.149994,2021-11-01 00:00:00,0,0.0
36.55,-122.049995,2021-11-01 00:00:00,0,0.0
36.55,-121.95,2021-11-01 00:00:00,0,0.0
36.55,-121.85,2021-11-01 00:00:00,0,0.061000004
36.55,-121.75,2021-11-01 00:00:00,0,0.057000004
36.55,-121.649994,2021-11-01 00:00:00,0,0.052
36.55,-121.549995,2021-11-01 00:00:00,0,0.046000004
36.55,-121.45,2021-11-01 00:00:00,0,0.043
36.55,-121.35,2021-11-01 00:00:00,0,0.041
36.55,-121.25,2021-11-01 00:00:00,0,0.042000003
36.55,-121.149994,2021-11-01 00:00:00,0,0.038000003
36.55,-121.049995,2021-11-01 00:00:00,0,0.037
36.55,-120.95,2021-11-01 00:00:00,0,0.032
36.55,-120.85,2021-11-01 00:00:00,0,0.032
36.55,-120.75,2021-11-01 00:00:00,0,0.033
36.55,-120.649994,2021-11-01 00:00:00,0,0.028
36.55,-120.549995,2021-11-01 00:00:00,0,0.026
36.55,-120.45,2021-11-01 00:00:00,0,0.021000002
36.55,-120.35,2021-11-01 00:00:00,0,0.022000002
36.55,-120.25,2021-11-01 00:00:00,0,0.027
36.55,-120.149994,2021-11-01 00:00:00,0,0.026
36.55,-120.049995,2021-11-01 00:00:00,0,0.027
36.55,-119.95,2021-11-01 00:00:00,0,0.031000001
36.55,-119.85,2021-11-01 00:00:00,0,0.031000001
36.55,-119.75,2021-11-01 00:00:00,0,0.030000001
36.55,-119.649994,2021-11-01 00:00:00,0,0.031000001
36.55,-119.549995,2021-11-01 00:00:00,0,0.030000001
36.55,-119.45,2021-11-01 00:00:00,0,0.032
36.55,-119.35,2021-11-01 00:00:00,0,0.038000003
36.55,-119.25,2021-11-01 00:00:00,0,0.040000003
36.55,-119.149994,2021-11-01 00:00:00,0,0.040000003
36.55,-119.049995,2021-11-01 00:00:00,0,0.046000004
36.55,-118.95,2021-11-01 00:00:00,0,0.045
36.55,-118.85,2021-11-01 00:00:00,0,0.047000002
36.55,-118.75,2021-11-01 00:00:00,0,0.05
36.55,-118.649994,2021-11-01 00:00:00,0,0.057000004
36.55,-118.549995,2021-11-01 00:00:00,0,0.07
36.55,-118.45,2021-11-01 00:00:00,0,0.069000006
36.55,-118.35,2021-11-01 00:00:00,0,0.063
36.55,-118.25,2021-11-01 00:00:00,0,0.063
36.55,-118.149994,2021-11-01 00:00:00,0,0.045
36.55,-118.049995,2021-11-01 00:00:00,0,0.036000002
36.55,-117.95,2021-11-01 00:00:00,0,0.027
36.55,-117.85,2021-11-01 00:00:00,0,0.023000002
36.55,-117.75,2021-11-01 00:00:00,0,0.018000001
36.55,-117.649994,2021-11-01 00:00:00,0,0.014
36.55,-117.549995,2021-11-01 00:00:00,0,0.009000001
36.55,-117.45,2021-11-01 00:00:00,0,0.007
36.55,-117.35,2021-11-01 00:00:00,0,0.006
36.55,-117.25,2021-11-01 00:00:00,0,0.006
36.55,-117.149994,2021-11-01 00:00:00,0,0.006
36.55,-117.049995,2021-11-01 00:00:00,0,0.006
36.55,-116.95,2021-11-01 00:00:00,0,0.006
36.55,-116.85,2021-11-01 00:00:00,0,0.007
36.55,-116.75,2021-11-01 00:00:00,0,0.016
36.55,-116.649994,2021-11-01 00:00:00,0,0.011000001
36.55,-116.549995,2021-11-01 00:00:00,0,0.0
36.55,-116.45,2021-11-01 00:00:00,0,0.0
36.55,-116.35,2021-11-01 00:00:00,0,0.0
36.55,-116.25,2021-11-01 00:00:00,0,0.0
36.55,-116.149994,2021-11-01 00:00:00,0,0.0
36.55,-116.049995,2021-11-01 00:00:00,0,0.0
36.55,-115.95,2021-11-01 00:00:00,0,0.0
36.55,-115.85,2021-11-01 00:00:00,0,0.0
36.55,-115.75,2021-11-01 00:00:00,0,0.0
36.55,-115.649994,2021-11-01 00:00:00,0,0.0
36.55,-115.549995,2021-11-01 00:00:00,0,0.0
36.55,-115.45,2021-11-01 00:00:00,0,0.0
36.55,-115.35,2021-11-01 00:00:00,0,0.0
36.55,-115.25,2021-11-01 00:00:00,0,0.0
36.55,-115.149994,2021-11-01 00:00:00,0,0.0
36.55,-115.049995,2021-11-01 00:00:00,0,0.0
36.55,-114.95,2021-11-01 00:00:00,0,0.0
36.55,-114.85,2021-11-01 00:00:00,0,0.0
36.55,-114.75,2021-11-01 00:00:00,0,0.0
36.55,-114.649994,2021-11-01 00:00:00,0,0.0
36.55,-114.549995,2021-11-01 00:00:00,0,0.0
36.55,-114.45,2021-11-01 00:00:00,0,0.0
36.55,-114.35,2021-11-01 00:00:00,0,0.0
36.55,-114.25,2021-11-01 00:00:00,0,0.0
36.649998,-124.35,2021-11-01 00:00:00,0,0.0
36.649998,-124.25,2021-11-01 00:00:00,0,0.0
36.649998,-124.149994,2021-11-01 00:00:00,0,0.0
36.649998,-124.049995,2021-11-01 00:00:00,0,0.0
36.649998,-123.95,2021-11-01 00:00:00,0,0.0
36.649998,-123.85,2021-11-01 00:00:00,0,0.0
36.649998,-123.75,2021-11-01 00:00:00,0,0.0
36.649998,-123.649994,2021-11-01 00:00:00,0,0.0
36.649998,-123.549995,2021-11-01 00:00:00,0,0.0
36.649998,-123.45,2021-11-01 00:00:00,0,0.0
36.649998,-123.35,2021-11-01 00:00:00,0,0.0
36.649998,-123.25,2021-11-01 00:00:00,0,0.0
36.649998,-123.149994,2021-11-01 00:00:00,0,0.0
36.649998,-123.049995,2021-11-01 00:00:00,0,0.0
36.649998,-122.95,2021-11-01 00:00:00,0,0.0
36.649998,-122.85,2021-11-01 00:00:00,0,0.0
36.649998,-122.75,2021-11-01 00:00:00,0,0.0
36.649998,-122.649994,2021-11-01 00:00:00,0,0.0
36.649998,-122.549995,2021-11-01 00:00:00,0,0.0
36.649998,-122.45,2021-11-01 00:00:00,0,0.0
36.649998,-122.35,2021-11-01 00:00:00,0,0.0
36.649998,-122.25,2021-11-01 00:00:00,0,0.0
36.649998,-122.149994,2021-11-01 00:00:00,0,0.0
36.649998,-122.049995,2021-11-01 00:00:00,0,0.0
36.649998,-121.95,2021-11-01 00:00:00,0,0.0
36.649998,-121.85,2021-11-01 00:00:00,0,0.0
36.649998,-121.75,2021-11-01 00:00:00,0,0.055000003
36.649998,-121.649994,2021-11-01 00:00:00,0,0.051000003
36.649998,-121.549995,2021-11-01 00:00:00,0,0.047000002
36.649998,-121.45,2021-11-01 00:00:00,0,0.045
36.649998,-121.35,2021-11-01 00:00:00,0,0.044000003
36.649998,-121.25,2021-11-01 00:00:00,0,0.043
36.649998,-121.149994,2021-11-01 00:00:00,0,0.040000003
36.649998,-121.049995,2021-11-01 00:00:00,0,0.036000002
36.649998,-120.95,2021-11-01 00:00:00,0,0.036000002
36.649998,-120.85,2021-11-01 00:00:00,0,0.038000003
36.649998,-120.75,2021-11-01 00:00:00,0,0.036000002
36.649998,-120.649994,2021-11-01 00:00:00,0,0.034
36.649998,-120.549995,2021-11-01 00:00:00,0,0.029000001
36.649998,-120.45,2021-11-01 00:00:00,0,0.027
36.649998,-120.35,2021-11-01 00:00:00,0,0.028
36.649998,-120.25,2021-11-01 00:00:00,0,0.030000001
36.649998,-120.149994,2021-11-01 00:00:00,0,0.033
36.649998,-120.049995,2021-11-01 00:00:00,0,0.036000002
36.649998,-119.95,2021-11-01 00:00:00,0,0.038000003
36.649998,-119.85,2021-11-01 00:00:00,0,0.036000002
36.649998,-119.75,2021-11-01 00:00:00,0,0.036000002
36.649998,-119.649994,2021-11-01 00:00:00,0,0.035
36.649998,-119.549995,2021-11-01 00:00:00,0,0.037
36.649998,-119.45,2021-11-01 00:00:00,0,0.043
36.649998,-119.35,2021-11-01 00:00:00,0,0.041
36.649998,-119.25,2021-11-01 00:00:00,0,0.044000003
36.649998,-119.149994,2021-11-01 00:00:00,0,0.045
36.649998,-119.049995,2021-11-01 00:00:00,0,0.049000002
36.649998,-118.95,2021-11-01 00:00:00,0,0.048
36.649998,-118.85,2021-11-01 00:00:00,0,0.047000002
36.649998,-118.75,2021-11-01 00:00:00,0,0.05
36.649998,-118.649994,2021-11-01 00:00:00,0,0.059000004
36.649998,-118.549995,2021-11-01 00:00:00,0,0.059000004
36.649998,-118.45,2021-11-01 00:00:00,0,0.065000005
36.649998,-118.35,2021-11-01 00:00:00,0,0.065000005
36.649998,-118.25,2021-11-01 00:00:00,0,0.051000003
36.649998,-118.149994,2021-11-01 00:00:00,0,0.043
36.649998,-118.049995,2021-11-01 00:00:00,0,0.033
36.649998,-117.95,2021-11-01 00:00:00,0,0.026
36.649998,-117.85,2021-11-01 00:00:00,0,0.020000001
36.649998,-117.75,2021-11-01 00:00:00,0,0.016
36.649998,-117.649994,2021-11-01 00:00:00,0,0.012
36.649998,-117.549995,2021-11-01 00:00:00,0,0.010000001
36.649998,-117.45,2021-11-01 00:00:00,0,0.007
36.649998,-117.35,2021-11-01 00:00:00,0,0.006
36.649998,-117.25,2021-11-01 00:00:00,0,0.006
36.649998,-117.149994,2021-11-01 00:00:00,0,0.006
36.649998,-117.049995,2021-11-01 00:00:00,0,0.008
36.649998,-116.95,2021-11-01 00:00:00,0,0.007
36.649998,-116.85,2021-11-01 00:00:00,0,0.009000001
36.649998,-116.75,2021-11-01 00:00:00,0,0.05
36.649998,-116.649994,2021-11-01 00:00:00,0,0.0
36.649998,-116.549995,2021-11-01 00:00:00,0,0.0
36.649998,-116.45,2021-11-01 00:00:00,0,0.0
36.649998,-116.35,2021-11-01 00:00:00,0,0.0
36.649998,-116.25,2021-11-01 00:00:00,0,0.0
36.649998,-116.149994,2021-11-01 00:00:00,0,0.0
36.649998,-116.049995,2021-11-01 00:00:00,0,0.0
36.649998,-115.95,2021-11-01 00:00:00,0,0.0
36.649998,-115.85,2021-11-01 00:00:00,0,0.0
36.649998,-115.75,2021-11-01 00:00:00,0,0.0
36.649998,-115.649994,2021-11-01 00:00:00,0,0.0
36.649998,-115.549995,2021-11-01 00:00:00,0,0.0
36.649998,-115.45,2021-11-01 00:00:00,0,0.0
36.649998,-115.35,2021-11-01 00:00:00,0,0.0
36.649998,-115.25,2021-11-01 00:00:00,0,0.0
36.649998,-115.149994,2021-11-01 00:00:00,0,0.0
36.649998,-115.049995,2021-11-01 00:00:00,0,0.0
36.649998,-114.95,2021-11-01 00:00:00,0,0.0
36.649998,-114.85,2021-11-01 00:00:00,0,0.0
36.649998,-114.75,2021-11-01 00:00:00,0,0.0
36.649998,-114.649994,2021-11-01 00:00:00,0,0.0
36.649998,-114.549995,2021-11-01 00:00:00,0,0.0
36.649998,-114.45,2021-11-01 00:00:00,0,0.0
36.649998,-114.35,2021-11-01 00:00:00,0,0.0
36.649998,-114.25,2021-11-01 00:00:00,0,0.0
36.75,-124.35,2021-11-01 00:00:00,0,0.0
36.75,-124.25,2021-11-01 00:00:00,0,0.0
36.75,-124.149994,2021-11-01 00:00:00,0,0.0
36.75,-124.049995,2021-11-01 00:00:00,0,0.0
36.75,-123.95,2021-11-01 00:00:00,0,0.0
36.75,-123.85,2021-11-01 00:00:00,0,0.0
36.75,-123.75,2021-11-01 00:00:00,0,0.0
36.75,-123.649994,2021-11-01 00:00:00,0,0.0
36.75,-123.549995,2021-11-01 00:00:00,0,0.0
36.75,-123.45,2021-11-01 00:00:00,0,0.0
36.75,-123.35,2021-11-01 00:00:00,0,0.0
36.75,-123.25,2021-11-01 00:00:00,0,0.0
36.75,-123.149994,2021-11-01 00:00:00,0,0.0
36.75,-123.049995,2021-11-01 00:00:00,0,0.0
36.75,-122.95,2021-11-01 00:00:00,0,0.0
36.75,-122.85,2021-11-01 00:00:00,0,0.0
36.75,-122.75,2021-11-01 00:00:00,0,0.0
36.75,-122.649994,2021-11-01 00:00:00,0,0.0
36.75,-122.549995,2021-11-01 00:00:00,0,0.0
36.75,-122.45,2021-11-01 00:00:00,0,0.0
36.75,-122.35,2021-11-01 00:00:00,0,0.0
36.75,-122.25,2021-11-01 00:00:00,0,0.0
36.75,-122.149994,2021-11-01 00:00:00,0,0.0
36.75,-122.049995,2021-11-01 00:00:00,0,0.0
36.75,-121.95,2021-11-01 00:00:00,0,0.0
36.75,-121.85,2021-11-01 00:00:00,0,0.0
36.75,-121.75,2021-11-01 00:00:00,0,0.058000002
36.75,-121.649994,2021-11-01 00:00:00,0,0.054
36.75,-121.549995,2021-11-01 00:00:00,0,0.049000002
36.75,-121.45,2021-11-01 00:00:00,0,0.047000002
36.75,-121.35,2021-11-01 00:00:00,0,0.044000003
36.75,-121.25,2021-11-01 00:00:00,0,0.043
36.75,-121.149994,2021-11-01 00:00:00,0,0.038000003
36.75,-121.049995,2021-11-01 00:00:00,0,0.035
36.75,-120.95,2021-11-01 00:00:00,0,0.037
36.75,-120.85,2021-11-01 00:00:00,0,0.039
36.75,-120.75,2021-11-01 00:00:00,0,0.040000003
36.75,-120.649994,2021-11-01 00:00:00,0,0.034
36.75,-120.549995,2021-11-01 00:00:00,0,0.031000001
36.75,-120.45,2021-11-01 00:00:00,0,0.031000001
36.75,-120.35,2021-11-01 00:00:00,0,0.034
36.75,-120.25,2021-11-01 00:00:00,0,0.040000003
36.75,-120.149994,2021-11-01 00:00:00,0,0.041
36.75,-120.049995,2021-11-01 00:00:00,0,0.041
36.75,-119.95,2021-11-01 00:00:00,0,0.042000003
36.75,-119.85,2021-11-01 00:00:00,0,0.041
36.75,-119.75,2021-11-01 00:00:00,0,0.039
36.75,-119.649994,2021-11-01 00:00:00,0,0.046000004
36.75,-119.549995,2021-11-01 00:00:00,0,0.055000003
36.75,-119.45,2021-11-01 00:00:00,0,0.051000003
36.75,-119.35,2021-11-01 00:00:00,0,0.047000002
36.75,-119.25,2021-11-01 00:00:00,0,0.049000002
36.75,-119.149994,2021-11-01 00:00:00,0,0.051000003
36.75,-119.049995,2021-11-01 00:00:00,0,0.054
36.75,-118.95,2021-11-01 00:00:00,0,0.048
36.75,-118.85,2021-11-01 00:00:00,0,0.051000003
36.75,-118.75,2021-11-01 00:00:00,0,0.049000002
36.75,-118.649994,2021-11-01 00:00:00,0,0.053000003
36.75,-118.549995,2021-11-01 00:00:00,0,0.049000002
36.75,-118.45,2021-11-01 00:00:00,0,0.05
36.75,-118.35,2021-11-01 00:00:00,0,0.057000004
36.75,-118.25,2021-11-01 00:00:00,0,0.052
36.75,-118.149994,2021-11-01 00:00:00,0,0.044000003
36.75,-118.049995,2021-11-01 00:00:00,0,0.032
36.75,-117.95,2021-11-01 00:00:00,0,0.023000002
36.75,-117.85,2021-11-01 00:00:00,0,0.018000001
36.75,-117.75,2021-11-01 00:00:00,0,0.014
36.75,-117.649994,2021-11-01 00:00:00,0,0.012
36.75,-117.549995,2021-11-01 00:00:00,0,0.009000001
36.75,-117.45,2021-11-01 00:00:00,0,0.007
36.75,-117.35,2021-11-01 00:00:00,0,0.006
36.75,-117.25,2021-11-01 00:00:00,0,0.007
36.75,-117.149994,2021-11-01 00:00:00,0,0.008
36.75,-117.049995,2021-11-01 00:00:00,0,0.009000001
36.75,-116.95,2021-11-01 00:00:00,0,0.007
36.75,-116.85,2021-11-01 00:00:00,0,0.0
36.75,-116.75,2021-11-01 00:00:00,0,0.0
36.75,-116.649994,2021-11-01 00:00:00,0,0.0
36.75,-116.549995,2021-11-01 00:00:00,0,0.0
36.75,-116.45,2021-11-01 00:00:00,0,0.0
36.75,-116.35,2021-11-01 00:00:00,0,0.0
36.75,-116.25,2021-11-01 00:00:00,0,0.0
36.75,-116.149994,2021-11-01 00:00:00,0,0.0
36.75,-116.049995,2021-11-01 00:00:00,0,0.0
36.75,-115.95,2021-11-01 00:00:00,0,0.0
36.75,-115.85,2021-11-01 00:00:00,0,0.0
36.75,-115.75,2021-11-01 00:00:00,0,0.0
36.75,-115.649994,2021-11-01 00:00:00,0,0.0
36.75,-115.549995,2021-11-01 00:00:00,0,0.0
36.75,-115.45,2021-11-01 00:00:00,0,0.0
36.75,-115.35,2021-11-01 00:00:00,0,0.0
36.75,-115.25,2021-11-01 00:00:00,0,0.0
36.75,-115.149994,2021-11-01 00:00:00,0,0.0
36.75,-115.049995,2021-11-01 00:00:00,0,0.0
36.75,-114.95,2021-11-01 00:00:00,0,0.0
36.75,-114.85,2021-11-01 00:00:00,0,0.0
36.75,-114.75,2021-11-01 00:00:00,0,0.0
36.75,-114.649994,2021-11-01 00:00:00,0,0.0
36.75,-114.549995,2021-11-01 00:00:00,0,0.0
36.75,-114.45,2021-11-01 00:00:00,0,0.0
36.75,-114.35,2021-11-01 00:00:00,0,0.0
36.75,-114.25,2021-11-01 00:00:00,0,0.0
36.85,-124.35,2021-11-01 00:00:00,0,0.0
36.85,-124.25,2021-11-01 00:00:00,0,0.0
36.85,-124.149994,2021-11-01 00:00:00,0,0.0
36.85,-124.049995,2021-11-01 00:00:00,0,0.0
36.85,-123.95,2021-11-01 00:00:00,0,0.0
36.85,-123.85,2021-11-01 00:00:00,0,0.0
36.85,-123.75,2021-11-01 00:00:00,0,0.0
36.85,-123.649994,2021-11-01 00:00:00,0,0.0
36.85,-123.549995,2021-11-01 00:00:00,0,0.0
36.85,-123.45,2021-11-01 00:00:00,0,0.0
36.85,-123.35,2021-11-01 00:00:00,0,0.0
36.85,-123.25,2021-11-01 00:00:00,0,0.0
36.85,-123.149994,2021-11-01 00:00:00,0,0.0
36.85,-123.049995,2021-11-01 00:00:00,0,0.0
36.85,-122.95,2021-11-01 00:00:00,0,0.0
36.85,-122.85,2021-11-01 00:00:00,0,0.0
36.85,-122.75,2021-11-01 00:00:00,0,0.0
36.85,-122.649994,2021-11-01 00:00:00,0,0.0
36.85,-122.549995,2021-11-01 00:00:00,0,0.0
36.85,-122.45,2021-11-01 00:00:00,0,0.0
36.85,-122.35,2021-11-01 00:00:00,0,0.0
36.85,-122.25,2021-11-01 00:00:00,0,0.0
36.85,-122.149994,2021-11-01 00:00:00,0,0.0
36.85,-122.049995,2021-11-01 00:00:00,0,0.0
36.85,-121.95,2021-11-01 00:00:00,0,0.0
36.85,-121.85,2021-11-01 00:00:00,0,0.0
36.85,-121.75,2021-11-01 00:00:00,0,0.058000002
36.85,-121.649994,2021-11-01 00:00:00,0,0.054
36.85,-121.549995,2021-11-01 00:00:00,0,0.048
36.85,-121.45,2021-11-01 00:00:00,0,0.048
36.85,-121.35,2021-11-01 00:00:00,0,0.043
36.85,-121.25,2021-11-01 00:00:00,0,0.039
36.85,-121.149994,2021-11-01 00:00:00,0,0.040000003
36.85,-121.049995,2021-11-01 00:00:00,0,0.045
36.85,-120.95,2021-11-01 00:00:00,0,0.045
36.85,-120.85,2021-11-01 00:00:00,0,0.045
36.85,-120.75,2021-11-01 00:00:00,0,0.039
36.85,-120.649994,2021-11-01 00:00:00,0,0.035
36.85,-120.549995,2021-11-01 00:00:00,0,0.036000002
36.85,-120.45,2021-11-01 00:00:00,0,0.038000003
36.85,-120.35,2021-11-01 00:00:00,0,0.041
36.85,-120.25,2021-11-01 00:00:00,0,0.045
36.85,-120.149994,2021-11-01 00:00:00,0,0.044000003
36.85,-120.049995,2021-11-01 00:00:00,0,0.044000003
36.85,-119.95,2021-11-01 00:00:00,0,0.047000002
36.85,-119.85,2021-11-01 00:00:00,0,0.043
36.85,-119.75,2021-11-01 00:00:00,0,0.05
36.85,-119.649994,2021-11-01 00:00:00,0,0.062000003
36.85,-119.549995,2021-11-01 00:00:00,0,0.057000004
36.85,-119.45,2021-11-01 00:00:00,0,0.058000002
36.85,-119.35,2021-11-01 00:00:00,0,0.058000002
36.85,-119.25,2021-11-01 00:00:00,0,0.055000003
36.85,-119.149994,2021-11-01 00:00:00,0,0.051000003
36.85,-119.049995,2021-11-01 00:00:00,0,0.049000002
36.85,-118.95,2021-11-01 00:00:00,0,0.048
36.85,-118.85,2021-11-01 00:00:00,0,0.049000002
36.85,-118.75,2021-11-01 00:00:00,0,0.048
36.85,-118.649994,2021-11-01 00:00:00,0,0.048
36.85,-118.549995,2021-11-01 00:00:00,0,0.057000004
36.85,-118.45,2021-11-01 00:00:00,0,0.051000003
36.85,-118.35,2021-11-01 00:00:00,0,0.049000002
36.85,-118.25,2021-11-01 00:00:00,0,0.038000003
36.85,-118.149994,2021-11-01 00:00:00,0,0.037
36.85,-118.049995,2021-11-01 00:00:00,0,0.029000001
36.85,-117.95,2021-11-01 00:00:00,0,0.023000002
36.85,-117.85,2021-11-01 00:00:00,0,0.019000001
36.85,-117.75,2021-11-01 00:00:00,0,0.015000001
36.85,-117.649994,2021-11-01 00:00:00,0,0.011000001
36.85,-117.549995,2021-11-01 00:00:00,0,0.009000001
36.85,-117.45,2021-11-01 00:00:00,0,0.007
36.85,-117.35,2021-11-01 00:00:00,0,0.008
36.85,-117.25,2021-11-01 00:00:00,0,0.008
36.85,-117.149994,2021-11-01 00:00:00,0,0.008
36.85,-117.049995,2021-11-01 00:00:00,0,0.009000001
36.85,-116.95,2021-11-01 00:00:00,0,0.0
36.85,-116.85,2021-11-01 00:00:00,0,0.0
36.85,-116.75,2021-11-01 00:00:00,0,0.0
36.85,-116.649994,2021-11-01 00:00:00,0,0.0
36.85,-116.549995,2021-11-01 00:00:00,0,0.0
36.85,-116.45,2021-11-01 00:00:00,0,0.0
36.85,-116.35,2021-11-01 00:00:00,0,0.0
36.85,-116.25,2021-11-01 00:00:00,0,0.0
36.85,-116.149994,2021-11-01 00:00:00,0,0.0
36.85,-116.049995,2021-11-01 00:00:00,0,0.0
36.85,-115.95,2021-11-01 00:00:00,0,0.0
36.85,-115.85,2021-11-01 00:00:00,0,0.0
36.85,-115.75,2021-11-01 00:00:00,0,0.0
36.85,-115.649994,2021-11-01 00:00:00,0,0.0
36.85,-115.549995,2021-11-01 00:00:00,0,0.0
36.85,-115.45,2021-11-01 00:00:00,0,0.0
36.85,-115.35,2021-11-01 00:00:00,0,0.0
36.85,-115.25,2021-11-01 00:00:00,0,0.0
36.85,-115.149994,2021-11-01 00:00:00,0,0.0
36.85,-115.049995,2021-11-01 00:00:00,0,0.0
36.85,-114.95,2021-11-01 00:00:00,0,0.0
36.85,-114.85,2021-11-01 00:00:00,0,0.0
36.85,-114.75,2021-11-01 00:00:00,0,0.0
36.85,-114.649994,2021-11-01 00:00:00,0,0.0
36.85,-114.549995,2021-11-01 00:00:00,0,0.0
36.85,-114.45,2021-11-01 00:00:00,0,0.0
36.85,-114.35,2021-11-01 00:00:00,0,0.0
36.85,-114.25,2021-11-01 00:00:00,0,0.0
36.95,-124.35,2021-11-01 00:00:00,0,0.0
36.95,-124.25,2021-11-01 00:00:00,0,0.0
36.95,-124.149994,2021-11-01 00:00:00,0,0.0
36.95,-124.049995,2021-11-01 00:00:00,0,0.0
36.95,-123.95,2021-11-01 00:00:00,0,0.0
36.95,-123.85,2021-11-01 00:00:00,0,0.0
36.95,-123.75,2021-11-01 00:00:00,0,0.0
36.95,-123.649994,2021-11-01 00:00:00,0,0.0
36.95,-123.549995,2021-11-01 00:00:00,0,0.0
36.95,-123.45,2021-11-01 00:00:00,0,0.0
36.95,-123.35,2021-11-01 00:00:00,0,0.0
36.95,-123.25,2021-11-01 00:00:00,0,0.0
36.95,-123.149994,2021-11-01 00:00:00,0,0.0
36.95,-123.049995,2021-11-01 00:00:00,0,0.0
36.95,-122.95,2021-11-01 00:00:00,0,0.0
36.95,-122.85,2021-11-01 00:00:00,0,0.0
36.95,-122.75,2021-11-01 00:00:00,0,0.0
36.95,-122.649994,2021-11-01 00:00:00,0,0.0
36.95,-122.549995,2021-11-01 00:00:00,0,0.0
36.95,-122.45,2021-11-01 00:00:00,0,0.0
36.95,-122.35,2021-11-01 00:00:00,0,0.0
36.95,-122.25,2021-11-01 00:00:00,0,0.0
36.95,-122.149994,2021-11-01 00:00:00,0,0.0
36.95,-122.049995,2021-11-01 00:00:00,0,0.069000006
36.95,-121.95,2021-11-01 00:00:00,0,0.0
36.95,-121.85,2021-11-01 00:00:00,0,0.061000004
36.95,-121.75,2021-11-01 00:00:00,0,0.054
36.95,-121.649994,2021-11-01 00:00:00,0,0.052
36.95,-121.549995,2021-11-01 00:00:00,0,0.048
36.95,-121.45,2021-11-01 00:00:00,0,0.044000003
36.95,-121.35,2021-11-01 00:00:00,0,0.042000003
36.95,-121.25,2021-11-01 00:00:00,0,0.046000004
36.95,-121.149994,2021-11-01 00:00:00,0,0.047000002
36.95,-121.049995,2021-11-01 00:00:00,0,0.046000004
36.95,-120.95,2021-11-01 00:00:00,0,0.049000002
36.95,-120.85,2021-11-01 00:00:00,0,0.038000003
36.95,-120.75,2021-11-01 00:00:00,0,0.041
36.95,-120.649994,2021-11-01 00:00:00,0,0.043
36.95,-120.549995,2021-11-01 00:00:00,0,0.045
36.95,-120.45,2021-11-01 00:00:00,0,0.043
36.95,-120.35,2021-11-01 00:00:00,0,0.046000004
36.95,-120.25,2021-11-01 00:00:00,0,0.047000002
36.95,-120.149994,2021-11-01 00:00:00,0,0.05
36.95,-120.049995,2021-11-01 00:00:00,0,0.053000003
36.95,-119.95,2021-11-01 00:00:00,0,0.053000003
36.95,-119.85,2021-11-01 00:00:00,0,0.058000002
36.95,-119.75,2021-11-01 00:00:00,0,0.07
36.95,-119.649994,2021-11-01 00:00:00,0,0.064
36.95,-119.549995,2021-11-01 00:00:00,0,0.066
36.95,-119.45,2021-11-01 00:00:00,0,0.071
36.95,-119.35,2021-11-01 00:00:00,0,0.068
36.95,-119.25,2021-11-01 00:00:00,0,0.059000004
36.95,-119.149994,2021-11-01 00:00:00,0,0.055000003
36.95,-119.049995,2021-11-01 00:00:00,0,0.059000004
36.95,-118.95,2021-11-01 00:00:00,0,0.065000005
36.95,-118.85,2021-11-01 00:00:00,0,0.062000003
36.95,-118.75,2021-11-01 00:00:00,0,0.051000003
36.95,-118.649994,2021-11-01 00:00:00,0,0.047000002
36.95,-118.549995,2021-11-01 00:00:00,0,0.057000004
36.95,-118.45,2021-11-01 00:00:00,0,0.056
36.95,-118.35,2021-11-01 00:00:00,0,0.054
36.95,-118.25,2021-11-01 00:00:00,0,0.040000003
36.95,-118.149994,2021-11-01 00:00:00,0,0.034
36.95,-118.049995,2021-11-01 00:00:00,0,0.028
36.95,-117.95,2021-11-01 00:00:00,0,0.023000002
36.95,-117.85,2021-11-01 00:00:00,0,0.018000001
36.95,-117.75,2021-11-01 00:00:00,0,0.017
36.95,-117.649994,2021-11-01 00:00:00,0,0.012
36.95,-117.549995,2021-11-01 00:00:00,0,0.009000001
36.95,-117.45,2021-11-01 00:00:00,0,0.008
36.95,-117.35,2021-11-01 00:00:00,0,0.008
36.95,-117.25,2021-11-01 00:00:00,0,0.008
36.95,-117.149994,2021-11-01 00:00:00,0,0.008
36.95,-117.049995,2021-11-01 00:00:00,0,0.0
36.95,-116.95,2021-11-01 00:00:00,0,0.0
36.95,-116.85,2021-11-01 00:00:00,0,0.0
36.95,-116.75,2021-11-01 00:00:00,0,0.0
36.95,-116.649994,2021-11-01 00:00:00,0,0.0
36.95,-116.549995,2021-11-01 00:00:00,0,0.0
36.95,-116.45,2021-11-01 00:00:00,0,0.0
36.95,-116.35,2021-11-01 00:00:00,0,0.0
36.95,-116.25,2021-11-01 00:00:00,0,0.0
36.95,-116.149994,2021-11-01 00:00:00,0,0.0
36.95,-116.049995,2021-11-01 00:00:00,0,0.0
36.95,-115.95,2021-11-01 00:00:00,0,0.0
36.95,-115.85,2021-11-01 00:00:00,0,0.0
36.95,-115.75,2021-11-01 00:00:00,0,0.0
36.95,-115.649994,2021-11-01 00:00:00,0,0.0
36.95,-115.549995,2021-11-01 00:00:00,0,0.0
36.95,-115.45,2021-11-01 00:00:00,0,0.0
36.95,-115.35,2021-11-01 00:00:00,0,0.0
36.95,-115.25,2021-11-01 00:00:00,0,0.0
36.95,-115.149994,2021-11-01 00:00:00,0,0.0
36.95,-115.049995,2021-11-01 00:00:00,0,0.0
36.95,-114.95,2021-11-01 00:00:00,0,0.0
36.95,-114.85,2021-11-01 00:00:00,0,0.0
36.95,-114.75,2021-11-01 00:00:00,0,0.0
36.95,-114.649994,2021-11-01 00:00:00,0,0.0
36.95,-114.549995,2021-11-01 00:00:00,0,0.0
36.95,-114.45,2021-11-01 00:00:00,0,0.0
36.95,-114.35,2021-11-01 00:00:00,0,0.0
36.95,-114.25,2021-11-01 00:00:00,0,0.0
37.05,-124.35,2021-11-01 00:00:00,0,0.0
37.05,-124.25,2021-11-01 00:00:00,0,0.0
37.05,-124.149994,2021-11-01 00:00:00,0,0.0
37.05,-124.049995,2021-11-01 00:00:00,0,0.0
37.05,-123.95,2021-11-01 00:00:00,0,0.0
37.05,-123.85,2021-11-01 00:00:00,0,0.0
37.05,-123.75,2021-11-01 00:00:00,0,0.0
37.05,-123.649994,2021-11-01 00:00:00,0,0.0
37.05,-123.549995,2021-11-01 00:00:00,0,0.0
37.05,-123.45,2021-11-01 00:00:00,0,0.0
37.05,-123.35,2021-11-01 00:00:00,0,0.0
37.05,-123.25,2021-11-01 00:00:00,0,0.0
37.05,-123.149994,2021-11-01 00:00:00,0,0.0
37.05,-123.049995,2021-11-01 00:00:00,0,0.0
37.05,-122.95,2021-11-01 00:00:00,0,0.0
37.05,-122.85,2021-11-01 00:00:00,0,0.0
37.05,-122.75,2021-11-01 00:00:00,0,0.0
37.05,-122.649994,2021-11-01 00:00:00,0,0.0
37.05,-122.549995,2021-11-01 00:00:00,0,0.0
37.05,-122.45,2021-11-01 00:00:00,0,0.0
37.05,-122.35,2021-11-01 00:00:00,0,0.0
37.05,-122.25,2021-11-01 00:00:00,0,0.0
37.05,-122.149994,2021-11-01 00:00:00,0,0.07700001
37.05,-122.049995,2021-11-01 00:00:00,0,0.074
37.05,-121.95,2021-11-01 00:00:00,0,0.066
37.05,-121.85,2021-11-01 00:00:00,0,0.062000003
37.05,-121.75,2021-11-01 00:00:00,0,0.056
37.05,-121.649994,2021-11-01 00:00:00,0,0.051000003
37.05,-121.549995,2021-11-01 00:00:00,0,0.046000004
37.05,-121.45,2021-11-01 00:00:00,0,0.047000002
37.05,-121.35,2021-11-01 00:00:00,0,0.049000002
37.05,-121.25,2021-11-01 00:00:00,0,0.049000002
37.05,-121.149994,2021-11-01 00:00:00,0,0.045
37.05,-121.049995,2021-11-01 00:00:00,0,0.043
37.05,-120.95,2021-11-01 00:00:00,0,0.043
37.05,-120.85,2021-11-01 00:00:00,0,0.041
37.05,-120.75,2021-11-01 00:00:00,0,0.044000003
37.05,-120.649994,2021-11-01 00:00:00,0,0.042000003
37.05,-120.549995,2021-11-01 00:00:00,0,0.043
37.05,-120.45,2021-11-01 00:00:00,0,0.045
37.05,-120.35,2021-11-01 00:00:00,0,0.049000002
37.05,-120.25,2021-11-01 00:00:00,0,0.05
37.05,-120.149994,2021-11-01 00:00:00,0,0.053000003
37.05,-120.049995,2021-11-01 00:00:00,0,0.053000003
37.05,-119.95,2021-11-01 00:00:00,0,0.072000004
37.05,-119.85,2021-11-01 00:00:00,0,0.082
37.05,-119.75,2021-11-01 00:00:00,0,0.072000004
37.05,-119.649994,2021-11-01 00:00:00,0,0.075
37.05,-119.549995,2021-11-01 00:00:00,0,0.078
37.05,-119.45,2021-11-01 00:00:00,0,0.079
37.05,-119.35,2021-11-01 00:00:00,0,0.066
37.05,-119.25,2021-11-01 00:00:00,0,0.062000003
37.05,-119.149994,2021-11-01 00:00:00,0,0.063
37.05,-119.049995,2021-11-01 00:00:00,0,0.071
37.05,-118.95,2021-11-01 00:00:00,0,0.066
37.05,-118.85,2021-11-01 00:00:00,0,0.051000003
37.05,-118.75,2021-11-01 00:00:00,0,0.05
37.05,-118.649994,2021-11-01 00:00:00,0,0.061000004
37.05,-118.549995,2021-11-01 00:00:00,0,0.059000004
37.05,-118.45,2021-11-01 00:00:00,0,0.069000006
37.05,-118.35,2021-11-01 00:00:00,0,0.047000002
37.05,-118.25,2021-11-01 00:00:00,0,0.035
37.05,-118.149994,2021-11-01 00:00:00,0,0.027
37.05,-118.049995,2021-11-01 00:00:00,0,0.023000002
37.05,-117.95,2021-11-01 00:00:00,0,0.018000001
37.05,-117.85,2021-11-01 00:00:00,0,0.015000001
37.05,-117.75,2021-11-01 00:00:00,0,0.014
37.05,-117.649994,2021-11-01 00:00:00,0,0.011000001
37.05,-117.549995,2021-11-01 00:00:00,0,0.008
37.05,-117.45,2021-11-01 00:00:00,0,0.008
37.05,-117.35,2021-11-01 00:00:00,0,0.008
37.05,-117.25,2021-11-01 00:00:00,0,0.0
37.05,-117.149994,2021-11-01 00:00:00,0,0.0
37.05,-117.049995,2021-11-01 00:00:00,0,0.0
37.05,-116.95,2021-11-01 00:00:00,0,0.0
37.05,-116.85,2021-11-01 00:00:00,0,0.0
37.05,-116.75,2021-11-01 00:00:00,0,0.0
37.05,-116.649994,2021-11-01 00:00:00,0,0.0
37.05,-116.549995,2021-11-01 00:00:00,0,0.0
37.05,-116.45,2021-11-01 00:00:00,0,0.0
37.05,-116.35,2021-11-01 00:00:00,0,0.0
37.05,-116.25,2021-11-01 00:00:00,0,0.0
37.05,-116.149994,2021-11-01 00:00:00,0,0.0
37.05,-116.049995,2021-11-01 00:00:00,0,0.0
37.05,-115.95,2021-11-01 00:00:00,0,0.0
37.05,-115.85,2021-11-01 00:00:00,0,0.0
37.05,-115.75,2021-11-01 00:00:00,0,0.0
37.05,-115.649994,2021-11-01 00:00:00,0,0.0
37.05,-115.549995,2021-11-01 00:00:00,0,0.0
37.05,-115.45,2021-11-01 00:00:00,0,0.0
37.05,-115.35,2021-11-01 00:00:00,0,0.0
37.05,-115.25,2021-11-01 00:00:00,0,0.0
37.05,-115.149994,2021-11-01 00:00:00,0,0.0
37.05,-115.049995,2021-11-01 00:00:00,0,0.0
37.05,-114.95,2021-11-01 00:00:00,0,0.0
37.05,-114.85,2021-11-01 00:00:00,0,0.0
37.05,-114.75,2021-11-01 00:00:00,0,0.0
37.05,-114.649994,2021-11-01 00:00:00,0,0.0
37.05,-114.549995,2021-11-01 00:00:00,0,0.0
37.05,-114.45,2021-11-01 00:00:00,0,0.0
37.05,-114.35,2021-11-01 00:00:00,0,0.0
37.05,-114.25,2021-11-01 00:00:00,0,0.0
37.149998,-124.35,2021-11-01 00:00:00,0,0.0
37.149998,-124.25,2021-11-01 00:00:00,0,0.0
37.149998,-124.149994,2021-11-01 00:00:00,0,0.0
37.149998,-124.049995,2021-11-01 00:00:00,0,0.0
37.149998,-123.95,2021-11-01 00:00:00,0,0.0
37.149998,-123.85,2021-11-01 00:00:00,0,0.0
37.149998,-123.75,2021-11-01 00:00:00,0,0.0
37.149998,-123.649994,2021-11-01 00:00:00,0,0.0
37.149998,-123.549995,2021-11-01 00:00:00,0,0.0
37.149998,-123.45,2021-11-01 00:00:00,0,0.0
37.149998,-123.35,2021-11-01 00:00:00,0,0.0
37.149998,-123.25,2021-11-01 00:00:00,0,0.0
37.149998,-123.149994,2021-11-01 00:00:00,0,0.0
37.149998,-123.049995,2021-11-01 00:00:00,0,0.0
37.149998,-122.95,2021-11-01 00:00:00,0,0.0
37.149998,-122.85,2021-11-01 00:00:00,0,0.0
37.149998,-122.75,2021-11-01 00:00:00,0,0.0
37.149998,-122.649994,2021-11-01 00:00:00,0,0.0
37.149998,-122.549995,2021-11-01 00:00:00,0,0.0
37.149998,-122.45,2021-11-01 00:00:00,0,0.0
37.149998,-122.35,2021-11-01 00:00:00,0,0.079
37.149998,-122.25,2021-11-01 00:00:00,0,0.074
37.149998,-122.149994,2021-11-01 00:00:00,0,0.07
37.149998,-122.049995,2021-11-01 00:00:00,0,0.067
37.149998,-121.95,2021-11-01 00:00:00,0,0.062000003
37.149998,-121.85,2021-11-01 00:00:00,0,0.057000004
37.149998,-121.75,2021-11-01 00:00:00,0,0.053000003
37.149998,-121.649994,2021-11-01 00:00:00,0,0.048
37.149998,-121.549995,2021-11-01 00:00:00,0,0.046000004
37.149998,-121.45,2021-11-01 00:00:00,0,0.049000002
37.149998,-121.35,2021-11-01 00:00:00,0,0.048
37.149998,-121.25,2021-11-01 00:00:00,0,0.043
37.149998,-121.149994,2021-11-01 00:00:00,0,0.046000004
37.149998,-121.049995,2021-11-01 00:00:00,0,0.044000003
37.149998,-120.95,2021-11-01 00:00:00,0,0.05
37.149998,-120.85,2021-11-01 00:00:00,0,0.047000002
37.149998,-120.75,2021-11-01 00:00:00,0,0.047000002
37.149998,-120.649994,2021-11-01 00:00:00,0,0.046000004
37.149998,-120.549995,2021-11-01 00:00:00,0,0.049000002
37.149998,-120.45,2021-11-01 00:00:00,0,0.054
37.149998,-120.35,2021-11-01 00:00:00,0,0.053000003
37.149998,-120.25,2021-11-01 00:00:00,0,0.057000004
37.149998,-120.149994,2021-11-01 00:00:00,0,0.058000002
37.149998,-120.049995,2021-11-01 00:00:00,0,0.068
37.149998,-119.95,2021-11-01 00:00:00,0,0.09
37.149998,-119.85,2021-11-01 00:00:00,0,0.08800001
37.149998,-119.75,2021-11-01 00:00:00,0,0.08800001
37.149998,-119.649994,2021-11-01 00:00:00,0,0.089
37.149998,-119.549995,2021-11-01 00:00:00,0,0.08800001
37.149998,-119.45,2021-11-01 00:00:00,0,0.076000005
37.149998,-119.35,2021-11-01 00:00:00,0,0.068
37.149998,-119.25,2021-11-01 00:00:00,0,0.068
37.149998,-119.149994,2021-11-01 00:00:00,0,0.071
37.149998,-119.049995,2021-11-01 00:00:00,0,0.07
37.149998,-118.95,2021-11-01 00:00:00,0,0.056
37.149998,-118.85,2021-11-01 00:00:00,0,0.055000003
37.149998,-118.75,2021-11-01 00:00:00,0,0.053000003
37.149998,-118.649994,2021-11-01 00:00:00,0,0.061000004
37.149998,-118.549995,2021-11-01 00:00:00,0,0.055000003
37.149998,-118.45,2021-11-01 00:00:00,0,0.061000004
37.149998,-118.35,2021-11-01 00:00:00,0,0.034
37.149998,-118.25,2021-11-01 00:00:00,0,0.029000001
37.149998,-118.149994,2021-11-01 00:00:00,0,0.026
37.149998,-118.049995,2021-11-01 00:00:00,0,0.022000002
37.149998,-117.95,2021-11-01 00:00:00,0,0.019000001
37.149998,-117.85,2021-11-01 00:00:00,0,0.017
37.149998,-117.75,2021-11-01 00:00:00,0,0.013
37.149998,-117.649994,2021-11-01 00:00:00,0,0.011000001
37.149998,-117.549995,2021-11-01 00:00:00,0,0.008
37.149998,-117.45,2021-11-01 00:00:00,0,0.009000001
37.149998,-117.35,2021-11-01 00:00:00,0,0.0
37.149998,-117.25,2021-11-01 00:00:00,0,0.0
37.149998,-117.149994,2021-11-01 00:00:00,0,0.0
37.149998,-117.049995,2021-11-01 00:00:00,0,0.0
37.149998,-116.95,2021-11-01 00:00:00,0,0.0
37.149998,-116.85,2021-11-01 00:00:00,0,0.0
37.149998,-116.75,2021-11-01 00:00:00,0,0.0
37.149998,-116.649994,2021-11-01 00:00:00,0,0.0
37.149998,-116.549995,2021-11-01 00:00:00,0,0.0
37.149998,-116.45,2021-11-01 00:00:00,0,0.0
37.149998,-116.35,2021-11-01 00:00:00,0,0.0
37.149998,-116.25,2021-11-01 00:00:00,0,0.0
37.149998,-116.149994,2021-11-01 00:00:00,0,0.0
37.149998,-116.049995,2021-11-01 00:00:00,0,0.0
37.149998,-115.95,2021-11-01 00:00:00,0,0.0
37.149998,-115.85,2021-11-01 00:00:00,0,0.0
37.149998,-115.75,2021-11-01 00:00:00,0,0.0
37.149998,-115.649994,2021-11-01 00:00:00,0,0.0
37.149998,-115.549995,2021-11-01 00:00:00,0,0.0
37.149998,-115.45,2021-11-01 00:00:00,0,0.0
37.149998,-115.35,2021-11-01 00:00:00,0,0.0
37.149998,-115.25,2021-11-01 00:00:00,0,0.0
37.149998,-115.149994,2021-11-01 00:00:00,0,0.0
37.149998,-115.049995,2021-11-01 00:00:00,0,0.0
37.149998,-114.95,2021-11-01 00:00:00,0,0.0
37.149998,-114.85,2021-11-01 00:00:00,0,0.0
37.149998,-114.75,2021-11-01 00:00:00,0,0.0
37.149998,-114.649994,2021-11-01 00:00:00,0,0.0
37.149998,-114.549995,2021-11-01 00:00:00,0,0.0
37.149998,-114.45,2021-11-01 00:00:00,0,0.0
37.149998,-114.35,2021-11-01 00:00:00,0,0.0
37.149998,-114.25,2021-11-01 00:00:00,0,0.0
37.25,-124.35,2021-11-01 00:00:00,0,0.0
37.25,-124.25,2021-11-01 00:00:00,0,0.0
37.25,-124.149994,2021-11-01 00:00:00,0,0.0
37.25,-124.049995,2021-11-01 00:00:00,0,0.0
37.25,-123.95,2021-11-01 00:00:00,0,0.0
37.25,-123.85,2021-11-01 00:00:00,0,0.0
37.25,-123.75,2021-11-01 00:00:00,0,0.0
37.25,-123.649994,2021-11-01 00:00:00,0,0.0
37.25,-123.549995,2021-11-01 00:00:00,0,0.0
37.25,-123.45,2021-11-01 00:00:00,0,0.0
37.25,-123.35,2021-11-01 00:00:00,0,0.0
37.25,-123.25,2021-11-01 00:00:00,0,0.0
37.25,-123.149994,2021-11-01 00:00:00,0,0.0
37.25,-123.049995,2021-11-01 00:00:00,0,0.0
37.25,-122.95,2021-11-01 00:00:00,0,0.0
37.25,-122.85,2021-11-01 00:00:00,0,0.0
37.25,-122.75,2021-11-01 00:00:00,0,0.0
37.25,-122.649994,2021-11-01 00:00:00,0,0.0
37.25,-122.549995,2021-11-01 00:00:00,0,0.0
37.25,-122.45,2021-11-01 00:00:00,0,0.0
37.25,-122.35,2021-11-01 00:00:00,0,0.075
37.25,-122.25,2021-11-01 00:00:00,0,0.072000004
37.25,-122.149994,2021-11-01 00:00:00,0,0.071
37.25,-122.049995,2021-11-01 00:00:00,0,0.064
37.25,-121.95,2021-11-01 00:00:00,0,0.060000002
37.25,-121.85,2021-11-01 00:00:00,0,0.058000002
37.25,-121.75,2021-11-01 00:00:00,0,0.055000003
37.25,-121.649994,2021-11-01 00:00:00,0,0.051000003
37.25,-121.549995,2021-11-01 00:00:00,0,0.051000003
37.25,-121.45,2021-11-01 00:00:00,0,0.05
37.25,-121.35,2021-11-01 00:00:00,0,0.047000002
37.25,-121.25,2021-11-01 00:00:00,0,0.046000004
37.25,-121.149994,2021-11-01 00:00:00,0,0.047000002
37.25,-121.049995,2021-11-01 00:00:00,0,0.046000004
37.25,-120.95,2021-11-01 00:00:00,0,0.051000003
37.25,-120.85,2021-11-01 00:00:00,0,0.049000002
37.25,-120.75,2021-11-01 00:00:00,0,0.049000002
37.25,-120.649994,2021-11-01 00:00:00,0,0.051000003
37.25,-120.549995,2021-11-01 00:00:00,0,0.054
37.25,-120.45,2021-11-01 00:00:00,0,0.057000004
37.25,-120.35,2021-11-01 00:00:00,0,0.056
37.25,-120.25,2021-11-01 00:00:00,0,0.058000002
37.25,-120.149994,2021-11-01 00:00:00,0,0.071
37.25,-120.049995,2021-11-01 00:00:00,0,0.083000004
37.25,-119.95,2021-11-01 00:00:00,0,0.082
37.25,-119.85,2021-11-01 00:00:00,0,0.087000005
37.25,-119.75,2021-11-01 00:00:00,0,0.093
37.25,-119.649994,2021-11-01 00:00:00,0,0.089
37.25,-119.549995,2021-11-01 00:00:00,0,0.078
37.25,-119.45,2021-11-01 00:00:00,0,0.072000004
37.25,-119.35,2021-11-01 00:00:00,0,0.076000005
37.25,-119.25,2021-11-01 00:00:00,0,0.079
37.25,-119.149994,2021-11-01 00:00:00,0,0.069000006
37.25,-119.049995,2021-11-01 00:00:00,0,0.057000004
37.25,-118.95,2021-11-01 00:00:00,0,0.054
37.25,-118.85,2021-11-01 00:00:00,0,0.046000004
37.25,-118.75,2021-11-01 00:00:00,0,0.046000004
37.25,-118.649994,2021-11-01 00:00:00,0,0.051000003
37.25,-118.549995,2021-11-01 00:00:00,0,0.052
37.25,-118.45,2021-11-01 00:00:00,0,0.040000003
37.25,-118.35,2021-11-01 00:00:00,0,0.030000001
37.25,-118.25,2021-11-01 00:00:00,0,0.026
37.25,-118.149994,2021-11-01 00:00:00,0,0.023000002
37.25,-118.049995,2021-11-01 00:00:00,0,0.022000002
37.25,-117.95,2021-11-01 00:00:00,0,0.018000001
37.25,-117.85,2021-11-01 00:00:00,0,0.015000001
37.25,-117.75,2021-11-01 00:00:00,0,0.014
37.25,-117.649994,2021-11-01 00:00:00,0,0.012
37.25,-117.549995,2021-11-01 00:00:00,0,0.009000001
37.25,-117.45,2021-11-01 00:00:00,0,0.0
37.25,-117.35,2021-11-01 00:00:00,0,0.0
37.25,-117.25,2021-11-01 00:00:00,0,0.0
37.25,-117.149994,2021-11-01 00:00:00,0,0.0
37.25,-117.049995,2021-11-01 00:00:00,0,0.0
37.25,-116.95,2021-11-01 00:00:00,0,0.0
37.25,-116.85,2021-11-01 00:00:00,0,0.0
37.25,-116.75,2021-11-01 00:00:00,0,0.0
37.25,-116.649994,2021-11-01 00:00:00,0,0.0
37.25,-116.549995,2021-11-01 00:00:00,0,0.0
37.25,-116.45,2021-11-01 00:00:00,0,0.0
37.25,-116.35,2021-11-01 00:00:00,0,0.0
37.25,-116.25,2021-11-01 00:00:00,0,0.0
37.25,-116.149994,2021-11-01 00:00:00,0,0.0
37.25,-116.049995,2021-11-01 00:00:00,0,0.0
37.25,-115.95,2021-11-01 00:00:00,0,0.0
37.25,-115.85,2021-11-01 00:00:00,0,0.0
37.25,-115.75,2021-11-01 00:00:00,0,0.0
37.25,-115.649994,2021-11-01 00:00:00,0,0.0
37.25,-115.549995,2021-11-01 00:00:00,0,0.0
37.25,-115.45,2021-11-01 00:00:00,0,0.0
37.25,-115.35,2021-11-01 00:00:00,0,0.0
37.25,-115.25,2021-11-01 00:00:00,0,0.0
37.25,-115.149994,2021-11-01 00:00:00,0,0.0
37.25,-115.049995,2021-11-01 00:00:00,0,0.0
37.25,-114.95,2021-11-01 00:00:00,0,0.0
37.25,-114.85,2021-11-01 00:00:00,0,0.0
37.25,-114.75,2021-11-01 00:00:00,0,0.0
37.25,-114.649994,2021-11-01 00:00:00,0,0.0
37.25,-114.549995,2021-11-01 00:00:00,0,0.0
37.25,-114.45,2021-11-01 00:00:00,0,0.0
37.25,-114.35,2021-11-01 00:00:00,0,0.0
37.25,-114.25,2021-11-01 00:00:00,0,0.0
37.35,-124.35,2021-11-01 00:00:00,0,0.0
37.35,-124.25,2021-11-01 00:00:00,0,0.0
37.35,-124.149994,2021-11-01 00:00:00,0,0.0
37.35,-124.049995,2021-11-01 00:00:00,0,0.0
37.35,-123.95,2021-11-01 00:00:00,0,0.0
37.35,-123.85,2021-11-01 00:00:00,0,0.0
37.35,-123.75,2021-11-01 00:00:00,0,0.0
37.35,-123.649994,2021-11-01 00:00:00,0,0.0
37.35,-123.549995,2021-11-01 00:00:00,0,0.0
37.35,-123.45,2021-11-01 00:00:00,0,0.0
37.35,-123.35,2021-11-01 00:00:00,0,0.0
37.35,-123.25,2021-11-01 00:00:00,0,0.0
37.35,-123.149994,2021-11-01 00:00:00,0,0.0
37.35,-123.049995,2021-11-01 00:00:00,0,0.0
37.35,-122.95,2021-11-01 00:00:00,0,0.0
37.35,-122.85,2021-11-01 00:00:00,0,0.0
37.35,-122.75,2021-11-01 00:00:00,0,0.0
37.35,-122.649994,2021-11-01 00:00:00,0,0.0
37.35,-122.549995,2021-11-01 00:00:00,0,0.0
37.35,-122.45,2021-11-01 00:00:00,0,0.0
37.35,-122.35,2021-11-01 00:00:00,0,0.074
37.35,-122.25,2021-11-01 00:00:00,0,0.07
37.35,-122.149994,2021-11-01 00:00:00,0,0.068
37.35,-122.049995,2021-11-01 00:00:00,0,0.064
37.35,-121.95,2021-11-01 00:00:00,0,0.060000002
37.35,-121.85,2021-11-01 00:00:00,0,0.058000002
37.35,-121.75,2021-11-01 00:00:00,0,0.056
37.35,-121.649994,2021-11-01 00:00:00,0,0.054
37.35,-121.549995,2021-11-01 00:00:00,0,0.049000002
37.35,-121.45,2021-11-01 00:00:00,0,0.048
37.35,-121.35,2021-11-01 00:00:00,0,0.051000003
37.35,-121.25,2021-11-01 00:00:00,0,0.05
37.35,-121.149994,2021-11-01 00:00:00,0,0.05
37.35,-121.049995,2021-11-01 00:00:00,0,0.051000003
37.35,-120.95,2021-11-01 00:00:00,0,0.055000003
37.35,-120.85,2021-11-01 00:00:00,0,0.054
37.35,-120.75,2021-11-01 00:00:00,0,0.053000003
37.35,-120.649994,2021-11-01 00:00:00,0,0.059000004
37.35,-120.549995,2021-11-01 00:00:00,0,0.055000003
37.35,-120.45,2021-11-01 00:00:00,0,0.057000004
37.35,-120.35,2021-11-01 00:00:00,0,0.058000002
37.35,-120.25,2021-11-01 00:00:00,0,0.071
37.35,-120.149994,2021-11-01 00:00:00,0,0.080000006
37.35,-120.049995,2021-11-01 00:00:00,0,0.080000006
37.35,-119.95,2021-11-01 00:00:00,0,0.089
37.35,-119.85,2021-11-01 00:00:00,0,0.087000005
37.35,-119.75,2021-11-01 00:00:00,0,0.09200001
37.35,-119.649994,2021-11-01 00:00:00,0,0.09
37.35,-119.549995,2021-11-01 00:00:00,0,0.080000006
37.35,-119.45,2021-11-01 00:00:00,0,0.080000006
37.35,-119.35,2021-11-01 00:00:00,0,0.080000006
37.35,-119.25,2021-11-01 00:00:00,0,0.07300001
37.35,-119.149994,2021-11-01 00:00:00,0,0.061000004
37.35,-119.049995,2021-11-01 00:00:00,0,0.056
37.35,-118.95,2021-11-01 00:00:00,0,0.051000003
37.35,-118.85,2021-11-01 00:00:00,0,0.051000003
37.35,-118.75,2021-11-01 00:00:00,0,0.051000003
37.35,-118.649994,2021-11-01 00:00:00,0,0.052
37.35,-118.549995,2021-11-01 00:00:00,0,0.043
37.35,-118.45,2021-11-01 00:00:00,0,0.032
37.35,-118.35,2021-11-01 00:00:00,0,0.029000001
37.35,-118.25,2021-11-01 00:00:00,0,0.026
37.35,-118.149994,2021-11-01 00:00:00,0,0.021000002
37.35,-118.049995,2021-11-01 00:00:00,0,0.023000002
37.35,-117.95,2021-11-01 00:00:00,0,0.018000001
37.35,-117.85,2021-11-01 00:00:00,0,0.016
37.35,-117.75,2021-11-01 00:00:00,0,0.014
37.35,-117.649994,2021-11-01 00:00:00,0,0.0
37.35,-117.549995,2021-11-01 00:00:00,0,0.0
37.35,-117.45,2021-11-01 00:00:00,0,0.0
37.35,-117.35,2021-11-01 00:00:00,0,0.0
37.35,-117.25,2021-11-01 00:00:00,0,0.0
37.35,-117.149994,2021-11-01 00:00:00,0,0.0
37.35,-117.049995,2021-11-01 00:00:00,0,0.0
37.35,-116.95,2021-11-01 00:00:00,0,0.0
37.35,-116.85,2021-11-01 00:00:00,0,0.0
37.35,-116.75,2021-11-01 00:00:00,0,0.0
37.35,-116.649994,2021-11-01 00:00:00,0,0.0
37.35,-116.549995,2021-11-01 00:00:00,0,0.0
37.35,-116.45,2021-11-01 00:00:00,0,0.0
37.35,-116.35,2021-11-01 00:00:00,0,0.0
37.35,-116.25,2021-11-01 00:00:00,0,0.0
37.35,-116.149994,2021-11-01 00:00:00,0,0.0
37.35,-116.049995,2021-11-01 00:00:00,0,0.0
37.35,-115.95,2021-11-01 00:00:00,0,0.0
37.35,-115.85,2021-11-01 00:00:00,0,0.0
37.35,-115.75,2021-11-01 00:00:00,0,0.0
37.35,-115.649994,2021-11-01 00:00:00,0,0.0
37.35,-115.549995,2021-11-01 00:00:00,0,0.0
37.35,-115.45,2021-11-01 00:00:00,0,0.0
37.35,-115.35,2021-11-01 00:00:00,0,0.0
37.35,-115.25,2021-11-01 00:00:00,0,0.0
37.35,-115.149994,2021-11-01 00:00:00,0,0.0
37.35,-115.049995,2021-11-01 00:00:00,0,0.0
37.35,-114.95,2021-11-01 00:00:00,0,0.0
37.35,-114.85,2021-11-01 00:00:00,0,0.0
37.35,-114.75,2021-11-01 00:00:00,0,0.0
37.35,-114.649994,2021-11-01 00:00:00,0,0.0
37.35,-114.549995,2021-11-01 00:00:00,0,0.0
37.35,-114.45,2021-11-01 00:00:00,0,0.0
37.35,-114.35,2021-11-01 00:00:00,0,0.0
37.35,-114.25,2021-11-01 00:00:00,0,0.0
37.45,-124.35,2021-11-01 00:00:00,0,0.0
37.45,-124.25,2021-11-01 00:00:00,0,0.0
37.45,-124.149994,2021-11-01 00:00:00,0,0.0
37.45,-124.049995,2021-11-01 00:00:00,0,0.0
37.45,-123.95,2021-11-01 00:00:00,0,0.0
37.45,-123.85,2021-11-01 00:00:00,0,0.0
37.45,-123.75,2021-11-01 00:00:00,0,0.0
37.45,-123.649994,2021-11-01 00:00:00,0,0.0
37.45,-123.549995,2021-11-01 00:00:00,0,0.0
37.45,-123.45,2021-11-01 00:00:00,0,0.0
37.45,-123.35,2021-11-01 00:00:00,0,0.0
37.45,-123.25,2021-11-01 00:00:00,0,0.0
37.45,-123.149994,2021-11-01 00:00:00,0,0.0
37.45,-123.049995,2021-11-01 00:00:00,0,0.0
37.45,-122.95,2021-11-01 00:00:00,0,0.0
37.45,-122.85,2021-11-01 00:00:00,0,0.0
37.45,-122.75,2021-11-01 00:00:00,0,0.0
37.45,-122.649994,2021-11-01 00:00:00,0,0.0
37.45,-122.549995,2021-11-01 00:00:00,0,0.0
37.45,-122.45,2021-11-01 00:00:00,0,0.0
37.45,-122.35,2021-11-01 00:00:00,0,0.07300001
37.45,-122.25,2021-11-01 00:00:00,0,0.069000006
37.45,-122.149994,2021-11-01 00:00:00,0,0.066
37.45,-122.049995,2021-11-01 00:00:00,0,0.064
37.45,-121.95,2021-11-01 00:00:00,0,0.059000004
37.45,-121.85,2021-11-01 00:00:00,0,0.058000002
37.45,-121.75,2021-11-01 00:00:00,0,0.059000004
37.45,-121.649994,2021-11-01 00:00:00,0,0.055000003
37.45,-121.549995,2021-11-01 00:00:00,0,0.05
37.45,-121.45,2021-11-01 00:00:00,0,0.05
37.45,-121.35,2021-11-01 00:00:00,0,0.052
37.45,-121.25,2021-11-01 00:00:00,0,0.053000003
37.45,-121.149994,2021-11-01 00:00:00,0,0.055000003
37.45,-121.049995,2021-11-01 00:00:00,0,0.058000002
37.45,-120.95,2021-11-01 00:00:00,0,0.059000004
37.45,-120.85,2021-11-01 00:00:00,0,0.062000003
37.45,-120.75,2021-11-01 00:00:00,0,0.054
37.45,-120.649994,2021-11-01 00:00:00,0,0.058000002
37.45,-120.549995,2021-11-01 00:00:00,0,0.055000003
37.45,-120.45,2021-11-01 00:00:00,0,0.058000002
37.45,-120.35,2021-11-01 00:00:00,0,0.063
37.45,-120.25,2021-11-01 00:00:00,0,0.072000004
37.45,-120.149994,2021-11-01 00:00:00,0,0.071
37.45,-120.049995,2021-11-01 00:00:00,0,0.08400001
37.45,-119.95,2021-11-01 00:00:00,0,0.086
37.45,-119.85,2021-11-01 00:00:00,0,0.087000005
37.45,-119.75,2021-11-01 00:00:00,0,0.095000006
37.45,-119.649994,2021-11-01 00:00:00,0,0.09200001
37.45,-119.549995,2021-11-01 00:00:00,0,0.093
37.45,-119.45,2021-11-01 00:00:00,0,0.098000005
37.45,-119.35,2021-11-01 00:00:00,0,0.089
37.45,-119.25,2021-11-01 00:00:00,0,0.07300001
37.45,-119.149994,2021-11-01 00:00:00,0,0.057000004
37.45,-119.049995,2021-11-01 00:00:00,0,0.056
37.45,-118.95,2021-11-01 00:00:00,0,0.055000003
37.45,-118.85,2021-11-01 00:00:00,0,0.056
37.45,-118.75,2021-11-01 00:00:00,0,0.059000004
37.45,-118.649994,2021-11-01 00:00:00,0,0.048
37.45,-118.549995,2021-11-01 00:00:00,0,0.035
37.45,-118.45,2021-11-01 00:00:00,0,0.029000001
37.45,-118.35,2021-11-01 00:00:00,0,0.028
37.45,-118.25,2021-11-01 00:00:00,0,0.037
37.45,-118.149994,2021-11-01 00:00:00,0,0.034
37.45,-118.049995,2021-11-01 00:00:00,0,0.019000001
37.45,-117.95,2021-11-01 00:00:00,0,0.017
37.45,-117.85,2021-11-01 00:00:00,0,0.014
37.45,-117.75,2021-11-01 00:00:00,0,0.0
37.45,-117.649994,2021-11-01 00:00:00,0,0.0
37.45,-117.549995,2021-11-01 00:00:00,0,0.0
37.45,-117.45,2021-11-01 00:00:00,0,0.0
37.45,-117.35,2021-11-01 00:00:00,0,0.0
37.45,-117.25,2021-11-01 00:00:00,0,0.0
37.45,-117.149994,2021-11-01 00:00:00,0,0.0
37.45,-117.049995,2021-11-01 00:00:00,0,0.0
37.45,-116.95,2021-11-01 00:00:00,0,0.0
37.45,-116.85,2021-11-01 00:00:00,0,0.0
37.45,-116.75,2021-11-01 00:00:00,0,0.0
37.45,-116.649994,2021-11-01 00:00:00,0,0.0
37.45,-116.549995,2021-11-01 00:00:00,0,0.0
37.45,-116.45,2021-11-01 00:00:00,0,0.0
37.45,-116.35,2021-11-01 00:00:00,0,0.0
37.45,-116.25,2021-11-01 00:00:00,0,0.0
37.45,-116.149994,2021-11-01 00:00:00,0,0.0
37.45,-116.049995,2021-11-01 00:00:00,0,0.0
37.45,-115.95,2021-11-01 00:00:00,0,0.0
37.45,-115.85,2021-11-01 00:00:00,0,0.0
37.45,-115.75,2021-11-01 00:00:00,0,0.0
37.45,-115.649994,2021-11-01 00:00:00,0,0.0
37.45,-115.549995,2021-11-01 00:00:00,0,0.0
37.45,-115.45,2021-11-01 00:00:00,0,0.0
37.45,-115.35,2021-11-01 00:00:00,0,0.0
37.45,-115.25,2021-11-01 00:00:00,0,0.0
37.45,-115.149994,2021-11-01 00:00:00,0,0.0
37.45,-115.049995,2021-11-01 00:00:00,0,0.0
37.45,-114.95,2021-11-01 00:00:00,0,0.0
37.45,-114.85,2021-11-01 00:00:00,0,0.0
37.45,-114.75,2021-11-01 00:00:00,0,0.0
37.45,-114.649994,2021-11-01 00:00:00,0,0.0
37.45,-114.549995,2021-11-01 00:00:00,0,0.0
37.45,-114.45,2021-11-01 00:00:00,0,0.0
37.45,-114.35,2021-11-01 00:00:00,0,0.0
37.45,-114.25,2021-11-01 00:00:00,0,0.0
37.55,-124.35,2021-11-01 00:00:00,0,0.0
37.55,-124.25,2021-11-01 00:00:00,0,0.0
37.55,-124.149994,2021-11-01 00:00:00,0,0.0
37.55,-124.049995,2021-11-01 00:00:00,0,0.0
37.55,-123.95,2021-11-01 00:00:00,0,0.0
37.55,-123.85,2021-11-01 00:00:00,0,0.0
37.55,-123.75,2021-11-01 00:00:00,0,0.0
37.55,-123.649994,2021-11-01 00:00:00,0,0.0
37.55,-123.549995,2021-11-01 00:00:00,0,0.0
37.55,-123.45,2021-11-01 00:00:00,0,0.0
37.55,-123.35,2021-11-01 00:00:00,0,0.0
37.55,-123.25,2021-11-01 00:00:00,0,0.0
37.55,-123.149994,2021-11-01 00:00:00,0,0.0
37.55,-123.049995,2021-11-01 00:00:00,0,0.0
37.55,-122.95,2021-11-01 00:00:00,0,0.0
37.55,-122.85,2021-11-01 00:00:00,0,0.0
37.55,-122.75,2021-11-01 00:00:00,0,0.0
37.55,-122.649994,2021-11-01 00:00:00,0,0.0
37.55,-122.549995,2021-11-01 00:00:00,0,0.0
37.55,-122.45,2021-11-01 00:00:00,0,0.076000005
37.55,-122.35,2021-11-01 00:00:00,0,0.072000004
37.55,-122.25,2021-11-01 00:00:00,0,0.067
37.55,-122.149994,2021-11-01 00:00:00,0,0.066
37.55,-122.049995,2021-11-01 00:00:00,0,0.063
37.55,-121.95,2021-11-01 00:00:00,0,0.062000003
37.55,-121.85,2021-11-01 00:00:00,0,0.062000003
37.55,-121.75,2021-11-01 00:00:00,0,0.060000002
37.55,-121.649994,2021-11-01 00:00:00,0,0.055000003
37.55,-121.549995,2021-11-01 00:00:00,0,0.05
37.55,-121.45,2021-11-01 00:00:00,0,0.051000003
37.55,-121.35,2021-11-01 00:00:00,0,0.057000004
37.55,-121.25,2021-11-01 00:00:00,0,0.059000004
37.55,-121.149994,2021-11-01 00:00:00,0,0.056
37.55,-121.049995,2021-11-01 00:00:00,0,0.061000004
37.55,-120.95,2021-11-01 00:00:00,0,0.060000002
37.55,-120.85,2021-11-01 00:00:00,0,0.064
37.55,-120.75,2021-11-01 00:00:00,0,0.063
37.55,-120.649994,2021-11-01 00:00:00,0,0.065000005
37.55,-120.549995,2021-11-01 00:00:00,0,0.061000004
37.55,-120.45,2021-11-01 00:00:00,0,0.063
37.55,-120.35,2021-11-01 00:00:00,0,0.069000006
37.55,-120.25,2021-11-01 00:00:00,0,0.067
37.55,-120.149994,2021-11-01 00:00:00,0,0.07300001
37.55,-120.049995,2021-11-01 00:00:00,0,0.080000006
37.55,-119.95,2021-11-01 00:00:00,0,0.085
37.55,-119.85,2021-11-01 00:00:00,0,0.091000006
37.55,-119.75,2021-11-01 00:00:00,0,0.085
37.55,-119.649994,2021-11-01 00:00:00,0,0.095000006
37.55,-119.549995,2021-11-01 00:00:00,0,0.09900001
37.55,-119.45,2021-11-01 00:00:00,0,0.096
37.55,-119.35,2021-11-01 00:00:00,0,0.081
37.55,-119.25,2021-11-01 00:00:00,0,0.07
37.55,-119.149994,2021-11-01 00:00:00,0,0.058000002
37.55,-119.049995,2021-11-01 00:00:00,0,0.056
37.55,-118.95,2021-11-01 00:00:00,0,0.059000004
37.55,-118.85,2021-11-01 00:00:00,0,0.056
37.55,-118.75,2021-11-01 00:00:00,0,0.044000003
37.55,-118.649994,2021-11-01 00:00:00,0,0.040000003
37.55,-118.549995,2021-11-01 00:00:00,0,0.032
37.55,-118.45,2021-11-01 00:00:00,0,0.029000001
37.55,-118.35,2021-11-01 00:00:00,0,0.026
37.55,-118.25,2021-11-01 00:00:00,0,0.040000003
37.55,-118.149994,2021-11-01 00:00:00,0,0.028
37.55,-118.049995,2021-11-01 00:00:00,0,0.017
37.55,-117.95,2021-11-01 00:00:00,0,0.018000001
37.55,-117.85,2021-11-01 00:00:00,0,0.0
37.55,-117.75,2021-11-01 00:00:00,0,0.0
37.55,-117.649994,2021-11-01 00:00:00,0,0.0
37.55,-117.549995,2021-11-01 00:00:00,0,0.0
37.55,-117.45,2021-11-01 00:00:00,0,0.0
37.55,-117.35,2021-11-01 00:00:00,0,0.0
37.55,-117.25,2021-11-01 00:00:00,0,0.0
37.55,-117.149994,2021-11-01 00:00:00,0,0.0
37.55,-117.049995,2021-11-01 00:00:00,0,0.0
37.55,-116.95,2021-11-01 00:00:00,0,0.0
37.55,-116.85,2021-11-01 00:00:00,0,0.0
37.55,-116.75,2021-11-01 00:00:00,0,0.0
37.55,-116.649994,2021-11-01 00:00:00,0,0.0
37.55,-116.549995,2021-11-01 00:00:00,0,0.0
37.55,-116.45,2021-11-01 00:00:00,0,0.0
37.55,-116.35,2021-11-01 00:00:00,0,0.0
37.55,-116.25,2021-11-01 00:00:00,0,0.0
37.55,-116.149994,2021-11-01 00:00:00,0,0.0
37.55,-116.049995,2021-11-01 00:00:00,0,0.0
37.55,-115.95,2021-11-01 00:00:00,0,0.0
37.55,-115.85,2021-11-01 00:00:00,0,0.0
37.55,-115.75,2021-11-01 00:00:00,0,0.0
37.55,-115.649994,2021-11-01 00:00:00,0,0.0
37.55,-115.549995,2021-11-01 00:00:00,0,0.0
37.55,-115.45,2021-11-01 00:00:00,0,0.0
37.55,-115.35,2021-11-01 00:00:00,0,0.0
37.55,-115.25,2021-11-01 00:00:00,0,0.0
37.55,-115.149994,2021-11-01 00:00:00,0,0.0
37.55,-115.049995,2021-11-01 00:00:00,0,0.0
37.55,-114.95,2021-11-01 00:00:00,0,0.0
37.55,-114.85,2021-11-01 00:00:00,0,0.0
37.55,-114.75,2021-11-01 00:00:00,0,0.0
37.55,-114.649994,2021-11-01 00:00:00,0,0.0
37.55,-114.549995,2021-11-01 00:00:00,0,0.0
37.55,-114.45,2021-11-01 00:00:00,0,0.0
37.55,-114.35,2021-11-01 00:00:00,0,0.0
37.55,-114.25,2021-11-01 00:00:00,0,0.0
37.649998,-124.35,2021-11-01 00:00:00,0,0.0
37.649998,-124.25,2021-11-01 00:00:00,0,0.0
37.649998,-124.149994,2021-11-01 00:00:00,0,0.0
37.649998,-124.049995,2021-11-01 00:00:00,0,0.0
37.649998,-123.95,2021-11-01 00:00:00,0,0.0
37.649998,-123.85,2021-11-01 00:00:00,0,0.0
37.649998,-123.75,2021-11-01 00:00:00,0,0.0
37.649998,-123.649994,2021-11-01 00:00:00,0,0.0
37.649998,-123.549995,2021-11-01 00:00:00,0,0.0
37.649998,-123.45,2021-11-01 00:00:00,0,0.0
37.649998,-123.35,2021-11-01 00:00:00,0,0.0
37.649998,-123.25,2021-11-01 00:00:00,0,0.0
37.649998,-123.149994,2021-11-01 00:00:00,0,0.0
37.649998,-123.049995,2021-11-01 00:00:00,0,0.0
37.649998,-122.95,2021-11-01 00:00:00,0,0.0
37.649998,-122.85,2021-11-01 00:00:00,0,0.0
37.649998,-122.75,2021-11-01 00:00:00,0,0.0
37.649998,-122.649994,2021-11-01 00:00:00,0,0.0
37.649998,-122.549995,2021-11-01 00:00:00,0,0.0
37.649998,-122.45,2021-11-01 00:00:00,0,0.079
37.649998,-122.35,2021-11-01 00:00:00,0,0.076000005
37.649998,-122.25,2021-11-01 00:00:00,0,0.071
37.649998,-122.149994,2021-11-01 00:00:00,0,0.069000006
37.649998,-122.049995,2021-11-01 00:00:00,0,0.068
37.649998,-121.95,2021-11-01 00:00:00,0,0.066
37.649998,-121.85,2021-11-01 00:00:00,0,0.062000003
37.649998,-121.75,2021-11-01 00:00:00,0,0.059000004
37.649998,-121.649994,2021-11-01 00:00:00,0,0.054
37.649998,-121.549995,2021-11-01 00:00:00,0,0.053000003
37.649998,-121.45,2021-11-01 00:00:00,0,0.059000004
37.649998,-121.35,2021-11-01 00:00:00,0,0.062000003
37.649998,-121.25,2021-11-01 00:00:00,0,0.069000006
37.649998,-121.149994,2021-11-01 00:00:00,0,0.064
37.649998,-121.049995,2021-11-01 00:00:00,0,0.068
37.649998,-120.95,2021-11-01 00:00:00,0,0.068
37.649998,-120.85,2021-11-01 00:00:00,0,0.067
37.649998,-120.75,2021-11-01 00:00:00,0,0.065000005
37.649998,-120.649994,2021-11-01 00:00:00,0,0.062000003
37.649998,-120.549995,2021-11-01 00:00:00,0,0.067
37.649998,-120.45,2021-11-01 00:00:00,0,0.065000005
37.649998,-120.35,2021-11-01 00:00:00,0,0.068
37.649998,-120.25,2021-11-01 00:00:00,0,0.074
37.649998,-120.149994,2021-11-01 00:00:00,0,0.076000005
37.649998,-120.049995,2021-11-01 00:00:00,0,0.081
37.649998,-119.95,2021-11-01 00:00:00,0,0.086
37.649998,-119.85,2021-11-01 00:00:00,0,0.079
37.649998,-119.75,2021-11-01 00:00:00,0,0.087000005
37.649998,-119.649994,2021-11-01 00:00:00,0,0.091000006
37.649998,-119.549995,2021-11-01 00:00:00,0,0.08800001
37.649998,-119.45,2021-11-01 00:00:00,0,0.07700001
37.649998,-119.35,2021-11-01 00:00:00,0,0.07300001
37.649998,-119.25,2021-11-01 00:00:00,0,0.07
37.649998,-119.149994,2021-11-01 00:00:00,0,0.065000005
37.649998,-119.049995,2021-11-01 00:00:00,0,0.065000005
37.649998,-118.95,2021-11-01 00:00:00,0,0.059000004
37.649998,-118.85,2021-11-01 00:00:00,0,0.045
37.649998,-118.75,2021-11-01 00:00:00,0,0.040000003
37.649998,-118.649994,2021-11-01 00:00:00,0,0.031000001
37.649998,-118.549995,2021-11-01 00:00:00,0,0.027
37.649998,-118.45,2021-11-01 00:00:00,0,0.028
37.649998,-118.35,2021-11-01 00:00:00,0,0.033
37.649998,-118.25,2021-11-01 00:00:00,0,0.042000003
37.649998,-118.149994,2021-11-01 00:00:00,0,0.027
37.649998,-118.049995,2021-11-01 00:00:00,0,0.0
37.649998,-117.95,2021-11-01 00:00:00,0,0.0
37.649998,-117.85,2021-11-01 00:00:00,0,0.0
37.649998,-117.75,2021-11-01 00:00:00,0,0.0
37.649998,-117.649994,2021-11-01 00:00:00,0,0.0
37.649998,-117.549995,2021-11-01 00:00:00,0,0.0
37.649998,-117.45,2021-11-01 00:00:00,0,0.0
37.649998,-117.35,2021-11-01 00:00:00,0,0.0
37.649998,-117.25,2021-11-01 00:00:00,0,0.0
37.649998,-117.149994,2021-11-01 00:00:00,0,0.0
37.649998,-117.049995,2021-11-01 00:00:00,0,0.0
37.649998,-116.95,2021-11-01 00:00:00,0,0.0
37.649998,-116.85,2021-11-01 00:00:00,0,0.0
37.649998,-116.75,2021-11-01 00:00:00,0,0.0
37.649998,-116.649994,2021-11-01 00:00:00,0,0.0
37.649998,-116.549995,2021-11-01 00:00:00,0,0.0
37.649998,-116.45,2021-11-01 00:00:00,0,0.0
37.649998,-116.35,2021-11-01 00:00:00,0,0.0
37.649998,-116.25,2021-11-01 00:00:00,0,0.0
37.649998,-116.149994,2021-11-01 00:00:00,0,0.0
37.649998,-116.049995,2021-11-01 00:00:00,0,0.0
37.649998,-115.95,2021-11-01 00:00:00,0,0.0
37.649998,-115.85,2021-11-01 00:00:00,0,0.0
37.649998,-115.75,2021-11-01 00:00:00,0,0.0
37.649998,-115.649994,2021-11-01 00:00:00,0,0.0
37.649998,-115.549995,2021-11-01 00:00:00,0,0.0
37.649998,-115.45,2021-11-01 00:00:00,0,0.0
37.649998,-115.35,2021-11-01 00:00:00,0,0.0
37.649998,-115.25,2021-11-01 00:00:00,0,0.0
37.649998,-115.149994,2021-11-01 00:00:00,0,0.0
37.649998,-115.049995,2021-11-01 00:00:00,0,0.0
37.649998,-114.95,2021-11-01 00:00:00,0,0.0
37.649998,-114.85,2021-11-01 00:00:00,0,0.0
37.649998,-114.75,2021-11-01 00:00:00,0,0.0
37.649998,-114.649994,2021-11-01 00:00:00,0,0.0
37.649998,-114.549995,2021-11-01 00:00:00,0,0.0
37.649998,-114.45,2021-11-01 00:00:00,0,0.0
37.649998,-114.35,2021-11-01 00:00:00,0,0.0
37.649998,-114.25,2021-11-01 00:00:00,0,0.0
37.75,-124.35,2021-11-01 00:00:00,0,0.0
37.75,-124.25,2021-11-01 00:00:00,0,0.0
37.75,-124.149994,2021-11-01 00:00:00,0,0.0
37.75,-124.049995,2021-11-01 00:00:00,0,0.0
37.75,-123.95,2021-11-01 00:00:00,0,0.0
37.75,-123.85,2021-11-01 00:00:00,0,0.0
37.75,-123.75,2021-11-01 00:00:00,0,0.0
37.75,-123.649994,2021-11-01 00:00:00,0,0.0
37.75,-123.549995,2021-11-01 00:00:00,0,0.0
37.75,-123.45,2021-11-01 00:00:00,0,0.0
37.75,-123.35,2021-11-01 00:00:00,0,0.0
37.75,-123.25,2021-11-01 00:00:00,0,0.0
37.75,-123.149994,2021-11-01 00:00:00,0,0.0
37.75,-123.049995,2021-11-01 00:00:00,0,0.0
37.75,-122.95,2021-11-01 00:00:00,0,0.0
37.75,-122.85,2021-11-01 00:00:00,0,0.0
37.75,-122.75,2021-11-01 00:00:00,0,0.0
37.75,-122.649994,2021-11-01 00:00:00,0,0.0
37.75,-122.549995,2021-11-01 00:00:00,0,0.0
37.75,-122.45,2021-11-01 00:00:00,0,0.080000006
37.75,-122.35,2021-11-01 00:00:00,0,0.07700001
37.75,-122.25,2021-11-01 00:00:00,0,0.075
37.75,-122.149994,2021-11-01 00:00:00,0,0.071
37.75,-122.049995,2021-11-01 00:00:00,0,0.071
37.75,-121.95,2021-11-01 00:00:00,0,0.068
37.75,-121.85,2021-11-01 00:00:00,0,0.063
37.75,-121.75,2021-11-01 00:00:00,0,0.060000002
37.75,-121.649994,2021-11-01 00:00:00,0,0.058000002
37.75,-121.549995,2021-11-01 00:00:00,0,0.056
37.75,-121.45,2021-11-01 00:00:00,0,0.064
37.75,-121.35,2021-11-01 00:00:00,0,0.064
37.75,-121.25,2021-11-01 00:00:00,0,0.068
37.75,-121.149994,2021-11-01 00:00:00,0,0.068
37.75,-121.049995,2021-11-01 00:00:00,0,0.069000006
37.75,-120.95,2021-11-01 00:00:00,0,0.067
37.75,-120.85,2021-11-01 00:00:00,0,0.063
37.75,-120.75,2021-11-01 00:00:00,0,0.064
37.75,-120.649994,2021-11-01 00:00:00,0,0.064
37.75,-120.549995,2021-11-01 00:00:00,0,0.067
37.75,-120.45,2021-11-01 00:00:00,0,0.07
37.75,-120.35,2021-11-01 00:00:00,0,0.074
37.75,-120.25,2021-11-01 00:00:00,0,0.075
37.75,-120.149994,2021-11-01 00:00:00,0,0.079
37.75,-120.049995,2021-11-01 00:00:00,0,0.081
37.75,-119.95,2021-11-01 00:00:00,0,0.079
37.75,-119.85,2021-11-01 00:00:00,0,0.078
37.75,-119.75,2021-11-01 00:00:00,0,0.081
37.75,-119.649994,2021-11-01 00:00:00,0,0.083000004
37.75,-119.549995,2021-11-01 00:00:00,0,0.075
37.75,-119.45,2021-11-01 00:00:00,0,0.072000004
37.75,-119.35,2021-11-01 00:00:00,0,0.07
37.75,-119.25,2021-11-01 00:00:00,0,0.066
37.75,-119.149994,2021-11-01 00:00:00,0,0.066
37.75,-119.049995,2021-11-01 00:00:00,0,0.060000002
37.75,-118.95,2021-11-01 00:00:00,0,0.047000002
37.75,-118.85,2021-11-01 00:00:00,0,0.040000003
37.75,-118.75,2021-11-01 00:00:00,0,0.036000002
37.75,-118.649994,2021-11-01 00:00:00,0,0.031000001
37.75,-118.549995,2021-11-01 00:00:00,0,0.031000001
37.75,-118.45,2021-11-01 00:00:00,0,0.030000001
37.75,-118.35,2021-11-01 00:00:00,0,0.039
37.75,-118.25,2021-11-01 00:00:00,0,0.036000002
37.75,-118.149994,2021-11-01 00:00:00,0,0.0
37.75,-118.049995,2021-11-01 00:00:00,0,0.0
37.75,-117.95,2021-11-01 00:00:00,0,0.0
37.75,-117.85,2021-11-01 00:00:00,0,0.0
37.75,-117.75,2021-11-01 00:00:00,0,0.0
37.75,-117.649994,2021-11-01 00:00:00,0,0.0
37.75,-117.549995,2021-11-01 00:00:00,0,0.0
37.75,-117.45,2021-11-01 00:00:00,0,0.0
37.75,-117.35,2021-11-01 00:00:00,0,0.0
37.75,-117.25,2021-11-01 00:00:00,0,0.0
37.75,-117.149994,2021-11-01 00:00:00,0,0.0
37.75,-117.049995,2021-11-01 00:00:00,0,0.0
37.75,-116.95,2021-11-01 00:00:00,0,0.0
37.75,-116.85,2021-11-01 00:00:00,0,0.0
37.75,-116.75,2021-11-01 00:00:00,0,0.0
37.75,-116.649994,2021-11-01 00:00:00,0,0.0
37.75,-116.549995,2021-11-01 00:00:00,0,0.0
37.75,-116.45,2021-11-01 00:00:00,0,0.0
37.75,-116.35,2021-11-01 00:00:00,0,0.0
37.75,-116.25,2021-11-01 00:00:00,0,0.0
37.75,-116.149994,2021-11-01 00:00:00,0,0.0
37.75,-116.049995,2021-11-01 00:00:00,0,0.0
37.75,-115.95,2021-11-01 00:00:00,0,0.0
37.75,-115.85,2021-11-01 00:00:00,0,0.0
37.75,-115.75,2021-11-01 00:00:00,0,0.0
37.75,-115.649994,2021-11-01 00:00:00,0,0.0
37.75,-115.549995,2021-11-01 00:00:00,0,0.0
37.75,-115.45,2021-11-01 00:00:00,0,0.0
37.75,-115.35,2021-11-01 00:00:00,0,0.0
37.75,-115.25,2021-11-01 00:00:00,0,0.0
37.75,-115.149994,2021-11-01 00:00:00,0,0.0
37.75,-115.049995,2021-11-01 00:00:00,0,0.0
37.75,-114.95,2021-11-01 00:00:00,0,0.0
37.75,-114.85,2021-11-01 00:00:00,0,0.0
37.75,-114.75,2021-11-01 00:00:00,0,0.0
37.75,-114.649994,2021-11-01 00:00:00,0,0.0
37.75,-114.549995,2021-11-01 00:00:00,0,0.0
37.75,-114.45,2021-11-01 00:00:00,0,0.0
37.75,-114.35,2021-11-01 00:00:00,0,0.0
37.75,-114.25,2021-11-01 00:00:00,0,0.0
37.85,-124.35,2021-11-01 00:00:00,0,0.0
37.85,-124.25,2021-11-01 00:00:00,0,0.0
37.85,-124.149994,2021-11-01 00:00:00,0,0.0
37.85,-124.049995,2021-11-01 00:00:00,0,0.0
37.85,-123.95,2021-11-01 00:00:00,0,0.0
37.85,-123.85,2021-11-01 00:00:00,0,0.0
37.85,-123.75,2021-11-01 00:00:00,0,0.0
37.85,-123.649994,2021-11-01 00:00:00,0,0.0
37.85,-123.549995,2021-11-01 00:00:00,0,0.0
37.85,-123.45,2021-11-01 00:00:00,0,0.0
37.85,-123.35,2021-11-01 00:00:00,0,0.0
37.85,-123.25,2021-11-01 00:00:00,0,0.0
37.85,-123.149994,2021-11-01 00:00:00,0,0.0
37.85,-123.049995,2021-11-01 00:00:00,0,0.0
37.85,-122.95,2021-11-01 00:00:00,0,0.0
37.85,-122.85,2021-11-01 00:00:00,0,0.0
37.85,-122.75,2021-11-01 00:00:00,0,0.0
37.85,-122.649994,2021-11-01 00:00:00,0,0.0
37.85,-122.549995,2021-11-01 00:00:00,0,0.093
37.85,-122.45,2021-11-01 00:00:00,0,0.089
37.85,-122.35,2021-11-01 00:00:00,0,0.083000004
37.85,-122.25,2021-11-01 00:00:00,0,0.080000006
37.85,-122.149994,2021-11-01 00:00:00,0,0.074
37.85,-122.049995,2021-11-01 00:00:00,0,0.071
37.85,-121.95,2021-11-01 00:00:00,0,0.067
37.85,-121.85,2021-11-01 00:00:00,0,0.065000005
37.85,-121.75,2021-11-01 00:00:00,0,0.062000003
37.85,-121.649994,2021-11-01 00:00:00,0,0.060000002
37.85,-121.549995,2021-11-01 00:00:00,0,0.060000002
37.85,-121.45,2021-11-01 00:00:00,0,0.064
37.85,-121.35,2021-11-01 00:00:00,0,0.067
37.85,-121.25,2021-11-01 00:00:00,0,0.068
37.85,-121.149994,2021-11-01 00:00:00,0,0.066
37.85,-121.049995,2021-11-01 00:00:00,0,0.064
37.85,-120.95,2021-11-01 00:00:00,0,0.066
37.85,-120.85,2021-11-01 00:00:00,0,0.067
37.85,-120.75,2021-11-01 00:00:00,0,0.064
37.85,-120.649994,2021-11-01 00:00:00,0,0.068
37.85,-120.549995,2021-11-01 00:00:00,0,0.065000005
37.85,-120.45,2021-11-01 00:00:00,0,0.071
37.85,-120.35,2021-11-01 00:00:00,0,0.076000005
37.85,-120.25,2021-11-01 00:00:00,0,0.079
37.85,-120.149994,2021-11-01 00:00:00,0,0.082
37.85,-120.049995,2021-11-01 00:00:00,0,0.076000005
37.85,-119.95,2021-11-01 00:00:00,0,0.079
37.85,-119.85,2021-11-01 00:00:00,0,0.083000004
37.85,-119.75,2021-11-01 00:00:00,0,0.075
37.85,-119.649994,2021-11-01 00:00:00,0,0.07300001
37.85,-119.549995,2021-11-01 00:00:00,0,0.063
37.85,-119.45,2021-11-01 00:00:00,0,0.060000002
37.85,-119.35,2021-11-01 00:00:00,0,0.059000004
37.85,-119.25,2021-11-01 00:00:00,0,0.058000002
37.85,-119.149994,2021-11-01 00:00:00,0,0.058000002
37.85,-119.049995,2021-11-01 00:00:00,0,0.057000004
37.85,-118.95,2021-11-01 00:00:00,0,0.043
37.85,-118.85,2021-11-01 00:00:00,0,0.040000003
37.85,-118.75,2021-11-01 00:00:00,0,0.036000002
37.85,-118.649994,2021-11-01 00:00:00,0,0.031000001
37.85,-118.549995,2021-11-01 00:00:00,0,0.028
37.85,-118.45,2021-11-01 00:00:00,0,0.027
37.85,-118.35,2021-11-01 00:00:00,0,0.0
37.85,-118.25,2021-11-01 00:00:00,0,0.0
37.85,-118.149994,2021-11-01 00:00:00,0,0.0
37.85,-118.049995,2021-11-01 00:00:00,0,0.0
37.85,-117.95,2021-11-01 00:00:00,0,0.0
37.85,-117.85,2021-11-01 00:00:00,0,0.0
37.85,-117.75,2021-11-01 00:00:00,0,0.0
37.85,-117.649994,2021-11-01 00:00:00,0,0.0
37.85,-117.549995,2021-11-01 00:00:00,0,0.0
37.85,-117.45,2021-11-01 00:00:00,0,0.0
37.85,-117.35,2021-11-01 00:00:00,0,0.0
37.85,-117.25,2021-11-01 00:00:00,0,0.0
37.85,-117.149994,2021-11-01 00:00:00,0,0.0
37.85,-117.049995,2021-11-01 00:00:00,0,0.0
37.85,-116.95,2021-11-01 00:00:00,0,0.0
37.85,-116.85,2021-11-01 00:00:00,0,0.0
37.85,-116.75,2021-11-01 00:00:00,0,0.0
37.85,-116.649994,2021-11-01 00:00:00,0,0.0
37.85,-116.549995,2021-11-01 00:00:00,0,0.0
37.85,-116.45,2021-11-01 00:00:00,0,0.0
37.85,-116.35,2021-11-01 00:00:00,0,0.0
37.85,-116.25,2021-11-01 00:00:00,0,0.0
37.85,-116.149994,2021-11-01 00:00:00,0,0.0
37.85,-116.049995,2021-11-01 00:00:00,0,0.0
37.85,-115.95,2021-11-01 00:00:00,0,0.0
37.85,-115.85,2021-11-01 00:00:00,0,0.0
37.85,-115.75,2021-11-01 00:00:00,0,0.0
37.85,-115.649994,2021-11-01 00:00:00,0,0.0
37.85,-115.549995,2021-11-01 00:00:00,0,0.0
37.85,-115.45,2021-11-01 00:00:00,0,0.0
37.85,-115.35,2021-11-01 00:00:00,0,0.0
37.85,-115.25,2021-11-01 00:00:00,0,0.0
37.85,-115.149994,2021-11-01 00:00:00,0,0.0
37.85,-115.049995,2021-11-01 00:00:00,0,0.0
37.85,-114.95,2021-11-01 00:00:00,0,0.0
37.85,-114.85,2021-11-01 00:00:00,0,0.0
37.85,-114.75,2021-11-01 00:00:00,0,0.0
37.85,-114.649994,2021-11-01 00:00:00,0,0.0
37.85,-114.549995,2021-11-01 00:00:00,0,0.0
37.85,-114.45,2021-11-01 00:00:00,0,0.0
37.85,-114.35,2021-11-01 00:00:00,0,0.0
37.85,-114.25,2021-11-01 00:00:00,0,0.0
37.95,-124.35,2021-11-01 00:00:00,0,0.0
37.95,-124.25,2021-11-01 00:00:00,0,0.0
37.95,-124.149994,2021-11-01 00:00:00,0,0.0
37.95,-124.049995,2021-11-01 00:00:00,0,0.0
37.95,-123.95,2021-11-01 00:00:00,0,0.0
37.95,-123.85,2021-11-01 00:00:00,0,0.0
37.95,-123.75,2021-11-01 00:00:00,0,0.0
37.95,-123.649994,2021-11-01 00:00:00,0,0.0
37.95,-123.549995,2021-11-01 00:00:00,0,0.0
37.95,-123.45,2021-11-01 00:00:00,0,0.0
37.95,-123.35,2021-11-01 00:00:00,0,0.0
37.95,-123.25,2021-11-01 00:00:00,0,0.0
37.95,-123.149994,2021-11-01 00:00:00,0,0.0
37.95,-123.049995,2021-11-01 00:00:00,0,0.0
37.95,-122.95,2021-11-01 00:00:00,0,0.0
37.95,-122.85,2021-11-01 00:00:00,0,0.0
37.95,-122.75,2021-11-01 00:00:00,0,0.113000005
37.95,-122.649994,2021-11-01 00:00:00,0,0.112
37.95,-122.549995,2021-11-01 00:00:00,0,0.102000006
37.95,-122.45,2021-11-01 00:00:00,0,0.093
37.95,-122.35,2021-11-01 00:00:00,0,0.08800001
37.95,-122.25,2021-11-01 00:00:00,0,0.085
37.95,-122.149994,2021-11-01 00:00:00,0,0.080000006
37.95,-122.049995,2021-11-01 00:00:00,0,0.076000005
37.95,-121.95,2021-11-01 00:00:00,0,0.071
37.95,-121.85,2021-11-01 00:00:00,0,0.066
37.95,-121.75,2021-11-01 00:00:00,0,0.063
37.95,-121.649994,2021-11-01 00:00:00,0,0.063
37.95,-121.549995,2021-11-01 00:00:00,0,0.064
37.95,-121.45,2021-11-01 00:00:00,0,0.065000005
37.95,-121.35,2021-11-01 00:00:00,0,0.069000006
37.95,-121.25,2021-11-01 00:00:00,0,0.069000006
37.95,-121.149994,2021-11-01 00:00:00,0,0.069000006
37.95,-121.049995,2021-11-01 00:00:00,0,0.065000005
37.95,-120.95,2021-11-01 00:00:00,0,0.067
37.95,-120.85,2021-11-01 00:00:00,0,0.067
37.95,-120.75,2021-11-01 00:00:00,0,0.063
37.95,-120.649994,2021-11-01 00:00:00,0,0.069000006
37.95,-120.549995,2021-11-01 00:00:00,0,0.072000004
37.95,-120.45,2021-11-01 00:00:00,0,0.076000005
37.95,-120.35,2021-11-01 00:00:00,0,0.083000004
37.95,-120.25,2021-11-01 00:00:00,0,0.086
37.95,-120.149994,2021-11-01 00:00:00,0,0.079
37.95,-120.049995,2021-11-01 00:00:00,0,0.08800001
37.95,-119.95,2021-11-01 00:00:00,0,0.08400001
37.95,-119.85,2021-11-01 00:00:00,0,0.082
37.95,-119.75,2021-11-01 00:00:00,0,0.07300001
37.95,-119.649994,2021-11-01 00:00:00,0,0.062000003
37.95,-119.549995,2021-11-01 00:00:00,0,0.058000002
37.95,-119.45,2021-11-01 00:00:00,0,0.061000004
37.95,-119.35,2021-11-01 00:00:00,0,0.062000003
37.95,-119.25,2021-11-01 00:00:00,0,0.055000003
37.95,-119.149994,2021-11-01 00:00:00,0,0.051000003
37.95,-119.049995,2021-11-01 00:00:00,0,0.048
37.95,-118.95,2021-11-01 00:00:00,0,0.044000003
37.95,-118.85,2021-11-01 00:00:00,0,0.036000002
37.95,-118.75,2021-11-01 00:00:00,0,0.030000001
37.95,-118.649994,2021-11-01 00:00:00,0,0.027
37.95,-118.549995,2021-11-01 00:00:00,0,0.020000001
37.95,-118.45,2021-11-01 00:00:00,0,0.0
37.95,-118.35,2021-11-01 00:00:00,0,0.0
37.95,-118.25,2021-11-01 00:00:00,0,0.0
37.95,-118.149994,2021-11-01 00:00:00,0,0.0
37.95,-118.049995,2021-11-01 00:00:00,0,0.0
37.95,-117.95,2021-11-01 00:00:00,0,0.0
37.95,-117.85,2021-11-01 00:00:00,0,0.0
37.95,-117.75,2021-11-01 00:00:00,0,0.0
37.95,-117.649994,2021-11-01 00:00:00,0,0.0
37.95,-117.549995,2021-11-01 00:00:00,0,0.0
37.95,-117.45,2021-11-01 00:00:00,0,0.0
37.95,-117.35,2021-11-01 00:00:00,0,0.0
37.95,-117.25,2021-11-01 00:00:00,0,0.0
37.95,-117.149994,2021-11-01 00:00:00,0,0.0
37.95,-117.049995,2021-11-01 00:00:00,0,0.0
37.95,-116.95,2021-11-01 00:00:00,0,0.0
37.95,-116.85,2021-11-01 00:00:00,0,0.0
37.95,-116.75,2021-11-01 00:00:00,0,0.0
37.95,-116.649994,2021-11-01 00:00:00,0,0.0
37.95,-116.549995,2021-11-01 00:00:00,0,0.0
37.95,-116.45,2021-11-01 00:00:00,0,0.0
37.95,-116.35,2021-11-01 00:00:00,0,0.0
37.95,-116.25,2021-11-01 00:00:00,0,0.0
37.95,-116.149994,2021-11-01 00:00:00,0,0.0
37.95,-116.049995,2021-11-01 00:00:00,0,0.0
37.95,-115.95,2021-11-01 00:00:00,0,0.0
37.95,-115.85,2021-11-01 00:00:00,0,0.0
37.95,-115.75,2021-11-01 00:00:00,0,0.0
37.95,-115.649994,2021-11-01 00:00:00,0,0.0
37.95,-115.549995,2021-11-01 00:00:00,0,0.0
37.95,-115.45,2021-11-01 00:00:00,0,0.0
37.95,-115.35,2021-11-01 00:00:00,0,0.0
37.95,-115.25,2021-11-01 00:00:00,0,0.0
37.95,-115.149994,2021-11-01 00:00:00,0,0.0
37.95,-115.049995,2021-11-01 00:00:00,0,0.0
37.95,-114.95,2021-11-01 00:00:00,0,0.0
37.95,-114.85,2021-11-01 00:00:00,0,0.0
37.95,-114.75,2021-11-01 00:00:00,0,0.0
37.95,-114.649994,2021-11-01 00:00:00,0,0.0
37.95,-114.549995,2021-11-01 00:00:00,0,0.0
37.95,-114.45,2021-11-01 00:00:00,0,0.0
37.95,-114.35,2021-11-01 00:00:00,0,0.0
37.95,-114.25,2021-11-01 00:00:00,0,0.0
38.05,-124.35,2021-11-01 00:00:00,0,0.0
38.05,-124.25,2021-11-01 00:00:00,0,0.0
38.05,-124.149994,2021-11-01 00:00:00,0,0.0
38.05,-124.049995,2021-11-01 00:00:00,0,0.0
38.05,-123.95,2021-11-01 00:00:00,0,0.0
38.05,-123.85,2021-11-01 00:00:00,0,0.0
38.05,-123.75,2021-11-01 00:00:00,0,0.0
38.05,-123.649994,2021-11-01 00:00:00,0,0.0
38.05,-123.549995,2021-11-01 00:00:00,0,0.0
38.05,-123.45,2021-11-01 00:00:00,0,0.0
38.05,-123.35,2021-11-01 00:00:00,0,0.0
38.05,-123.25,2021-11-01 00:00:00,0,0.0
38.05,-123.149994,2021-11-01 00:00:00,0,0.0
38.05,-123.049995,2021-11-01 00:00:00,0,0.0
38.05,-122.95,2021-11-01 00:00:00,0,0.101
38.05,-122.85,2021-11-01 00:00:00,0,0.120000005
38.05,-122.75,2021-11-01 00:00:00,0,0.11400001
38.05,-122.649994,2021-11-01 00:00:00,0,0.113000005
38.05,-122.549995,2021-11-01 00:00:00,0,0.10700001
38.05,-122.45,2021-11-01 00:00:00,0,0.101
38.05,-122.35,2021-11-01 00:00:00,0,0.094000004
38.05,-122.25,2021-11-01 00:00:00,0,0.089
38.05,-122.149994,2021-11-01 00:00:00,0,0.08400001
38.05,-122.049995,2021-11-01 00:00:00,0,0.080000006
38.05,-121.95,2021-11-01 00:00:00,0,0.074
38.05,-121.85,2021-11-01 00:00:00,0,0.067
38.05,-121.75,2021-11-01 00:00:00,0,0.063
38.05,-121.649994,2021-11-01 00:00:00,0,0.064
38.05,-121.549995,2021-11-01 00:00:00,0,0.062000003
38.05,-121.45,2021-11-01 00:00:00,0,0.061000004
38.05,-121.35,2021-11-01 00:00:00,0,0.066
38.05,-121.25,2021-11-01 00:00:00,0,0.064
38.05,-121.149994,2021-11-01 00:00:00,0,0.065000005
38.05,-121.049995,2021-11-01 00:00:00,0,0.066
38.05,-120.95,2021-11-01 00:00:00,0,0.064
38.05,-120.85,2021-11-01 00:00:00,0,0.066
38.05,-120.75,2021-11-01 00:00:00,0,0.067
38.05,-120.649994,2021-11-01 00:00:00,0,0.07
38.05,-120.549995,2021-11-01 00:00:00,0,0.074
38.05,-120.45,2021-11-01 00:00:00,0,0.082
38.05,-120.35,2021-11-01 00:00:00,0,0.087000005
38.05,-120.25,2021-11-01 00:00:00,0,0.082
38.05,-120.149994,2021-11-01 00:00:00,0,0.082
38.05,-120.049995,2021-11-01 00:00:00,0,0.08800001
38.05,-119.95,2021-11-01 00:00:00,0,0.09
38.05,-119.85,2021-11-01 00:00:00,0,0.083000004
38.05,-119.75,2021-11-01 00:00:00,0,0.072000004
38.05,-119.649994,2021-11-01 00:00:00,0,0.067
38.05,-119.549995,2021-11-01 00:00:00,0,0.063
38.05,-119.45,2021-11-01 00:00:00,0,0.060000002
38.05,-119.35,2021-11-01 00:00:00,0,0.057000004
38.05,-119.25,2021-11-01 00:00:00,0,0.053000003
38.05,-119.149994,2021-11-01 00:00:00,0,0.051000003
38.05,-119.049995,2021-11-01 00:00:00,0,0.035
38.05,-118.95,2021-11-01 00:00:00,0,0.033
38.05,-118.85,2021-11-01 00:00:00,0,0.028
38.05,-118.75,2021-11-01 00:00:00,0,0.024
38.05,-118.649994,2021-11-01 00:00:00,0,0.020000001
38.05,-118.549995,2021-11-01 00:00:00,0,0.0
38.05,-118.45,2021-11-01 00:00:00,0,0.0
38.05,-118.35,2021-11-01 00:00:00,0,0.0
38.05,-118.25,2021-11-01 00:00:00,0,0.0
38.05,-118.149994,2021-11-01 00:00:00,0,0.0
38.05,-118.049995,2021-11-01 00:00:00,0,0.0
38.05,-117.95,2021-11-01 00:00:00,0,0.0
38.05,-117.85,2021-11-01 00:00:00,0,0.0
38.05,-117.75,2021-11-01 00:00:00,0,0.0
38.05,-117.649994,2021-11-01 00:00:00,0,0.0
38.05,-117.549995,2021-11-01 00:00:00,0,0.0
38.05,-117.45,2021-11-01 00:00:00,0,0.0
38.05,-117.35,2021-11-01 00:00:00,0,0.0
38.05,-117.25,2021-11-01 00:00:00,0,0.0
38.05,-117.149994,2021-11-01 00:00:00,0,0.0
38.05,-117.049995,2021-11-01 00:00:00,0,0.0
38.05,-116.95,2021-11-01 00:00:00,0,0.0
38.05,-116.85,2021-11-01 00:00:00,0,0.0
38.05,-116.75,2021-11-01 00:00:00,0,0.0
38.05,-116.649994,2021-11-01 00:00:00,0,0.0
38.05,-116.549995,2021-11-01 00:00:00,0,0.0
38.05,-116.45,2021-11-01 00:00:00,0,0.0
38.05,-116.35,2021-11-01 00:00:00,0,0.0
38.05,-116.25,2021-11-01 00:00:00,0,0.0
38.05,-116.149994,2021-11-01 00:00:00,0,0.0
38.05,-116.049995,2021-11-01 00:00:00,0,0.0
38.05,-115.95,2021-11-01 00:00:00,0,0.0
38.05,-115.85,2021-11-01 00:00:00,0,0.0
38.05,-115.75,2021-11-01 00:00:00,0,0.0
38.05,-115.649994,2021-11-01 00:00:00,0,0.0
38.05,-115.549995,2021-11-01 00:00:00,0,0.0
38.05,-115.45,2021-11-01 00:00:00,0,0.0
38.05,-115.35,2021-11-01 00:00:00,0,0.0
38.05,-115.25,2021-11-01 00:00:00,0,0.0
38.05,-115.149994,2021-11-01 00:00:00,0,0.0
38.05,-115.049995,2021-11-01 00:00:00,0,0.0
38.05,-114.95,2021-11-01 00:00:00,0,0.0
38.05,-114.85,2021-11-01 00:00:00,0,0.0
38.05,-114.75,2021-11-01 00:00:00,0,0.0
38.05,-114.649994,2021-11-01 00:00:00,0,0.0
38.05,-114.549995,2021-11-01 00:00:00,0,0.0
38.05,-114.45,2021-11-01 00:00:00,0,0.0
38.05,-114.35,2021-11-01 00:00:00,0,0.0
38.05,-114.25,2021-11-01 00:00:00,0,0.0
38.149998,-124.35,2021-11-01 00:00:00,0,0.0
38.149998,-124.25,2021-11-01 00:00:00,0,0.0
38.149998,-124.149994,2021-11-01 00:00:00,0,0.0
38.149998,-124.049995,2021-11-01 00:00:00,0,0.0
38.149998,-123.95,2021-11-01 00:00:00,0,0.0
38.149998,-123.85,2021-11-01 00:00:00,0,0.0
38.149998,-123.75,2021-11-01 00:00:00,0,0.0
38.149998,-123.649994,2021-11-01 00:00:00,0,0.0
38.149998,-123.549995,2021-11-01 00:00:00,0,0.0
38.149998,-123.45,2021-11-01 00:00:00,0,0.0
38.149998,-123.35,2021-11-01 00:00:00,0,0.0
38.149998,-123.25,2021-11-01 00:00:00,0,0.0
38.149998,-123.149994,2021-11-01 00:00:00,0,0.0
38.149998,-123.049995,2021-11-01 00:00:00,0,0.0
38.149998,-122.95,2021-11-01 00:00:00,0,0.128
38.149998,-122.85,2021-11-01 00:00:00,0,0.120000005
38.149998,-122.75,2021-11-01 00:00:00,0,0.115
38.149998,-122.649994,2021-11-01 00:00:00,0,0.11000001
38.149998,-122.549995,2021-11-01 00:00:00,0,0.104
38.149998,-122.45,2021-11-01 00:00:00,0,0.097
38.149998,-122.35,2021-11-01 00:00:00,0,0.09200001
38.149998,-122.25,2021-11-01 00:00:00,0,0.085
38.149998,-122.149994,2021-11-01 00:00:00,0,0.081
38.149998,-122.049995,2021-11-01 00:00:00,0,0.07700001
38.149998,-121.95,2021-11-01 00:00:00,0,0.072000004
38.149998,-121.85,2021-11-01 00:00:00,0,0.066
38.149998,-121.75,2021-11-01 00:00:00,0,0.063
38.149998,-121.649994,2021-11-01 00:00:00,0,0.063
38.149998,-121.549995,2021-11-01 00:00:00,0,0.058000002
38.149998,-121.45,2021-11-01 00:00:00,0,0.058000002
38.149998,-121.35,2021-11-01 00:00:00,0,0.060000002
38.149998,-121.25,2021-11-01 00:00:00,0,0.063
38.149998,-121.149994,2021-11-01 00:00:00,0,0.065000005
38.149998,-121.049995,2021-11-01 00:00:00,0,0.071
38.149998,-120.95,2021-11-01 00:00:00,0,0.071
38.149998,-120.85,2021-11-01 00:00:00,0,0.07
38.149998,-120.75,2021-11-01 00:00:00,0,0.07300001
38.149998,-120.649994,2021-11-01 00:00:00,0,0.074
38.149998,-120.549995,2021-11-01 00:00:00,0,0.079
38.149998,-120.45,2021-11-01 00:00:00,0,0.086
38.149998,-120.35,2021-11-01 00:00:00,0,0.083000004
38.149998,-120.25,2021-11-01 00:00:00,0,0.09
38.149998,-120.149994,2021-11-01 00:00:00,0,0.09
38.149998,-120.049995,2021-11-01 00:00:00,0,0.078
38.149998,-119.95,2021-11-01 00:00:00,0,0.062000003
38.149998,-119.85,2021-11-01 00:00:00,0,0.064
38.149998,-119.75,2021-11-01 00:00:00,0,0.061000004
38.149998,-119.649994,2021-11-01 00:00:00,0,0.063
38.149998,-119.549995,2021-11-01 00:00:00,0,0.065000005
38.149998,-119.45,2021-11-01 00:00:00,0,0.062000003
38.149998,-119.35,2021-11-01 00:00:00,0,0.056
38.149998,-119.25,2021-11-01 00:00:00,0,0.042000003
38.149998,-119.149994,2021-11-01 00:00:00,0,0.036000002
38.149998,-119.049995,2021-11-01 00:00:00,0,0.031000001
38.149998,-118.95,2021-11-01 00:00:00,0,0.029000001
38.149998,-118.85,2021-11-01 00:00:00,0,0.026
38.149998,-118.75,2021-11-01 00:00:00,0,0.0
38.149998,-118.649994,2021-11-01 00:00:00,0,0.0
38.149998,-118.549995,2021-11-01 00:00:00,0,0.0
38.149998,-118.45,2021-11-01 00:00:00,0,0.0
38.149998,-118.35,2021-11-01 00:00:00,0,0.0
38.149998,-118.25,2021-11-01 00:00:00,0,0.0
38.149998,-118.149994,2021-11-01 00:00:00,0,0.0
38.149998,-118.049995,2021-11-01 00:00:00,0,0.0
38.149998,-117.95,2021-11-01 00:00:00,0,0.0
38.149998,-117.85,2021-11-01 00:00:00,0,0.0
38.149998,-117.75,2021-11-01 00:00:00,0,0.0
38.149998,-117.649994,2021-11-01 00:00:00,0,0.0
38.149998,-117.549995,2021-11-01 00:00:00,0,0.0
38.149998,-117.45,2021-11-01 00:00:00,0,0.0
38.149998,-117.35,2021-11-01 00:00:00,0,0.0
38.149998,-117.25,2021-11-01 00:00:00,0,0.0
38.149998,-117.149994,2021-11-01 00:00:00,0,0.0
38.149998,-117.049995,2021-11-01 00:00:00,0,0.0
38.149998,-116.95,2021-11-01 00:00:00,0,0.0
38.149998,-116.85,2021-11-01 00:00:00,0,0.0
38.149998,-116.75,2021-11-01 00:00:00,0,0.0
38.149998,-116.649994,2021-11-01 00:00:00,0,0.0
38.149998,-116.549995,2021-11-01 00:00:00,0,0.0
38.149998,-116.45,2021-11-01 00:00:00,0,0.0
38.149998,-116.35,2021-11-01 00:00:00,0,0.0
38.149998,-116.25,2021-11-01 00:00:00,0,0.0
38.149998,-116.149994,2021-11-01 00:00:00,0,0.0
38.149998,-116.049995,2021-11-01 00:00:00,0,0.0
38.149998,-115.95,2021-11-01 00:00:00,0,0.0
38.149998,-115.85,2021-11-01 00:00:00,0,0.0
38.149998,-115.75,2021-11-01 00:00:00,0,0.0
38.149998,-115.649994,2021-11-01 00:00:00,0,0.0
38.149998,-115.549995,2021-11-01 00:00:00,0,0.0
38.149998,-115.45,2021-11-01 00:00:00,0,0.0
38.149998,-115.35,2021-11-01 00:00:00,0,0.0
38.149998,-115.25,2021-11-01 00:00:00,0,0.0
38.149998,-115.149994,2021-11-01 00:00:00,0,0.0
38.149998,-115.049995,2021-11-01 00:00:00,0,0.0
38.149998,-114.95,2021-11-01 00:00:00,0,0.0
38.149998,-114.85,2021-11-01 00:00:00,0,0.0
38.149998,-114.75,2021-11-01 00:00:00,0,0.0
38.149998,-114.649994,2021-11-01 00:00:00,0,0.0
38.149998,-114.549995,2021-11-01 00:00:00,0,0.0
38.149998,-114.45,2021-11-01 00:00:00,0,0.0
38.149998,-114.35,2021-11-01 00:00:00,0,0.0
38.149998,-114.25,2021-11-01 00:00:00,0,0.0
38.25,-124.35,2021-11-01 00:00:00,0,0.0
38.25,-124.25,2021-11-01 00:00:00,0,0.0
38.25,-124.149994,2021-11-01 00:00:00,0,0.0
38.25,-124.049995,2021-11-01 00:00:00,0,0.0
38.25,-123.95,2021-11-01 00:00:00,0,0.0
38.25,-123.85,2021-11-01 00:00:00,0,0.0
38.25,-123.75,2021-11-01 00:00:00,0,0.0
38.25,-123.649994,2021-11-01 00:00:00,0,0.0
38.25,-123.549995,2021-11-01 00:00:00,0,0.0
38.25,-123.45,2021-11-01 00:00:00,0,0.0
38.25,-123.35,2021-11-01 00:00:00,0,0.0
38.25,-123.25,2021-11-01 00:00:00,0,0.0
38.25,-123.149994,2021-11-01 00:00:00,0,0.0
38.25,-123.049995,2021-11-01 00:00:00,0,0.0
38.25,-122.95,2021-11-01 00:00:00,0,0.128
38.25,-122.85,2021-11-01 00:00:00,0,0.12200001
38.25,-122.75,2021-11-01 00:00:00,0,0.116000004
38.25,-122.649994,2021-11-01 00:00:00,0,0.116000004
38.25,-122.549995,2021-11-01 00:00:00,0,0.101
38.25,-122.45,2021-11-01 00:00:00,0,0.093
38.25,-122.35,2021-11-01 00:00:00,0,0.09
38.25,-122.25,2021-11-01 00:00:00,0,0.08400001
38.25,-122.149994,2021-11-01 00:00:00,0,0.078
38.25,-122.049995,2021-11-01 00:00:00,0,0.074
38.25,-121.95,2021-11-01 00:00:00,0,0.071
38.25,-121.85,2021-11-01 00:00:00,0,0.067
38.25,-121.75,2021-11-01 00:00:00,0,0.063
38.25,-121.649994,2021-11-01 00:00:00,0,0.061000004
38.25,-121.549995,2021-11-01 00:00:00,0,0.056
38.25,-121.45,2021-11-01 00:00:00,0,0.056
38.25,-121.35,2021-11-01 00:00:00,0,0.058000002
38.25,-121.25,2021-11-01 00:00:00,0,0.066
38.25,-121.149994,2021-11-01 00:00:00,0,0.068
38.25,-121.049995,2021-11-01 00:00:00,0,0.071
38.25,-120.95,2021-11-01 00:00:00,0,0.072000004
38.25,-120.85,2021-11-01 00:00:00,0,0.072000004
38.25,-120.75,2021-11-01 00:00:00,0,0.07300001
38.25,-120.649994,2021-11-01 00:00:00,0,0.07700001
38.25,-120.549995,2021-11-01 00:00:00,0,0.081
38.25,-120.45,2021-11-01 00:00:00,0,0.083000004
38.25,-120.35,2021-11-01 00:00:00,0,0.08400001
38.25,-120.25,2021-11-01 00:00:00,0,0.087000005
38.25,-120.149994,2021-11-01 00:00:00,0,0.083000004
38.25,-120.049995,2021-11-01 00:00:00,0,0.07300001
38.25,-119.95,2021-11-01 00:00:00,0,0.068
38.25,-119.85,2021-11-01 00:00:00,0,0.061000004
38.25,-119.75,2021-11-01 00:00:00,0,0.057000004
38.25,-119.649994,2021-11-01 00:00:00,0,0.062000003
38.25,-119.549995,2021-11-01 00:00:00,0,0.057000004
38.25,-119.45,2021-11-01 00:00:00,0,0.052
38.25,-119.35,2021-11-01 00:00:00,0,0.047000002
38.25,-119.25,2021-11-01 00:00:00,0,0.043
38.25,-119.149994,2021-11-01 00:00:00,0,0.039
38.25,-119.049995,2021-11-01 00:00:00,0,0.030000001
38.25,-118.95,2021-11-01 00:00:00,0,0.027
38.25,-118.85,2021-11-01 00:00:00,0,0.0
38.25,-118.75,2021-11-01 00:00:00,0,0.0
38.25,-118.649994,2021-11-01 00:00:00,0,0.0
38.25,-118.549995,2021-11-01 00:00:00,0,0.0
38.25,-118.45,2021-11-01 00:00:00,0,0.0
38.25,-118.35,2021-11-01 00:00:00,0,0.0
38.25,-118.25,2021-11-01 00:00:00,0,0.0
38.25,-118.149994,2021-11-01 00:00:00,0,0.0
38.25,-118.049995,2021-11-01 00:00:00,0,0.0
38.25,-117.95,2021-11-01 00:00:00,0,0.0
38.25,-117.85,2021-11-01 00:00:00,0,0.0
38.25,-117.75,2021-11-01 00:00:00,0,0.0
38.25,-117.649994,2021-11-01 00:00:00,0,0.0
38.25,-117.549995,2021-11-01 00:00:00,0,0.0
38.25,-117.45,2021-11-01 00:00:00,0,0.0
38.25,-117.35,2021-11-01 00:00:00,0,0.0
38.25,-117.25,2021-11-01 00:00:00,0,0.0
38.25,-117.149994,2021-11-01 00:00:00,0,0.0
38.25,-117.049995,2021-11-01 00:00:00,0,0.0
38.25,-116.95,2021-11-01 00:00:00,0,0.0
38.25,-116.85,2021-11-01 00:00:00,0,0.0
38.25,-116.75,2021-11-01 00:00:00,0,0.0
38.25,-116.649994,2021-11-01 00:00:00,0,0.0
38.25,-116.549995,2021-11-01 00:00:00,0,0.0
38.25,-116.45,2021-11-01 00:00:00,0,0.0
38.25,-116.35,2021-11-01 00:00:00,0,0.0
38.25,-116.25,2021-11-01 00:00:00,0,0.0
38.25,-116.149994,2021-11-01 00:00:00,0,0.0
38.25,-116.049995,2021-11-01 00:00:00,0,0.0
38.25,-115.95,2021-11-01 00:00:00,0,0.0
38.25,-115.85,2021-11-01 00:00:00,0,0.0
38.25,-115.75,2021-11-01 00:00:00,0,0.0
38.25,-115.649994,2021-11-01 00:00:00,0,0.0
38.25,-115.549995,2021-11-01 00:00:00,0,0.0
38.25,-115.45,2021-11-01 00:00:00,0,0.0
38.25,-115.35,2021-11-01 00:00:00,0,0.0
38.25,-115.25,2021-11-01 00:00:00,0,0.0
38.25,-115.149994,2021-11-01 00:00:00,0,0.0
38.25,-115.049995,2021-11-01 00:00:00,0,0.0
38.25,-114.95,2021-11-01 00:00:00,0,0.0
38.25,-114.85,2021-11-01 00:00:00,0,0.0
38.25,-114.75,2021-11-01 00:00:00,0,0.0
38.25,-114.649994,2021-11-01 00:00:00,0,0.0
38.25,-114.549995,2021-11-01 00:00:00,0,0.0
38.25,-114.45,2021-11-01 00:00:00,0,0.0
38.25,-114.35,2021-11-01 00:00:00,0,0.0
38.25,-114.25,2021-11-01 00:00:00,0,0.0
38.35,-124.35,2021-11-01 00:00:00,0,0.0
38.35,-124.25,2021-11-01 00:00:00,0,0.0
38.35,-124.149994,2021-11-01 00:00:00,0,0.0
38.35,-124.049995,2021-11-01 00:00:00,0,0.0
38.35,-123.95,2021-11-01 00:00:00,0,0.0
38.35,-123.85,2021-11-01 00:00:00,0,0.0
38.35,-123.75,2021-11-01 00:00:00,0,0.0
38.35,-123.649994,2021-11-01 00:00:00,0,0.0
38.35,-123.549995,2021-11-01 00:00:00,0,0.0
38.35,-123.45,2021-11-01 00:00:00,0,0.0
38.35,-123.35,2021-11-01 00:00:00,0,0.0
38.35,-123.25,2021-11-01 00:00:00,0,0.0
38.35,-123.149994,2021-11-01 00:00:00,0,0.0
38.35,-123.049995,2021-11-01 00:00:00,0,0.134
38.35,-122.95,2021-11-01 00:00:00,0,0.128
38.35,-122.85,2021-11-01 00:00:00,0,0.123
38.35,-122.75,2021-11-01 00:00:00,0,0.116000004
38.35,-122.649994,2021-11-01 00:00:00,0,0.112
38.35,-122.549995,2021-11-01 00:00:00,0,0.1
38.35,-122.45,2021-11-01 00:00:00,0,0.089
38.35,-122.35,2021-11-01 00:00:00,0,0.086
38.35,-122.25,2021-11-01 00:00:00,0,0.082
38.35,-122.149994,2021-11-01 00:00:00,0,0.075
38.35,-122.049995,2021-11-01 00:00:00,0,0.071
38.35,-121.95,2021-11-01 00:00:00,0,0.068
38.35,-121.85,2021-11-01 00:00:00,0,0.065000005
38.35,-121.75,2021-11-01 00:00:00,0,0.064
38.35,-121.649994,2021-11-01 00:00:00,0,0.062000003
38.35,-121.549995,2021-11-01 00:00:00,0,0.056
38.35,-121.45,2021-11-01 00:00:00,0,0.056
38.35,-121.35,2021-11-01 00:00:00,0,0.062000003
38.35,-121.25,2021-11-01 00:00:00,0,0.067
38.35,-121.149994,2021-11-01 00:00:00,0,0.069000006
38.35,-121.049995,2021-11-01 00:00:00,0,0.072000004
38.35,-120.95,2021-11-01 00:00:00,0,0.068
38.35,-120.85,2021-11-01 00:00:00,0,0.07300001
38.35,-120.75,2021-11-01 00:00:00,0,0.07700001
38.35,-120.649994,2021-11-01 00:00:00,0,0.087000005
38.35,-120.549995,2021-11-01 00:00:00,0,0.095000006
38.35,-120.45,2021-11-01 00:00:00,0,0.097
38.35,-120.35,2021-11-01 00:00:00,0,0.094000004
38.35,-120.25,2021-11-01 00:00:00,0,0.085
38.35,-120.149994,2021-11-01 00:00:00,0,0.081
38.35,-120.049995,2021-11-01 00:00:00,0,0.078
38.35,-119.95,2021-11-01 00:00:00,0,0.067
38.35,-119.85,2021-11-01 00:00:00,0,0.061000004
38.35,-119.75,2021-11-01 00:00:00,0,0.058000002
38.35,-119.649994,2021-11-01 00:00:00,0,0.052
38.35,-119.549995,2021-11-01 00:00:00,0,0.05
38.35,-119.45,2021-11-01 00:00:00,0,0.039
38.35,-119.35,2021-11-01 00:00:00,0,0.044000003
38.35,-119.25,2021-11-01 00:00:00,0,0.041
38.35,-119.149994,2021-11-01 00:00:00,0,0.038000003
38.35,-119.049995,2021-11-01 00:00:00,0,0.0
38.35,-118.95,2021-11-01 00:00:00,0,0.0
38.35,-118.85,2021-11-01 00:00:00,0,0.0
38.35,-118.75,2021-11-01 00:00:00,0,0.0
38.35,-118.649994,2021-11-01 00:00:00,0,0.0
38.35,-118.549995,2021-11-01 00:00:00,0,0.0
38.35,-118.45,2021-11-01 00:00:00,0,0.0
38.35,-118.35,2021-11-01 00:00:00,0,0.0
38.35,-118.25,2021-11-01 00:00:00,0,0.0
38.35,-118.149994,2021-11-01 00:00:00,0,0.0
38.35,-118.049995,2021-11-01 00:00:00,0,0.0
38.35,-117.95,2021-11-01 00:00:00,0,0.0
38.35,-117.85,2021-11-01 00:00:00,0,0.0
38.35,-117.75,2021-11-01 00:00:00,0,0.0
38.35,-117.649994,2021-11-01 00:00:00,0,0.0
38.35,-117.549995,2021-11-01 00:00:00,0,0.0
38.35,-117.45,2021-11-01 00:00:00,0,0.0
38.35,-117.35,2021-11-01 00:00:00,0,0.0
38.35,-117.25,2021-11-01 00:00:00,0,0.0
38.35,-117.149994,2021-11-01 00:00:00,0,0.0
38.35,-117.049995,2021-11-01 00:00:00,0,0.0
38.35,-116.95,2021-11-01 00:00:00,0,0.0
38.35,-116.85,2021-11-01 00:00:00,0,0.0
38.35,-116.75,2021-11-01 00:00:00,0,0.0
38.35,-116.649994,2021-11-01 00:00:00,0,0.0
38.35,-116.549995,2021-11-01 00:00:00,0,0.0
38.35,-116.45,2021-11-01 00:00:00,0,0.0
38.35,-116.35,2021-11-01 00:00:00,0,0.0
38.35,-116.25,2021-11-01 00:00:00,0,0.0
38.35,-116.149994,2021-11-01 00:00:00,0,0.0
38.35,-116.049995,2021-11-01 00:00:00,0,0.0
38.35,-115.95,2021-11-01 00:00:00,0,0.0
38.35,-115.85,2021-11-01 00:00:00,0,0.0
38.35,-115.75,2021-11-01 00:00:00,0,0.0
38.35,-115.649994,2021-11-01 00:00:00,0,0.0
38.35,-115.549995,2021-11-01 00:00:00,0,0.0
38.35,-115.45,2021-11-01 00:00:00,0,0.0
38.35,-115.35,2021-11-01 00:00:00,0,0.0
38.35,-115.25,2021-11-01 00:00:00,0,0.0
38.35,-115.149994,2021-11-01 00:00:00,0,0.0
38.35,-115.049995,2021-11-01 00:00:00,0,0.0
38.35,-114.95,2021-11-01 00:00:00,0,0.0
38.35,-114.85,2021-11-01 00:00:00,0,0.0
38.35,-114.75,2021-11-01 00:00:00,0,0.0
38.35,-114.649994,2021-11-01 00:00:00,0,0.0
38.35,-114.549995,2021-11-01 00:00:00,0,0.0
38.35,-114.45,2021-11-01 00:00:00,0,0.0
38.35,-114.35,2021-11-01 00:00:00,0,0.0
38.35,-114.25,2021-11-01 00:00:00,0,0.0
38.45,-124.35,2021-11-01 00:00:00,0,0.0
38.45,-124.25,2021-11-01 00:00:00,0,0.0
38.45,-124.149994,2021-11-01 00:00:00,0,0.0
38.45,-124.049995,2021-11-01 00:00:00,0,0.0
38.45,-123.95,2021-11-01 00:00:00,0,0.0
38.45,-123.85,2021-11-01 00:00:00,0,0.0
38.45,-123.75,2021-11-01 00:00:00,0,0.0
38.45,-123.649994,2021-11-01 00:00:00,0,0.0
38.45,-123.549995,2021-11-01 00:00:00,0,0.0
38.45,-123.45,2021-11-01 00:00:00,0,0.0
38.45,-123.35,2021-11-01 00:00:00,0,0.0
38.45,-123.25,2021-11-01 00:00:00,0,0.0
38.45,-123.149994,2021-11-01 00:00:00,0,0.0
38.45,-123.049995,2021-11-01 00:00:00,0,0.14
38.45,-122.95,2021-11-01 00:00:00,0,0.133
38.45,-122.85,2021-11-01 00:00:00,0,0.12100001
38.45,-122.75,2021-11-01 00:00:00,0,0.11400001
38.45,-122.649994,2021-11-01 00:00:00,0,0.10300001
38.45,-122.549995,2021-11-01 00:00:00,0,0.095000006
38.45,-122.45,2021-11-01 00:00:00,0,0.087000005
38.45,-122.35,2021-11-01 00:00:00,0,0.08800001
38.45,-122.25,2021-11-01 00:00:00,0,0.083000004
38.45,-122.149994,2021-11-01 00:00:00,0,0.075
38.45,-122.049995,2021-11-01 00:00:00,0,0.072000004
38.45,-121.95,2021-11-01 00:00:00,0,0.068
38.45,-121.85,2021-11-01 00:00:00,0,0.068
38.45,-121.75,2021-11-01 00:00:00,0,0.064
38.45,-121.649994,2021-11-01 00:00:00,0,0.063
38.45,-121.549995,2021-11-01 00:00:00,0,0.058000002
38.45,-121.45,2021-11-01 00:00:00,0,0.058000002
38.45,-121.35,2021-11-01 00:00:00,0,0.063
38.45,-121.25,2021-11-01 00:00:00,0,0.066
38.45,-121.149994,2021-11-01 00:00:00,0,0.071
38.45,-121.049995,2021-11-01 00:00:00,0,0.076000005
38.45,-120.95,2021-11-01 00:00:00,0,0.076000005
38.45,-120.85,2021-11-01 00:00:00,0,0.080000006
38.45,-120.75,2021-11-01 00:00:00,0,0.085
38.45,-120.649994,2021-11-01 00:00:00,0,0.096
38.45,-120.549995,2021-11-01 00:00:00,0,0.10700001
38.45,-120.45,2021-11-01 00:00:00,0,0.104
38.45,-120.35,2021-11-01 00:00:00,0,0.102000006
38.45,-120.25,2021-11-01 00:00:00,0,0.096
38.45,-120.149994,2021-11-01 00:00:00,0,0.08800001
38.45,-120.049995,2021-11-01 00:00:00,0,0.083000004
38.45,-119.95,2021-11-01 00:00:00,0,0.072000004
38.45,-119.85,2021-11-01 00:00:00,0,0.059000004
38.45,-119.75,2021-11-01 00:00:00,0,0.052
38.45,-119.649994,2021-11-01 00:00:00,0,0.048
38.45,-119.549995,2021-11-01 00:00:00,0,0.045
38.45,-119.45,2021-11-01 00:00:00,0,0.043
38.45,-119.35,2021-11-01 00:00:00,0,0.05
38.45,-119.25,2021-11-01 00:00:00,0,0.039
38.45,-119.149994,2021-11-01 00:00:00,0,0.0
38.45,-119.049995,2021-11-01 00:00:00,0,0.0
38.45,-118.95,2021-11-01 00:00:00,0,0.0
38.45,-118.85,2021-11-01 00:00:00,0,0.0
38.45,-118.75,2021-11-01 00:00:00,0,0.0
38.45,-118.649994,2021-11-01 00:00:00,0,0.0
38.45,-118.549995,2021-11-01 00:00:00,0,0.0
38.45,-118.45,2021-11-01 00:00:00,0,0.0
38.45,-118.35,2021-11-01 00:00:00,0,0.0
38.45,-118.25,2021-11-01 00:00:00,0,0.0
38.45,-118.149994,2021-11-01 00:00:00,0,0.0
38.45,-118.049995,2021-11-01 00:00:00,0,0.0
38.45,-117.95,2021-11-01 00:00:00,0,0.0
38.45,-117.85,2021-11-01 00:00:00,0,0.0
38.45,-117.75,2021-11-01 00:00:00,0,0.0
38.45,-117.649994,2021-11-01 00:00:00,0,0.0
38.45,-117.549995,2021-11-01 00:00:00,0,0.0
38.45,-117.45,2021-11-01 00:00:00,0,0.0
38.45,-117.35,2021-11-01 00:00:00,0,0.0
38.45,-117.25,2021-11-01 00:00:00,0,0.0
38.45,-117.149994,2021-11-01 00:00:00,0,0.0
38.45,-117.049995,2021-11-01 00:00:00,0,0.0
38.45,-116.95,2021-11-01 00:00:00,0,0.0
38.45,-116.85,2021-11-01 00:00:00,0,0.0
38.45,-116.75,2021-11-01 00:00:00,0,0.0
38.45,-116.649994,2021-11-01 00:00:00,0,0.0
38.45,-116.549995,2021-11-01 00:00:00,0,0.0
38.45,-116.45,2021-11-01 00:00:00,0,0.0
38.45,-116.35,2021-11-01 00:00:00,0,0.0
38.45,-116.25,2021-11-01 00:00:00,0,0.0
38.45,-116.149994,2021-11-01 00:00:00,0,0.0
38.45,-116.049995,2021-11-01 00:00:00,0,0.0
38.45,-115.95,2021-11-01 00:00:00,0,0.0
38.45,-115.85,2021-11-01 00:00:00,0,0.0
38.45,-115.75,2021-11-01 00:00:00,0,0.0
38.45,-115.649994,2021-11-01 00:00:00,0,0.0
38.45,-115.549995,2021-11-01 00:00:00,0,0.0
38.45,-115.45,2021-11-01 00:00:00,0,0.0
38.45,-115.35,2021-11-01 00:00:00,0,0.0
38.45,-115.25,2021-11-01 00:00:00,0,0.0
38.45,-115.149994,2021-11-01 00:00:00,0,0.0
38.45,-115.049995,2021-11-01 00:00:00,0,0.0
38.45,-114.95,2021-11-01 00:00:00,0,0.0
38.45,-114.85,2021-11-01 00:00:00,0,0.0
38.45,-114.75,2021-11-01 00:00:00,0,0.0
38.45,-114.649994,2021-11-01 00:00:00,0,0.0
38.45,-114.549995,2021-11-01 00:00:00,0,0.0
38.45,-114.45,2021-11-01 00:00:00,0,0.0
38.45,-114.35,2021-11-01 00:00:00,0,0.0
38.45,-114.25,2021-11-01 00:00:00,0,0.0
38.55,-124.35,2021-11-01 00:00:00,0,0.0
38.55,-124.25,2021-11-01 00:00:00,0,0.0
38.55,-124.149994,2021-11-01 00:00:00,0,0.0
38.55,-124.049995,2021-11-01 00:00:00,0,0.0
38.55,-123.95,2021-11-01 00:00:00,0,0.0
38.55,-123.85,2021-11-01 00:00:00,0,0.0
38.55,-123.75,2021-11-01 00:00:00,0,0.0
38.55,-123.649994,2021-11-01 00:00:00,0,0.0
38.55,-123.549995,2021-11-01 00:00:00,0,0.0
38.55,-123.45,2021-11-01 00:00:00,0,0.0
38.55,-123.35,2021-11-01 00:00:00,0,0.0
38.55,-123.25,2021-11-01 00:00:00,0,0.156
38.55,-123.149994,2021-11-01 00:00:00,0,0.14600001
38.55,-123.049995,2021-11-01 00:00:00,0,0.132
38.55,-122.95,2021-11-01 00:00:00,0,0.12900001
38.55,-122.85,2021-11-01 00:00:00,0,0.120000005
38.55,-122.75,2021-11-01 00:00:00,0,0.115
38.55,-122.649994,2021-11-01 00:00:00,0,0.10300001
38.55,-122.549995,2021-11-01 00:00:00,0,0.095000006
38.55,-122.45,2021-11-01 00:00:00,0,0.08800001
38.55,-122.35,2021-11-01 00:00:00,0,0.091000006
38.55,-122.25,2021-11-01 00:00:00,0,0.087000005
38.55,-122.149994,2021-11-01 00:00:00,0,0.080000006
38.55,-122.049995,2021-11-01 00:00:00,0,0.076000005
38.55,-121.95,2021-11-01 00:00:00,0,0.07300001
38.55,-121.85,2021-11-01 00:00:00,0,0.071
38.55,-121.75,2021-11-01 00:00:00,0,0.071
38.55,-121.649994,2021-11-01 00:00:00,0,0.071
38.55,-121.549995,2021-11-01 00:00:00,0,0.067
38.55,-121.45,2021-11-01 00:00:00,0,0.064
38.55,-121.35,2021-11-01 00:00:00,0,0.066
38.55,-121.25,2021-11-01 00:00:00,0,0.071
38.55,-121.149994,2021-11-01 00:00:00,0,0.076000005
38.55,-121.049995,2021-11-01 00:00:00,0,0.080000006
38.55,-120.95,2021-11-01 00:00:00,0,0.081
38.55,-120.85,2021-11-01 00:00:00,0,0.093
38.55,-120.75,2021-11-01 00:00:00,0,0.09900001
38.55,-120.649994,2021-11-01 00:00:00,0,0.116000004
38.55,-120.549995,2021-11-01 00:00:00,0,0.11400001
38.55,-120.45,2021-11-01 00:00:00,0,0.113000005
38.55,-120.35,2021-11-01 00:00:00,0,0.104
38.55,-120.25,2021-11-01 00:00:00,0,0.109000005
38.55,-120.149994,2021-11-01 00:00:00,0,0.10700001
38.55,-120.049995,2021-11-01 00:00:00,0,0.086
38.55,-119.95,2021-11-01 00:00:00,0,0.072000004
38.55,-119.85,2021-11-01 00:00:00,0,0.060000002
38.55,-119.75,2021-11-01 00:00:00,0,0.056
38.55,-119.649994,2021-11-01 00:00:00,0,0.044000003
38.55,-119.549995,2021-11-01 00:00:00,0,0.036000002
38.55,-119.45,2021-11-01 00:00:00,0,0.034
38.55,-119.35,2021-11-01 00:00:00,0,0.0
38.55,-119.25,2021-11-01 00:00:00,0,0.0
38.55,-119.149994,2021-11-01 00:00:00,0,0.0
38.55,-119.049995,2021-11-01 00:00:00,0,0.0
38.55,-118.95,2021-11-01 00:00:00,0,0.0
38.55,-118.85,2021-11-01 00:00:00,0,0.0
38.55,-118.75,2021-11-01 00:00:00,0,0.0
38.55,-118.649994,2021-11-01 00:00:00,0,0.0
38.55,-118.549995,2021-11-01 00:00:00,0,0.0
38.55,-118.45,2021-11-01 00:00:00,0,0.0
38.55,-118.35,2021-11-01 00:00:00,0,0.0
38.55,-118.25,2021-11-01 00:00:00,0,0.0
38.55,-118.149994,2021-11-01 00:00:00,0,0.0
38.55,-118.049995,2021-11-01 00:00:00,0,0.0
38.55,-117.95,2021-11-01 00:00:00,0,0.0
38.55,-117.85,2021-11-01 00:00:00,0,0.0
38.55,-117.75,2021-11-01 00:00:00,0,0.0
38.55,-117.649994,2021-11-01 00:00:00,0,0.0
38.55,-117.549995,2021-11-01 00:00:00,0,0.0
38.55,-117.45,2021-11-01 00:00:00,0,0.0
38.55,-117.35,2021-11-01 00:00:00,0,0.0
38.55,-117.25,2021-11-01 00:00:00,0,0.0
38.55,-117.149994,2021-11-01 00:00:00,0,0.0
38.55,-117.049995,2021-11-01 00:00:00,0,0.0
38.55,-116.95,2021-11-01 00:00:00,0,0.0
38.55,-116.85,2021-11-01 00:00:00,0,0.0
38.55,-116.75,2021-11-01 00:00:00,0,0.0
38.55,-116.649994,2021-11-01 00:00:00,0,0.0
38.55,-116.549995,2021-11-01 00:00:00,0,0.0
38.55,-116.45,2021-11-01 00:00:00,0,0.0
38.55,-116.35,2021-11-01 00:00:00,0,0.0
38.55,-116.25,2021-11-01 00:00:00,0,0.0
38.55,-116.149994,2021-11-01 00:00:00,0,0.0
38.55,-116.049995,2021-11-01 00:00:00,0,0.0
38.55,-115.95,2021-11-01 00:00:00,0,0.0
38.55,-115.85,2021-11-01 00:00:00,0,0.0
38.55,-115.75,2021-11-01 00:00:00,0,0.0
38.55,-115.649994,2021-11-01 00:00:00,0,0.0
38.55,-115.549995,2021-11-01 00:00:00,0,0.0
38.55,-115.45,2021-11-01 00:00:00,0,0.0
38.55,-115.35,2021-11-01 00:00:00,0,0.0
38.55,-115.25,2021-11-01 00:00:00,0,0.0
38.55,-115.149994,2021-11-01 00:00:00,0,0.0
38.55,-115.049995,2021-11-01 00:00:00,0,0.0
38.55,-114.95,2021-11-01 00:00:00,0,0.0
38.55,-114.85,2021-11-01 00:00:00,0,0.0
38.55,-114.75,2021-11-01 00:00:00,0,0.0
38.55,-114.649994,2021-11-01 00:00:00,0,0.0
38.55,-114.549995,2021-11-01 00:00:00,0,0.0
38.55,-114.45,2021-11-01 00:00:00,0,0.0
38.55,-114.35,2021-11-01 00:00:00,0,0.0
38.55,-114.25,2021-11-01 00:00:00,0,0.0
38.649998,-124.35,2021-11-01 00:00:00,0,0.0
38.649998,-124.25,2021-11-01 00:00:00,0,0.0
38.649998,-124.149994,2021-11-01 00:00:00,0,0.0
38.649998,-124.049995,2021-11-01 00:00:00,0,0.0
38.649998,-123.95,2021-11-01 00:00:00,0,0.0
38.649998,-123.85,2021-11-01 00:00:00,0,0.0
38.649998,-123.75,2021-11-01 00:00:00,0,0.0
38.649998,-123.649994,2021-11-01 00:00:00,0,0.0
38.649998,-123.549995,2021-11-01 00:00:00,0,0.0
38.649998,-123.45,2021-11-01 00:00:00,0,0.0
38.649998,-123.35,2021-11-01 00:00:00,0,0.172
38.649998,-123.25,2021-11-01 00:00:00,0,0.15400001
38.649998,-123.149994,2021-11-01 00:00:00,0,0.142
38.649998,-123.049995,2021-11-01 00:00:00,0,0.12900001
38.649998,-122.95,2021-11-01 00:00:00,0,0.127
38.649998,-122.85,2021-11-01 00:00:00,0,0.116000004
38.649998,-122.75,2021-11-01 00:00:00,0,0.109000005
38.649998,-122.649994,2021-11-01 00:00:00,0,0.096
38.649998,-122.549995,2021-11-01 00:00:00,0,0.09
38.649998,-122.45,2021-11-01 00:00:00,0,0.086
38.649998,-122.35,2021-11-01 00:00:00,0,0.089
38.649998,-122.25,2021-11-01 00:00:00,0,0.09200001
38.649998,-122.149994,2021-11-01 00:00:00,0,0.08400001
38.649998,-122.049995,2021-11-01 00:00:00,0,0.078
38.649998,-121.95,2021-11-01 00:00:00,0,0.078
38.649998,-121.85,2021-11-01 00:00:00,0,0.07700001
38.649998,-121.75,2021-11-01 00:00:00,0,0.081
38.649998,-121.649994,2021-11-01 00:00:00,0,0.07700001
38.649998,-121.549995,2021-11-01 00:00:00,0,0.072000004
38.649998,-121.45,2021-11-01 00:00:00,0,0.072000004
38.649998,-121.35,2021-11-01 00:00:00,0,0.074
38.649998,-121.25,2021-11-01 00:00:00,0,0.080000006
38.649998,-121.149994,2021-11-01 00:00:00,0,0.083000004
38.649998,-121.049995,2021-11-01 00:00:00,0,0.089
38.649998,-120.95,2021-11-01 00:00:00,0,0.098000005
38.649998,-120.85,2021-11-01 00:00:00,0,0.097
38.649998,-120.75,2021-11-01 00:00:00,0,0.105000004
38.649998,-120.649994,2021-11-01 00:00:00,0,0.11400001
38.649998,-120.549995,2021-11-01 00:00:00,0,0.11800001
38.649998,-120.45,2021-11-01 00:00:00,0,0.11400001
38.649998,-120.35,2021-11-01 00:00:00,0,0.11100001
38.649998,-120.25,2021-11-01 00:00:00,0,0.1
38.649998,-120.149994,2021-11-01 00:00:00,0,0.104
38.649998,-120.049995,2021-11-01 00:00:00,0,0.086
38.649998,-119.95,2021-11-01 00:00:00,0,0.082
38.649998,-119.85,2021-11-01 00:00:00,0,0.056
38.649998,-119.75,2021-11-01 00:00:00,0,0.052
38.649998,-119.649994,2021-11-01 00:00:00,0,0.043
38.649998,-119.549995,2021-11-01 00:00:00,0,0.034
38.649998,-119.45,2021-11-01 00:00:00,0,0.0
38.649998,-119.35,2021-11-01 00:00:00,0,0.0
38.649998,-119.25,2021-11-01 00:00:00,0,0.0
38.649998,-119.149994,2021-11-01 00:00:00,0,0.0
38.649998,-119.049995,2021-11-01 00:00:00,0,0.0
38.649998,-118.95,2021-11-01 00:00:00,0,0.0
38.649998,-118.85,2021-11-01 00:00:00,0,0.0
38.649998,-118.75,2021-11-01 00:00:00,0,0.0
38.649998,-118.649994,2021-11-01 00:00:00,0,0.0
38.649998,-118.549995,2021-11-01 00:00:00,0,0.0
38.649998,-118.45,2021-11-01 00:00:00,0,0.0
38.649998,-118.35,2021-11-01 00:00:00,0,0.0
38.649998,-118.25,2021-11-01 00:00:00,0,0.0
38.649998,-118.149994,2021-11-01 00:00:00,0,0.0
38.649998,-118.049995,2021-11-01 00:00:00,0,0.0
38.649998,-117.95,2021-11-01 00:00:00,0,0.0
38.649998,-117.85,2021-11-01 00:00:00,0,0.0
38.649998,-117.75,2021-11-01 00:00:00,0,0.0
38.649998,-117.649994,2021-11-01 00:00:00,0,0.0
38.649998,-117.549995,2021-11-01 00:00:00,0,0.0
38.649998,-117.45,2021-11-01 00:00:00,0,0.0
38.649998,-117.35,2021-11-01 00:00:00,0,0.0
38.649998,-117.25,2021-11-01 00:00:00,0,0.0
38.649998,-117.149994,2021-11-01 00:00:00,0,0.0
38.649998,-117.049995,2021-11-01 00:00:00,0,0.0
38.649998,-116.95,2021-11-01 00:00:00,0,0.0
38.649998,-116.85,2021-11-01 00:00:00,0,0.0
38.649998,-116.75,2021-11-01 00:00:00,0,0.0
38.649998,-116.649994,2021-11-01 00:00:00,0,0.0
38.649998,-116.549995,2021-11-01 00:00:00,0,0.0
38.649998,-116.45,2021-11-01 00:00:00,0,0.0
38.649998,-116.35,2021-11-01 00:00:00,0,0.0
38.649998,-116.25,2021-11-01 00:00:00,0,0.0
38.649998,-116.149994,2021-11-01 00:00:00,0,0.0
38.649998,-116.049995,2021-11-01 00:00:00,0,0.0
38.649998,-115.95,2021-11-01 00:00:00,0,0.0
38.649998,-115.85,2021-11-01 00:00:00,0,0.0
38.649998,-115.75,2021-11-01 00:00:00,0,0.0
38.649998,-115.649994,2021-11-01 00:00:00,0,0.0
38.649998,-115.549995,2021-11-01 00:00:00,0,0.0
38.649998,-115.45,2021-11-01 00:00:00,0,0.0
38.649998,-115.35,2021-11-01 00:00:00,0,0.0
38.649998,-115.25,2021-11-01 00:00:00,0,0.0
38.649998,-115.149994,2021-11-01 00:00:00,0,0.0
38.649998,-115.049995,2021-11-01 00:00:00,0,0.0
38.649998,-114.95,2021-11-01 00:00:00,0,0.0
38.649998,-114.85,2021-11-01 00:00:00,0,0.0
38.649998,-114.75,2021-11-01 00:00:00,0,0.0
38.649998,-114.649994,2021-11-01 00:00:00,0,0.0
38.649998,-114.549995,2021-11-01 00:00:00,0,0.0
38.649998,-114.45,2021-11-01 00:00:00,0,0.0
38.649998,-114.35,2021-11-01 00:00:00,0,0.0
38.649998,-114.25,2021-11-01 00:00:00,0,0.0
38.75,-124.35,2021-11-01 00:00:00,0,0.0
38.75,-124.25,2021-11-01 00:00:00,0,0.0
38.75,-124.149994,2021-11-01 00:00:00,0,0.0
38.75,-124.049995,2021-11-01 00:00:00,0,0.0
38.75,-123.95,2021-11-01 00:00:00,0,0.0
38.75,-123.85,2021-11-01 00:00:00,0,0.0
38.75,-123.75,2021-11-01 00:00:00,0,0.0
38.75,-123.649994,2021-11-01 00:00:00,0,0.0
38.75,-123.549995,2021-11-01 00:00:00,0,0.0
38.75,-123.45,2021-11-01 00:00:00,0,0.163
38.75,-123.35,2021-11-01 00:00:00,0,0.158
38.75,-123.25,2021-11-01 00:00:00,0,0.14600001
38.75,-123.149994,2021-11-01 00:00:00,0,0.134
38.75,-123.049995,2021-11-01 00:00:00,0,0.125
38.75,-122.95,2021-11-01 00:00:00,0,0.125
38.75,-122.85,2021-11-01 00:00:00,0,0.112
38.75,-122.75,2021-11-01 00:00:00,0,0.109000005
38.75,-122.649994,2021-11-01 00:00:00,0,0.094000004
38.75,-122.549995,2021-11-01 00:00:00,0,0.08800001
38.75,-122.45,2021-11-01 00:00:00,0,0.08400001
38.75,-122.35,2021-11-01 00:00:00,0,0.08800001
38.75,-122.25,2021-11-01 00:00:00,0,0.08800001
38.75,-122.149994,2021-11-01 00:00:00,0,0.08400001
38.75,-122.049995,2021-11-01 00:00:00,0,0.081
38.75,-121.95,2021-11-01 00:00:00,0,0.081
38.75,-121.85,2021-11-01 00:00:00,0,0.082
38.75,-121.75,2021-11-01 00:00:00,0,0.086
38.75,-121.649994,2021-11-01 00:00:00,0,0.08400001
38.75,-121.549995,2021-11-01 00:00:00,0,0.075
38.75,-121.45,2021-11-01 00:00:00,0,0.080000006
38.75,-121.35,2021-11-01 00:00:00,0,0.079
38.75,-121.25,2021-11-01 00:00:00,0,0.089
38.75,-121.149994,2021-11-01 00:00:00,0,0.096
38.75,-121.049995,2021-11-01 00:00:00,0,0.093
38.75,-120.95,2021-11-01 00:00:00,0,0.096
38.75,-120.85,2021-11-01 00:00:00,0,0.104
38.75,-120.75,2021-11-01 00:00:00,0,0.105000004
38.75,-120.649994,2021-11-01 00:00:00,0,0.115
38.75,-120.549995,2021-11-01 00:00:00,0,0.112
38.75,-120.45,2021-11-01 00:00:00,0,0.11100001
38.75,-120.35,2021-11-01 00:00:00,0,0.10700001
38.75,-120.25,2021-11-01 00:00:00,0,0.097
38.75,-120.149994,2021-11-01 00:00:00,0,0.08800001
38.75,-120.049995,2021-11-01 00:00:00,0,0.076000005
38.75,-119.95,2021-11-01 00:00:00,0,0.061000004
38.75,-119.85,2021-11-01 00:00:00,0,0.052
38.75,-119.75,2021-11-01 00:00:00,0,0.047000002
38.75,-119.649994,2021-11-01 00:00:00,0,0.042000003
38.75,-119.549995,2021-11-01 00:00:00,0,0.0
38.75,-119.45,2021-11-01 00:00:00,0,0.0
38.75,-119.35,2021-11-01 00:00:00,0,0.0
38.75,-119.25,2021-11-01 00:00:00,0,0.0
38.75,-119.149994,2021-11-01 00:00:00,0,0.0
38.75,-119.049995,2021-11-01 00:00:00,0,0.0
38.75,-118.95,2021-11-01 00:00:00,0,0.0
38.75,-118.85,2021-11-01 00:00:00,0,0.0
38.75,-118.75,2021-11-01 00:00:00,0,0.0
38.75,-118.649994,2021-11-01 00:00:00,0,0.0
38.75,-118.549995,2021-11-01 00:00:00,0,0.0
38.75,-118.45,2021-11-01 00:00:00,0,0.0
38.75,-118.35,2021-11-01 00:00:00,0,0.0
38.75,-118.25,2021-11-01 00:00:00,0,0.0
38.75,-118.149994,2021-11-01 00:00:00,0,0.0
38.75,-118.049995,2021-11-01 00:00:00,0,0.0
38.75,-117.95,2021-11-01 00:00:00,0,0.0
38.75,-117.85,2021-11-01 00:00:00,0,0.0
38.75,-117.75,2021-11-01 00:00:00,0,0.0
38.75,-117.649994,2021-11-01 00:00:00,0,0.0
38.75,-117.549995,2021-11-01 00:00:00,0,0.0
38.75,-117.45,2021-11-01 00:00:00,0,0.0
38.75,-117.35,2021-11-01 00:00:00,0,0.0
38.75,-117.25,2021-11-01 00:00:00,0,0.0
38.75,-117.149994,2021-11-01 00:00:00,0,0.0
38.75,-117.049995,2021-11-01 00:00:00,0,0.0
38.75,-116.95,2021-11-01 00:00:00,0,0.0
38.75,-116.85,2021-11-01 00:00:00,0,0.0
38.75,-116.75,2021-11-01 00:00:00,0,0.0
38.75,-116.649994,2021-11-01 00:00:00,0,0.0
38.75,-116.549995,2021-11-01 00:00:00,0,0.0
38.75,-116.45,2021-11-01 00:00:00,0,0.0
38.75,-116.35,2021-11-01 00:00:00,0,0.0
38.75,-116.25,2021-11-01 00:00:00,0,0.0
38.75,-116.149994,2021-11-01 00:00:00,0,0.0
38.75,-116.049995,2021-11-01 00:00:00,0,0.0
38.75,-115.95,2021-11-01 00:00:00,0,0.0
38.75,-115.85,2021-11-01 00:00:00,0,0.0
38.75,-115.75,2021-11-01 00:00:00,0,0.0
38.75,-115.649994,2021-11-01 00:00:00,0,0.0
38.75,-115.549995,2021-11-01 00:00:00,0,0.0
38.75,-115.45,2021-11-01 00:00:00,0,0.0
38.75,-115.35,2021-11-01 00:00:00,0,0.0
38.75,-115.25,2021-11-01 00:00:00,0,0.0
38.75,-115.149994,2021-11-01 00:00:00,0,0.0
38.75,-115.049995,2021-11-01 00:00:00,0,0.0
38.75,-114.95,2021-11-01 00:00:00,0,0.0
38.75,-114.85,2021-11-01 00:00:00,0,0.0
38.75,-114.75,2021-11-01 00:00:00,0,0.0
38.75,-114.649994,2021-11-01 00:00:00,0,0.0
38.75,-114.549995,2021-11-01 00:00:00,0,0.0
38.75,-114.45,2021-11-01 00:00:00,0,0.0
38.75,-114.35,2021-11-01 00:00:00,0,0.0
38.75,-114.25,2021-11-01 00:00:00,0,0.0
38.85,-124.35,2021-11-01 00:00:00,0,0.0
38.85,-124.25,2021-11-01 00:00:00,0,0.0
38.85,-124.149994,2021-11-01 00:00:00,0,0.0
38.85,-124.049995,2021-11-01 00:00:00,0,0.0
38.85,-123.95,2021-11-01 00:00:00,0,0.0
38.85,-123.85,2021-11-01 00:00:00,0,0.0
38.85,-123.75,2021-11-01 00:00:00,0,0.0
38.85,-123.649994,2021-11-01 00:00:00,0,0.0
38.85,-123.549995,2021-11-01 00:00:00,0,0.17400001
38.85,-123.45,2021-11-01 00:00:00,0,0.163
38.85,-123.35,2021-11-01 00:00:00,0,0.15300001
38.85,-123.25,2021-11-01 00:00:00,0,0.14
38.85,-123.149994,2021-11-01 00:00:00,0,0.13000001
38.85,-123.049995,2021-11-01 00:00:00,0,0.123
38.85,-122.95,2021-11-01 00:00:00,0,0.12200001
38.85,-122.85,2021-11-01 00:00:00,0,0.112
38.85,-122.75,2021-11-01 00:00:00,0,0.102000006
38.85,-122.649994,2021-11-01 00:00:00,0,0.091000006
38.85,-122.549995,2021-11-01 00:00:00,0,0.08400001
38.85,-122.45,2021-11-01 00:00:00,0,0.082
38.85,-122.35,2021-11-01 00:00:00,0,0.082
38.85,-122.25,2021-11-01 00:00:00,0,0.082
38.85,-122.149994,2021-11-01 00:00:00,0,0.081
38.85,-122.049995,2021-11-01 00:00:00,0,0.08400001
38.85,-121.95,2021-11-01 00:00:00,0,0.085
38.85,-121.85,2021-11-01 00:00:00,0,0.093
38.85,-121.75,2021-11-01 00:00:00,0,0.09
38.85,-121.649994,2021-11-01 00:00:00,0,0.09
38.85,-121.549995,2021-11-01 00:00:00,0,0.087000005
38.85,-121.45,2021-11-01 00:00:00,0,0.087000005
38.85,-121.35,2021-11-01 00:00:00,0,0.08800001
38.85,-121.25,2021-11-01 00:00:00,0,0.09900001
38.85,-121.149994,2021-11-01 00:00:00,0,0.101
38.85,-121.049995,2021-11-01 00:00:00,0,0.102000006
38.85,-120.95,2021-11-01 00:00:00,0,0.10300001
38.85,-120.85,2021-11-01 00:00:00,0,0.11000001
38.85,-120.75,2021-11-01 00:00:00,0,0.11800001
38.85,-120.649994,2021-11-01 00:00:00,0,0.117000006
38.85,-120.549995,2021-11-01 00:00:00,0,0.115
38.85,-120.45,2021-11-01 00:00:00,0,0.11100001
38.85,-120.35,2021-11-01 00:00:00,0,0.108
38.85,-120.25,2021-11-01 00:00:00,0,0.106000006
38.85,-120.149994,2021-11-01 00:00:00,0,0.09
38.85,-120.049995,2021-11-01 00:00:00,0,0.072000004
38.85,-119.95,2021-11-01 00:00:00,0,0.057000004
38.85,-119.85,2021-11-01 00:00:00,0,0.05
38.85,-119.75,2021-11-01 00:00:00,0,0.0
38.85,-119.649994,2021-11-01 00:00:00,0,0.0
38.85,-119.549995,2021-11-01 00:00:00,0,0.0
38.85,-119.45,2021-11-01 00:00:00,0,0.0
38.85,-119.35,2021-11-01 00:00:00,0,0.0
38.85,-119.25,2021-11-01 00:00:00,0,0.0
38.85,-119.149994,2021-11-01 00:00:00,0,0.0
38.85,-119.049995,2021-11-01 00:00:00,0,0.0
38.85,-118.95,2021-11-01 00:00:00,0,0.0
38.85,-118.85,2021-11-01 00:00:00,0,0.0
38.85,-118.75,2021-11-01 00:00:00,0,0.0
38.85,-118.649994,2021-11-01 00:00:00,0,0.0
38.85,-118.549995,2021-11-01 00:00:00,0,0.0
38.85,-118.45,2021-11-01 00:00:00,0,0.0
38.85,-118.35,2021-11-01 00:00:00,0,0.0
38.85,-118.25,2021-11-01 00:00:00,0,0.0
38.85,-118.149994,2021-11-01 00:00:00,0,0.0
38.85,-118.049995,2021-11-01 00:00:00,0,0.0
38.85,-117.95,2021-11-01 00:00:00,0,0.0
38.85,-117.85,2021-11-01 00:00:00,0,0.0
38.85,-117.75,2021-11-01 00:00:00,0,0.0
38.85,-117.649994,2021-11-01 00:00:00,0,0.0
38.85,-117.549995,2021-11-01 00:00:00,0,0.0
38.85,-117.45,2021-11-01 00:00:00,0,0.0
38.85,-117.35,2021-11-01 00:00:00,0,0.0
38.85,-117.25,2021-11-01 00:00:00,0,0.0
38.85,-117.149994,2021-11-01 00:00:00,0,0.0
38.85,-117.049995,2021-11-01 00:00:00,0,0.0
38.85,-116.95,2021-11-01 00:00:00,0,0.0
38.85,-116.85,2021-11-01 00:00:00,0,0.0
38.85,-116.75,2021-11-01 00:00:00,0,0.0
38.85,-116.649994,2021-11-01 00:00:00,0,0.0
38.85,-116.549995,2021-11-01 00:00:00,0,0.0
38.85,-116.45,2021-11-01 00:00:00,0,0.0
38.85,-116.35,2021-11-01 00:00:00,0,0.0
38.85,-116.25,2021-11-01 00:00:00,0,0.0
38.85,-116.149994,2021-11-01 00:00:00,0,0.0
38.85,-116.049995,2021-11-01 00:00:00,0,0.0
38.85,-115.95,2021-11-01 00:00:00,0,0.0
38.85,-115.85,2021-11-01 00:00:00,0,0.0
38.85,-115.75,2021-11-01 00:00:00,0,0.0
38.85,-115.649994,2021-11-01 00:00:00,0,0.0
38.85,-115.549995,2021-11-01 00:00:00,0,0.0
38.85,-115.45,2021-11-01 00:00:00,0,0.0
38.85,-115.35,2021-11-01 00:00:00,0,0.0
38.85,-115.25,2021-11-01 00:00:00,0,0.0
38.85,-115.149994,2021-11-01 00:00:00,0,0.0
38.85,-115.049995,2021-11-01 00:00:00,0,0.0
38.85,-114.95,2021-11-01 00:00:00,0,0.0
38.85,-114.85,2021-11-01 00:00:00,0,0.0
38.85,-114.75,2021-11-01 00:00:00,0,0.0
38.85,-114.649994,2021-11-01 00:00:00,0,0.0
38.85,-114.549995,2021-11-01 00:00:00,0,0.0
38.85,-114.45,2021-11-01 00:00:00,0,0.0
38.85,-114.35,2021-11-01 00:00:00,0,0.0
38.85,-114.25,2021-11-01 00:00:00,0,0.0
38.95,-124.35,2021-11-01 00:00:00,0,0.0
38.95,-124.25,2021-11-01 00:00:00,0,0.0
38.95,-124.149994,2021-11-01 00:00:00,0,0.0
38.95,-124.049995,2021-11-01 00:00:00,0,0.0
38.95,-123.95,2021-11-01 00:00:00,0,0.0
38.95,-123.85,2021-11-01 00:00:00,0,0.0
38.95,-123.75,2021-11-01 00:00:00,0,0.0
38.95,-123.649994,2021-11-01 00:00:00,0,0.19000001
38.95,-123.549995,2021-11-01 00:00:00,0,0.18
38.95,-123.45,2021-11-01 00:00:00,0,0.165
38.95,-123.35,2021-11-01 00:00:00,0,0.15200001
38.95,-123.25,2021-11-01 00:00:00,0,0.141
38.95,-123.149994,2021-11-01 00:00:00,0,0.132
38.95,-123.049995,2021-11-01 00:00:00,0,0.12100001
38.95,-122.95,2021-11-01 00:00:00,0,0.12200001
38.95,-122.85,2021-11-01 00:00:00,0,0.113000005
38.95,-122.75,2021-11-01 00:00:00,0,0.104
38.95,-122.649994,2021-11-01 00:00:00,0,0.093
38.95,-122.549995,2021-11-01 00:00:00,0,0.08800001
38.95,-122.45,2021-11-01 00:00:00,0,0.085
38.95,-122.35,2021-11-01 00:00:00,0,0.086
38.95,-122.25,2021-11-01 00:00:00,0,0.082
38.95,-122.149994,2021-11-01 00:00:00,0,0.083000004
38.95,-122.049995,2021-11-01 00:00:00,0,0.09
38.95,-121.95,2021-11-01 00:00:00,0,0.093
38.95,-121.85,2021-11-01 00:00:00,0,0.098000005
38.95,-121.75,2021-11-01 00:00:00,0,0.101
38.95,-121.649994,2021-11-01 00:00:00,0,0.098000005
38.95,-121.549995,2021-11-01 00:00:00,0,0.098000005
38.95,-121.45,2021-11-01 00:00:00,0,0.097
38.95,-121.35,2021-11-01 00:00:00,0,0.102000006
38.95,-121.25,2021-11-01 00:00:00,0,0.109000005
38.95,-121.149994,2021-11-01 00:00:00,0,0.109000005
38.95,-121.049995,2021-11-01 00:00:00,0,0.112
38.95,-120.95,2021-11-01 00:00:00,0,0.11000001
38.95,-120.85,2021-11-01 00:00:00,0,0.11400001
38.95,-120.75,2021-11-01 00:00:00,0,0.116000004
38.95,-120.649994,2021-11-01 00:00:00,0,0.117000006
38.95,-120.549995,2021-11-01 00:00:00,0,0.12100001
38.95,-120.45,2021-11-01 00:00:00,0,0.113000005
38.95,-120.35,2021-11-01 00:00:00,0,0.102000006
38.95,-120.25,2021-11-01 00:00:00,0,0.09900001
38.95,-120.149994,2021-11-01 00:00:00,0,0.080000006
38.95,-120.049995,2021-11-01 00:00:00,0,0.069000006
38.95,-119.95,2021-11-01 00:00:00,0,0.054
38.95,-119.85,2021-11-01 00:00:00,0,0.0
38.95,-119.75,2021-11-01 00:00:00,0,0.0
38.95,-119.649994,2021-11-01 00:00:00,0,0.0
38.95,-119.549995,2021-11-01 00:00:00,0,0.0
38.95,-119.45,2021-11-01 00:00:00,0,0.0
38.95,-119.35,2021-11-01 00:00:00,0,0.0
38.95,-119.25,2021-11-01 00:00:00,0,0.0
38.95,-119.149994,2021-11-01 00:00:00,0,0.0
38.95,-119.049995,2021-11-01 00:00:00,0,0.0
38.95,-118.95,2021-11-01 00:00:00,0,0.0
38.95,-118.85,2021-11-01 00:00:00,0,0.0
38.95,-118.75,2021-11-01 00:00:00,0,0.0
38.95,-118.649994,2021-11-01 00:00:00,0,0.0
38.95,-118.549995,2021-11-01 00:00:00,0,0.0
38.95,-118.45,2021-11-01 00:00:00,0,0.0
38.95,-118.35,2021-11-01 00:00:00,0,0.0
38.95,-118.25,2021-11-01 00:00:00,0,0.0
38.95,-118.149994,2021-11-01 00:00:00,0,0.0
38.95,-118.049995,2021-11-01 00:00:00,0,0.0
38.95,-117.95,2021-11-01 00:00:00,0,0.0
38.95,-117.85,2021-11-01 00:00:00,0,0.0
38.95,-117.75,2021-11-01 00:00:00,0,0.0
38.95,-117.649994,2021-11-01 00:00:00,0,0.0
38.95,-117.549995,2021-11-01 00:00:00,0,0.0
38.95,-117.45,2021-11-01 00:00:00,0,0.0
38.95,-117.35,2021-11-01 00:00:00,0,0.0
38.95,-117.25,2021-11-01 00:00:00,0,0.0
38.95,-117.149994,2021-11-01 00:00:00,0,0.0
38.95,-117.049995,2021-11-01 00:00:00,0,0.0
38.95,-116.95,2021-11-01 00:00:00,0,0.0
38.95,-116.85,2021-11-01 00:00:00,0,0.0
38.95,-116.75,2021-11-01 00:00:00,0,0.0
38.95,-116.649994,2021-11-01 00:00:00,0,0.0
38.95,-116.549995,2021-11-01 00:00:00,0,0.0
38.95,-116.45,2021-11-01 00:00:00,0,0.0
38.95,-116.35,2021-11-01 00:00:00,0,0.0
38.95,-116.25,2021-11-01 00:00:00,0,0.0
38.95,-116.149994,2021-11-01 00:00:00,0,0.0
38.95,-116.049995,2021-11-01 00:00:00,0,0.0
38.95,-115.95,2021-11-01 00:00:00,0,0.0
38.95,-115.85,2021-11-01 00:00:00,0,0.0
38.95,-115.75,2021-11-01 00:00:00,0,0.0
38.95,-115.649994,2021-11-01 00:00:00,0,0.0
38.95,-115.549995,2021-11-01 00:00:00,0,0.0
38.95,-115.45,2021-11-01 00:00:00,0,0.0
38.95,-115.35,2021-11-01 00:00:00,0,0.0
38.95,-115.25,2021-11-01 00:00:00,0,0.0
38.95,-115.149994,2021-11-01 00:00:00,0,0.0
38.95,-115.049995,2021-11-01 00:00:00,0,0.0
38.95,-114.95,2021-11-01 00:00:00,0,0.0
38.95,-114.85,2021-11-01 00:00:00,0,0.0
38.95,-114.75,2021-11-01 00:00:00,0,0.0
38.95,-114.649994,2021-11-01 00:00:00,0,0.0
38.95,-114.549995,2021-11-01 00:00:00,0,0.0
38.95,-114.45,2021-11-01 00:00:00,0,0.0
38.95,-114.35,2021-11-01 00:00:00,0,0.0
38.95,-114.25,2021-11-01 00:00:00,0,0.0
39.05,-124.35,2021-11-01 00:00:00,0,0.0
39.05,-124.25,2021-11-01 00:00:00,0,0.0
39.05,-124.149994,2021-11-01 00:00:00,0,0.0
39.05,-124.049995,2021-11-01 00:00:00,0,0.0
39.05,-123.95,2021-11-01 00:00:00,0,0.0
39.05,-123.85,2021-11-01 00:00:00,0,0.0
39.05,-123.75,2021-11-01 00:00:00,0,0.0
39.05,-123.649994,2021-11-01 00:00:00,0,0.186
39.05,-123.549995,2021-11-01 00:00:00,0,0.18400002
39.05,-123.45,2021-11-01 00:00:00,0,0.16100001
39.05,-123.35,2021-11-01 00:00:00,0,0.148
39.05,-123.25,2021-11-01 00:00:00,0,0.13900001
39.05,-123.149994,2021-11-01 00:00:00,0,0.13000001
39.05,-123.049995,2021-11-01 00:00:00,0,0.11800001
39.05,-122.95,2021-11-01 00:00:00,0,0.11400001
39.05,-122.85,2021-11-01 00:00:00,0,0.105000004
39.05,-122.75,2021-11-01 00:00:00,0,0.1
39.05,-122.649994,2021-11-01 00:00:00,0,0.089
39.05,-122.549995,2021-11-01 00:00:00,0,0.083000004
39.05,-122.45,2021-11-01 00:00:00,0,0.082
39.05,-122.35,2021-11-01 00:00:00,0,0.083000004
39.05,-122.25,2021-11-01 00:00:00,0,0.086
39.05,-122.149994,2021-11-01 00:00:00,0,0.085
39.05,-122.049995,2021-11-01 00:00:00,0,0.09200001
39.05,-121.95,2021-11-01 00:00:00,0,0.093
39.05,-121.85,2021-11-01 00:00:00,0,0.09900001
39.05,-121.75,2021-11-01 00:00:00,0,0.10300001
39.05,-121.649994,2021-11-01 00:00:00,0,0.105000004
39.05,-121.549995,2021-11-01 00:00:00,0,0.105000004
39.05,-121.45,2021-11-01 00:00:00,0,0.106000006
39.05,-121.35,2021-11-01 00:00:00,0,0.115
39.05,-121.25,2021-11-01 00:00:00,0,0.11400001
39.05,-121.149994,2021-11-01 00:00:00,0,0.119
39.05,-121.049995,2021-11-01 00:00:00,0,0.142
39.05,-120.95,2021-11-01 00:00:00,0,0.108
39.05,-120.85,2021-11-01 00:00:00,0,0.115
39.05,-120.75,2021-11-01 00:00:00,0,0.117000006
39.05,-120.649994,2021-11-01 00:00:00,0,0.125
39.05,-120.549995,2021-11-01 00:00:00,0,0.124000005
39.05,-120.45,2021-11-01 00:00:00,0,0.11400001
39.05,-120.35,2021-11-01 00:00:00,0,0.095000006
39.05,-120.25,2021-11-01 00:00:00,0,0.080000006
39.05,-120.149994,2021-11-01 00:00:00,0,0.076000005
39.05,-120.049995,2021-11-01 00:00:00,0,0.072000004
39.05,-119.95,2021-11-01 00:00:00,0,0.0
39.05,-119.85,2021-11-01 00:00:00,0,0.0
39.05,-119.75,2021-11-01 00:00:00,0,0.0
39.05,-119.649994,2021-11-01 00:00:00,0,0.0
39.05,-119.549995,2021-11-01 00:00:00,0,0.0
39.05,-119.45,2021-11-01 00:00:00,0,0.0
39.05,-119.35,2021-11-01 00:00:00,0,0.0
39.05,-119.25,2021-11-01 00:00:00,0,0.0
39.05,-119.149994,2021-11-01 00:00:00,0,0.0
39.05,-119.049995,2021-11-01 00:00:00,0,0.0
39.05,-118.95,2021-11-01 00:00:00,0,0.0
39.05,-118.85,2021-11-01 00:00:00,0,0.0
39.05,-118.75,2021-11-01 00:00:00,0,0.0
39.05,-118.649994,2021-11-01 00:00:00,0,0.0
39.05,-118.549995,2021-11-01 00:00:00,0,0.0
39.05,-118.45,2021-11-01 00:00:00,0,0.0
39.05,-118.35,2021-11-01 00:00:00,0,0.0
39.05,-118.25,2021-11-01 00:00:00,0,0.0
39.05,-118.149994,2021-11-01 00:00:00,0,0.0
39.05,-118.049995,2021-11-01 00:00:00,0,0.0
39.05,-117.95,2021-11-01 00:00:00,0,0.0
39.05,-117.85,2021-11-01 00:00:00,0,0.0
39.05,-117.75,2021-11-01 00:00:00,0,0.0
39.05,-117.649994,2021-11-01 00:00:00,0,0.0
39.05,-117.549995,2021-11-01 00:00:00,0,0.0
39.05,-117.45,2021-11-01 00:00:00,0,0.0
39.05,-117.35,2021-11-01 00:00:00,0,0.0
39.05,-117.25,2021-11-01 00:00:00,0,0.0
39.05,-117.149994,2021-11-01 00:00:00,0,0.0
39.05,-117.049995,2021-11-01 00:00:00,0,0.0
39.05,-116.95,2021-11-01 00:00:00,0,0.0
39.05,-116.85,2021-11-01 00:00:00,0,0.0
39.05,-116.75,2021-11-01 00:00:00,0,0.0
39.05,-116.649994,2021-11-01 00:00:00,0,0.0
39.05,-116.549995,2021-11-01 00:00:00,0,0.0
39.05,-116.45,2021-11-01 00:00:00,0,0.0
39.05,-116.35,2021-11-01 00:00:00,0,0.0
39.05,-116.25,2021-11-01 00:00:00,0,0.0
39.05,-116.149994,2021-11-01 00:00:00,0,0.0
39.05,-116.049995,2021-11-01 00:00:00,0,0.0
39.05,-115.95,2021-11-01 00:00:00,0,0.0
39.05,-115.85,2021-11-01 00:00:00,0,0.0
39.05,-115.75,2021-11-01 00:00:00,0,0.0
39.05,-115.649994,2021-11-01 00:00:00,0,0.0
39.05,-115.549995,2021-11-01 00:00:00,0,0.0
39.05,-115.45,2021-11-01 00:00:00,0,0.0
39.05,-115.35,2021-11-01 00:00:00,0,0.0
39.05,-115.25,2021-11-01 00:00:00,0,0.0
39.05,-115.149994,2021-11-01 00:00:00,0,0.0
39.05,-115.049995,2021-11-01 00:00:00,0,0.0
39.05,-114.95,2021-11-01 00:00:00,0,0.0
39.05,-114.85,2021-11-01 00:00:00,0,0.0
39.05,-114.75,2021-11-01 00:00:00,0,0.0
39.05,-114.649994,2021-11-01 00:00:00,0,0.0
39.05,-114.549995,2021-11-01 00:00:00,0,0.0
39.05,-114.45,2021-11-01 00:00:00,0,0.0
39.05,-114.35,2021-11-01 00:00:00,0,0.0
39.05,-114.25,2021-11-01 00:00:00,0,0.0
39.149998,-124.35,2021-11-01 00:00:00,0,0.0
39.149998,-124.25,2021-11-01 00:00:00,0,0.0
39.149998,-124.149994,2021-11-01 00:00:00,0,0.0
39.149998,-124.049995,2021-11-01 00:00:00,0,0.0
39.149998,-123.95,2021-11-01 00:00:00,0,0.0
39.149998,-123.85,2021-11-01 00:00:00,0,0.0
39.149998,-123.75,2021-11-01 00:00:00,0,0.0
39.149998,-123.649994,2021-11-01 00:00:00,0,0.187
39.149998,-123.549995,2021-11-01 00:00:00,0,0.179
39.149998,-123.45,2021-11-01 00:00:00,0,0.17
39.149998,-123.35,2021-11-01 00:00:00,0,0.15400001
39.149998,-123.25,2021-11-01 00:00:00,0,0.15100001
39.149998,-123.149994,2021-11-01 00:00:00,0,0.128
39.149998,-123.049995,2021-11-01 00:00:00,0,0.12900001
39.149998,-122.95,2021-11-01 00:00:00,0,0.113000005
39.149998,-122.85,2021-11-01 00:00:00,0,0.105000004
39.149998,-122.75,2021-11-01 00:00:00,0,0.101
39.149998,-122.649994,2021-11-01 00:00:00,0,0.09200001
39.149998,-122.549995,2021-11-01 00:00:00,0,0.08400001
39.149998,-122.45,2021-11-01 00:00:00,0,0.085
39.149998,-122.35,2021-11-01 00:00:00,0,0.091000006
39.149998,-122.25,2021-11-01 00:00:00,0,0.09
39.149998,-122.149994,2021-11-01 00:00:00,0,0.098000005
39.149998,-122.049995,2021-11-01 00:00:00,0,0.105000004
39.149998,-121.95,2021-11-01 00:00:00,0,0.104
39.149998,-121.85,2021-11-01 00:00:00,0,0.104
39.149998,-121.75,2021-11-01 00:00:00,0,0.116000004
39.149998,-121.649994,2021-11-01 00:00:00,0,0.112
39.149998,-121.549995,2021-11-01 00:00:00,0,0.112
39.149998,-121.45,2021-11-01 00:00:00,0,0.11100001
39.149998,-121.35,2021-11-01 00:00:00,0,0.123
39.149998,-121.25,2021-11-01 00:00:00,0,0.12100001
39.149998,-121.149994,2021-11-01 00:00:00,0,0.120000005
39.149998,-121.049995,2021-11-01 00:00:00,0,0.136
39.149998,-120.95,2021-11-01 00:00:00,0,0.148
39.149998,-120.85,2021-11-01 00:00:00,0,0.12100001
39.149998,-120.75,2021-11-01 00:00:00,0,0.123
39.149998,-120.649994,2021-11-01 00:00:00,0,0.12100001
39.149998,-120.549995,2021-11-01 00:00:00,0,0.12200001
39.149998,-120.45,2021-11-01 00:00:00,0,0.108
39.149998,-120.35,2021-11-01 00:00:00,0,0.09900001
39.149998,-120.25,2021-11-01 00:00:00,0,0.091000006
39.149998,-120.149994,2021-11-01 00:00:00,0,0.080000006
39.149998,-120.049995,2021-11-01 00:00:00,0,0.07
39.149998,-119.95,2021-11-01 00:00:00,0,0.0
39.149998,-119.85,2021-11-01 00:00:00,0,0.0
39.149998,-119.75,2021-11-01 00:00:00,0,0.0
39.149998,-119.649994,2021-11-01 00:00:00,0,0.0
39.149998,-119.549995,2021-11-01 00:00:00,0,0.0
39.149998,-119.45,2021-11-01 00:00:00,0,0.0
39.149998,-119.35,2021-11-01 00:00:00,0,0.0
39.149998,-119.25,2021-11-01 00:00:00,0,0.0
39.149998,-119.149994,2021-11-01 00:00:00,0,0.0
39.149998,-119.049995,2021-11-01 00:00:00,0,0.0
39.149998,-118.95,2021-11-01 00:00:00,0,0.0
39.149998,-118.85,2021-11-01 00:00:00,0,0.0
39.149998,-118.75,2021-11-01 00:00:00,0,0.0
39.149998,-118.649994,2021-11-01 00:00:00,0,0.0
39.149998,-118.549995,2021-11-01 00:00:00,0,0.0
39.149998,-118.45,2021-11-01 00:00:00,0,0.0
39.149998,-118.35,2021-11-01 00:00:00,0,0.0
39.149998,-118.25,2021-11-01 00:00:00,0,0.0
39.149998,-118.149994,2021-11-01 00:00:00,0,0.0
39.149998,-118.049995,2021-11-01 00:00:00,0,0.0
39.149998,-117.95,2021-11-01 00:00:00,0,0.0
39.149998,-117.85,2021-11-01 00:00:00,0,0.0
39.149998,-117.75,2021-11-01 00:00:00,0,0.0
39.149998,-117.649994,2021-11-01 00:00:00,0,0.0
39.149998,-117.549995,2021-11-01 00:00:00,0,0.0
39.149998,-117.45,2021-11-01 00:00:00,0,0.0
39.149998,-117.35,2021-11-01 00:00:00,0,0.0
39.149998,-117.25,2021-11-01 00:00:00,0,0.0
39.149998,-117.149994,2021-11-01 00:00:00,0,0.0
39.149998,-117.049995,2021-11-01 00:00:00,0,0.0
39.149998,-116.95,2021-11-01 00:00:00,0,0.0
39.149998,-116.85,2021-11-01 00:00:00,0,0.0
39.149998,-116.75,2021-11-01 00:00:00,0,0.0
39.149998,-116.649994,2021-11-01 00:00:00,0,0.0
39.149998,-116.549995,2021-11-01 00:00:00,0,0.0
39.149998,-116.45,2021-11-01 00:00:00,0,0.0
39.149998,-116.35,2021-11-01 00:00:00,0,0.0
39.149998,-116.25,2021-11-01 00:00:00,0,0.0
39.149998,-116.149994,2021-11-01 00:00:00,0,0.0
39.149998,-116.049995,2021-11-01 00:00:00,0,0.0
39.149998,-115.95,2021-11-01 00:00:00,0,0.0
39.149998,-115.85,2021-11-01 00:00:00,0,0.0
39.149998,-115.75,2021-11-01 00:00:00,0,0.0
39.149998,-115.649994,2021-11-01 00:00:00,0,0.0
39.149998,-115.549995,2021-11-01 00:00:00,0,0.0
39.149998,-115.45,2021-11-01 00:00:00,0,0.0
39.149998,-115.35,2021-11-01 00:00:00,0,0.0
39.149998,-115.25,2021-11-01 00:00:00,0,0.0
39.149998,-115.149994,2021-11-01 00:00:00,0,0.0
39.149998,-115.049995,2021-11-01 00:00:00,0,0.0
39.149998,-114.95,2021-11-01 00:00:00,0,0.0
39.149998,-114.85,2021-11-01 00:00:00,0,0.0
39.149998,-114.75,2021-11-01 00:00:00,0,0.0
39.149998,-114.649994,2021-11-01 00:00:00,0,0.0
39.149998,-114.549995,2021-11-01 00:00:00,0,0.0
39.149998,-114.45,2021-11-01 00:00:00,0,0.0
39.149998,-114.35,2021-11-01 00:00:00,0,0.0
39.149998,-114.25,2021-11-01 00:00:00,0,0.0
39.25,-124.35,2021-11-01 00:00:00,0,0.0
39.25,-124.25,2021-11-01 00:00:00,0,0.0
39.25,-124.149994,2021-11-01 00:00:00,0,0.0
39.25,-124.049995,2021-11-01 00:00:00,0,0.0
39.25,-123.95,2021-11-01 00:00:00,0,0.0
39.25,-123.85,2021-11-01 00:00:00,0,0.0
39.25,-123.75,2021-11-01 00:00:00,0,0.20300001
39.25,-123.649994,2021-11-01 00:00:00,0,0.18900001
39.25,-123.549995,2021-11-01 00:00:00,0,0.18400002
39.25,-123.45,2021-11-01 00:00:00,0,0.17300001
39.25,-123.35,2021-11-01 00:00:00,0,0.15900001
39.25,-123.25,2021-11-01 00:00:00,0,0.15400001
39.25,-123.149994,2021-11-01 00:00:00,0,0.136
39.25,-123.049995,2021-11-01 00:00:00,0,0.123
39.25,-122.95,2021-11-01 00:00:00,0,0.11400001
39.25,-122.85,2021-11-01 00:00:00,0,0.11400001
39.25,-122.75,2021-11-01 00:00:00,0,0.098000005
39.25,-122.649994,2021-11-01 00:00:00,0,0.091000006
39.25,-122.549995,2021-11-01 00:00:00,0,0.083000004
39.25,-122.45,2021-11-01 00:00:00,0,0.081
39.25,-122.35,2021-11-01 00:00:00,0,0.08800001
39.25,-122.25,2021-11-01 00:00:00,0,0.094000004
39.25,-122.149994,2021-11-01 00:00:00,0,0.108
39.25,-122.049995,2021-11-01 00:00:00,0,0.117000006
39.25,-121.95,2021-11-01 00:00:00,0,0.127
39.25,-121.85,2021-11-01 00:00:00,0,0.127
39.25,-121.75,2021-11-01 00:00:00,0,0.117000006
39.25,-121.649994,2021-11-01 00:00:00,0,0.113000005
39.25,-121.549995,2021-11-01 00:00:00,0,0.11100001
39.25,-121.45,2021-11-01 00:00:00,0,0.117000006
39.25,-121.35,2021-11-01 00:00:00,0,0.11800001
39.25,-121.25,2021-11-01 00:00:00,0,0.117000006
39.25,-121.149994,2021-11-01 00:00:00,0,0.123
39.25,-121.049995,2021-11-01 00:00:00,0,0.128
39.25,-120.95,2021-11-01 00:00:00,0,0.13100001
39.25,-120.85,2021-11-01 00:00:00,0,0.12100001
39.25,-120.75,2021-11-01 00:00:00,0,0.12100001
39.25,-120.649994,2021-11-01 00:00:00,0,0.120000005
39.25,-120.549995,2021-11-01 00:00:00,0,0.12200001
39.25,-120.45,2021-11-01 00:00:00,0,0.113000005
39.25,-120.35,2021-11-01 00:00:00,0,0.09900001
39.25,-120.25,2021-11-01 00:00:00,0,0.086
39.25,-120.149994,2021-11-01 00:00:00,0,0.079
39.25,-120.049995,2021-11-01 00:00:00,0,0.069000006
39.25,-119.95,2021-11-01 00:00:00,0,0.0
39.25,-119.85,2021-11-01 00:00:00,0,0.0
39.25,-119.75,2021-11-01 00:00:00,0,0.0
39.25,-119.649994,2021-11-01 00:00:00,0,0.0
39.25,-119.549995,2021-11-01 00:00:00,0,0.0
39.25,-119.45,2021-11-01 00:00:00,0,0.0
39.25,-119.35,2021-11-01 00:00:00,0,0.0
39.25,-119.25,2021-11-01 00:00:00,0,0.0
39.25,-119.149994,2021-11-01 00:00:00,0,0.0
39.25,-119.049995,2021-11-01 00:00:00,0,0.0
39.25,-118.95,2021-11-01 00:00:00,0,0.0
39.25,-118.85,2021-11-01 00:00:00,0,0.0
39.25,-118.75,2021-11-01 00:00:00,0,0.0
39.25,-118.649994,2021-11-01 00:00:00,0,0.0
39.25,-118.549995,2021-11-01 00:00:00,0,0.0
39.25,-118.45,2021-11-01 00:00:00,0,0.0
39.25,-118.35,2021-11-01 00:00:00,0,0.0
39.25,-118.25,2021-11-01 00:00:00,0,0.0
39.25,-118.149994,2021-11-01 00:00:00,0,0.0
39.25,-118.049995,2021-11-01 00:00:00,0,0.0
39.25,-117.95,2021-11-01 00:00:00,0,0.0
39.25,-117.85,2021-11-01 00:00:00,0,0.0
39.25,-117.75,2021-11-01 00:00:00,0,0.0
39.25,-117.649994,2021-11-01 00:00:00,0,0.0
39.25,-117.549995,2021-11-01 00:00:00,0,0.0
39.25,-117.45,2021-11-01 00:00:00,0,0.0
39.25,-117.35,2021-11-01 00:00:00,0,0.0
39.25,-117.25,2021-11-01 00:00:00,0,0.0
39.25,-117.149994,2021-11-01 00:00:00,0,0.0
39.25,-117.049995,2021-11-01 00:00:00,0,0.0
39.25,-116.95,2021-11-01 00:00:00,0,0.0
39.25,-116.85,2021-11-01 00:00:00,0,0.0
39.25,-116.75,2021-11-01 00:00:00,0,0.0
39.25,-116.649994,2021-11-01 00:00:00,0,0.0
39.25,-116.549995,2021-11-01 00:00:00,0,0.0
39.25,-116.45,2021-11-01 00:00:00,0,0.0
39.25,-116.35,2021-11-01 00:00:00,0,0.0
39.25,-116.25,2021-11-01 00:00:00,0,0.0
39.25,-116.149994,2021-11-01 00:00:00,0,0.0
39.25,-116.049995,2021-11-01 00:00:00,0,0.0
39.25,-115.95,2021-11-01 00:00:00,0,0.0
39.25,-115.85,2021-11-01 00:00:00,0,0.0
39.25,-115.75,2021-11-01 00:00:00,0,0.0
39.25,-115.649994,2021-11-01 00:00:00,0,0.0
39.25,-115.549995,2021-11-01 00:00:00,0,0.0
39.25,-115.45,2021-11-01 00:00:00,0,0.0
39.25,-115.35,2021-11-01 00:00:00,0,0.0
39.25,-115.25,2021-11-01 00:00:00,0,0.0
39.25,-115.149994,2021-11-01 00:00:00,0,0.0
39.25,-115.049995,2021-11-01 00:00:00,0,0.0
39.25,-114.95,2021-11-01 00:00:00,0,0.0
39.25,-114.85,2021-11-01 00:00:00,0,0.0
39.25,-114.75,2021-11-01 00:00:00,0,0.0
39.25,-114.649994,2021-11-01 00:00:00,0,0.0
39.25,-114.549995,2021-11-01 00:00:00,0,0.0
39.25,-114.45,2021-11-01 00:00:00,0,0.0
39.25,-114.35,2021-11-01 00:00:00,0,0.0
39.25,-114.25,2021-11-01 00:00:00,0,0.0
39.35,-124.35,2021-11-01 00:00:00,0,0.0
39.35,-124.25,2021-11-01 00:00:00,0,0.0
39.35,-124.149994,2021-11-01 00:00:00,0,0.0
39.35,-124.049995,2021-11-01 00:00:00,0,0.0
39.35,-123.95,2021-11-01 00:00:00,0,0.0
39.35,-123.85,2021-11-01 00:00:00,0,0.0
39.35,-123.75,2021-11-01 00:00:00,0,0.202
39.35,-123.649994,2021-11-01 00:00:00,0,0.194
39.35,-123.549995,2021-11-01 00:00:00,0,0.18900001
39.35,-123.45,2021-11-01 00:00:00,0,0.178
39.35,-123.35,2021-11-01 00:00:00,0,0.16600001
39.35,-123.25,2021-11-01 00:00:00,0,0.15400001
39.35,-123.149994,2021-11-01 00:00:00,0,0.14500001
39.35,-123.049995,2021-11-01 00:00:00,0,0.12900001
39.35,-122.95,2021-11-01 00:00:00,0,0.119
39.35,-122.85,2021-11-01 00:00:00,0,0.1
39.35,-122.75,2021-11-01 00:00:00,0,0.094000004
39.35,-122.649994,2021-11-01 00:00:00,0,0.08800001
39.35,-122.549995,2021-11-01 00:00:00,0,0.080000006
39.35,-122.45,2021-11-01 00:00:00,0,0.078
39.35,-122.35,2021-11-01 00:00:00,0,0.08800001
39.35,-122.25,2021-11-01 00:00:00,0,0.098000005
39.35,-122.149994,2021-11-01 00:00:00,0,0.128
39.35,-122.049995,2021-11-01 00:00:00,0,0.149
39.35,-121.95,2021-11-01 00:00:00,0,0.13700001
39.35,-121.85,2021-11-01 00:00:00,0,0.124000005
39.35,-121.75,2021-11-01 00:00:00,0,0.11800001
39.35,-121.649994,2021-11-01 00:00:00,0,0.108
39.35,-121.549995,2021-11-01 00:00:00,0,0.127
39.35,-121.45,2021-11-01 00:00:00,0,0.11800001
39.35,-121.35,2021-11-01 00:00:00,0,0.134
39.35,-121.25,2021-11-01 00:00:00,0,0.12100001
39.35,-121.149994,2021-11-01 00:00:00,0,0.125
39.35,-121.049995,2021-11-01 00:00:00,0,0.125
39.35,-120.95,2021-11-01 00:00:00,0,0.123
39.35,-120.85,2021-11-01 00:00:00,0,0.120000005
39.35,-120.75,2021-11-01 00:00:00,0,0.126
39.35,-120.649994,2021-11-01 00:00:00,0,0.120000005
39.35,-120.549995,2021-11-01 00:00:00,0,0.115
39.35,-120.45,2021-11-01 00:00:00,0,0.115
39.35,-120.35,2021-11-01 00:00:00,0,0.11100001
39.35,-120.25,2021-11-01 00:00:00,0,0.09
39.35,-120.149994,2021-11-01 00:00:00,0,0.082
39.35,-120.049995,2021-11-01 00:00:00,0,0.071
39.35,-119.95,2021-11-01 00:00:00,0,0.0
39.35,-119.85,2021-11-01 00:00:00,0,0.0
39.35,-119.75,2021-11-01 00:00:00,0,0.0
39.35,-119.649994,2021-11-01 00:00:00,0,0.0
39.35,-119.549995,2021-11-01 00:00:00,0,0.0
39.35,-119.45,2021-11-01 00:00:00,0,0.0
39.35,-119.35,2021-11-01 00:00:00,0,0.0
39.35,-119.25,2021-11-01 00:00:00,0,0.0
39.35,-119.149994,2021-11-01 00:00:00,0,0.0
39.35,-119.049995,2021-11-01 00:00:00,0,0.0
39.35,-118.95,2021-11-01 00:00:00,0,0.0
39.35,-118.85,2021-11-01 00:00:00,0,0.0
39.35,-118.75,2021-11-01 00:00:00,0,0.0
39.35,-118.649994,2021-11-01 00:00:00,0,0.0
39.35,-118.549995,2021-11-01 00:00:00,0,0.0
39.35,-118.45,2021-11-01 00:00:00,0,0.0
39.35,-118.35,2021-11-01 00:00:00,0,0.0
39.35,-118.25,2021-11-01 00:00:00,0,0.0
39.35,-118.149994,2021-11-01 00:00:00,0,0.0
39.35,-118.049995,2021-11-01 00:00:00,0,0.0
39.35,-117.95,2021-11-01 00:00:00,0,0.0
39.35,-117.85,2021-11-01 00:00:00,0,0.0
39.35,-117.75,2021-11-01 00:00:00,0,0.0
39.35,-117.649994,2021-11-01 00:00:00,0,0.0
39.35,-117.549995,2021-11-01 00:00:00,0,0.0
39.35,-117.45,2021-11-01 00:00:00,0,0.0
39.35,-117.35,2021-11-01 00:00:00,0,0.0
39.35,-117.25,2021-11-01 00:00:00,0,0.0
39.35,-117.149994,2021-11-01 00:00:00,0,0.0
39.35,-117.049995,2021-11-01 00:00:00,0,0.0
39.35,-116.95,2021-11-01 00:00:00,0,0.0
39.35,-116.85,2021-11-01 00:00:00,0,0.0
39.35,-116.75,2021-11-01 00:00:00,0,0.0
39.35,-116.649994,2021-11-01 00:00:00,0,0.0
39.35,-116.549995,2021-11-01 00:00:00,0,0.0
39.35,-116.45,2021-11-01 00:00:00,0,0.0
39.35,-116.35,2021-11-01 00:00:00,0,0.0
39.35,-116.25,2021-11-01 00:00:00,0,0.0
39.35,-116.149994,2021-11-01 00:00:00,0,0.0
39.35,-116.049995,2021-11-01 00:00:00,0,0.0
39.35,-115.95,2021-11-01 00:00:00,0,0.0
39.35,-115.85,2021-11-01 00:00:00,0,0.0
39.35,-115.75,2021-11-01 00:00:00,0,0.0
39.35,-115.649994,2021-11-01 00:00:00,0,0.0
39.35,-115.549995,2021-11-01 00:00:00,0,0.0
39.35,-115.45,2021-11-01 00:00:00,0,0.0
39.35,-115.35,2021-11-01 00:00:00,0,0.0
39.35,-115.25,2021-11-01 00:00:00,0,0.0
39.35,-115.149994,2021-11-01 00:00:00,0,0.0
39.35,-115.049995,2021-11-01 00:00:00,0,0.0
39.35,-114.95,2021-11-01 00:00:00,0,0.0
39.35,-114.85,2021-11-01 00:00:00,0,0.0
39.35,-114.75,2021-11-01 00:00:00,0,0.0
39.35,-114.649994,2021-11-01 00:00:00,0,0.0
39.35,-114.549995,2021-11-01 00:00:00,0,0.0
39.35,-114.45,2021-11-01 00:00:00,0,0.0
39.35,-114.35,2021-11-01 00:00:00,0,0.0
39.35,-114.25,2021-11-01 00:00:00,0,0.0
39.45,-124.35,2021-11-01 00:00:00,0,0.0
39.45,-124.25,2021-11-01 00:00:00,0,0.0
39.45,-124.149994,2021-11-01 00:00:00,0,0.0
39.45,-124.049995,2021-11-01 00:00:00,0,0.0
39.45,-123.95,2021-11-01 00:00:00,0,0.0
39.45,-123.85,2021-11-01 00:00:00,0,0.0
39.45,-123.75,2021-11-01 00:00:00,0,0.208
39.45,-123.649994,2021-11-01 00:00:00,0,0.20300001
39.45,-123.549995,2021-11-01 00:00:00,0,0.20700002
39.45,-123.45,2021-11-01 00:00:00,0,0.18800001
39.45,-123.35,2021-11-01 00:00:00,0,0.177
39.45,-123.25,2021-11-01 00:00:00,0,0.158
39.45,-123.149994,2021-11-01 00:00:00,0,0.15200001
39.45,-123.049995,2021-11-01 00:00:00,0,0.133
39.45,-122.95,2021-11-01 00:00:00,0,0.120000005
39.45,-122.85,2021-11-01 00:00:00,0,0.104
39.45,-122.75,2021-11-01 00:00:00,0,0.094000004
39.45,-122.649994,2021-11-01 00:00:00,0,0.082
39.45,-122.549995,2021-11-01 00:00:00,0,0.076000005
39.45,-122.45,2021-11-01 00:00:00,0,0.075
39.45,-122.35,2021-11-01 00:00:00,0,0.095000006
39.45,-122.25,2021-11-01 00:00:00,0,0.11400001
39.45,-122.149994,2021-11-01 00:00:00,0,0.127
39.45,-122.049995,2021-11-01 00:00:00,0,0.13800001
39.45,-121.95,2021-11-01 00:00:00,0,0.125
39.45,-121.85,2021-11-01 00:00:00,0,0.11800001
39.45,-121.75,2021-11-01 00:00:00,0,0.124000005
39.45,-121.649994,2021-11-01 00:00:00,0,0.12200001
39.45,-121.549995,2021-11-01 00:00:00,0,0.124000005
39.45,-121.45,2021-11-01 00:00:00,0,0.13100001
39.45,-121.35,2021-11-01 00:00:00,0,0.12900001
39.45,-121.25,2021-11-01 00:00:00,0,0.13000001
39.45,-121.149994,2021-11-01 00:00:00,0,0.125
39.45,-121.049995,2021-11-01 00:00:00,0,0.13900001
39.45,-120.95,2021-11-01 00:00:00,0,0.143
39.45,-120.85,2021-11-01 00:00:00,0,0.149
39.45,-120.75,2021-11-01 00:00:00,0,0.126
39.45,-120.649994,2021-11-01 00:00:00,0,0.14
39.45,-120.549995,2021-11-01 00:00:00,0,0.12100001
39.45,-120.45,2021-11-01 00:00:00,0,0.11400001
39.45,-120.35,2021-11-01 00:00:00,0,0.104
39.45,-120.25,2021-11-01 00:00:00,0,0.09
39.45,-120.149994,2021-11-01 00:00:00,0,0.078
39.45,-120.049995,2021-11-01 00:00:00,0,0.066
39.45,-119.95,2021-11-01 00:00:00,0,0.0
39.45,-119.85,2021-11-01 00:00:00,0,0.0
39.45,-119.75,2021-11-01 00:00:00,0,0.0
39.45,-119.649994,2021-11-01 00:00:00,0,0.0
39.45,-119.549995,2021-11-01 00:00:00,0,0.0
39.45,-119.45,2021-11-01 00:00:00,0,0.0
39.45,-119.35,2021-11-01 00:00:00,0,0.0
39.45,-119.25,2021-11-01 00:00:00,0,0.0
39.45,-119.149994,2021-11-01 00:00:00,0,0.0
39.45,-119.049995,2021-11-01 00:00:00,0,0.0
39.45,-118.95,2021-11-01 00:00:00,0,0.0
39.45,-118.85,2021-11-01 00:00:00,0,0.0
39.45,-118.75,2021-11-01 00:00:00,0,0.0
39.45,-118.649994,2021-11-01 00:00:00,0,0.0
39.45,-118.549995,2021-11-01 00:00:00,0,0.0
39.45,-118.45,2021-11-01 00:00:00,0,0.0
39.45,-118.35,2021-11-01 00:00:00,0,0.0
39.45,-118.25,2021-11-01 00:00:00,0,0.0
39.45,-118.149994,2021-11-01 00:00:00,0,0.0
39.45,-118.049995,2021-11-01 00:00:00,0,0.0
39.45,-117.95,2021-11-01 00:00:00,0,0.0
39.45,-117.85,2021-11-01 00:00:00,0,0.0
39.45,-117.75,2021-11-01 00:00:00,0,0.0
39.45,-117.649994,2021-11-01 00:00:00,0,0.0
39.45,-117.549995,2021-11-01 00:00:00,0,0.0
39.45,-117.45,2021-11-01 00:00:00,0,0.0
39.45,-117.35,2021-11-01 00:00:00,0,0.0
39.45,-117.25,2021-11-01 00:00:00,0,0.0
39.45,-117.149994,2021-11-01 00:00:00,0,0.0
39.45,-117.049995,2021-11-01 00:00:00,0,0.0
39.45,-116.95,2021-11-01 00:00:00,0,0.0
39.45,-116.85,2021-11-01 00:00:00,0,0.0
39.45,-116.75,2021-11-01 00:00:00,0,0.0
39.45,-116.649994,2021-11-01 00:00:00,0,0.0
39.45,-116.549995,2021-11-01 00:00:00,0,0.0
39.45,-116.45,2021-11-01 00:00:00,0,0.0
39.45,-116.35,2021-11-01 00:00:00,0,0.0
39.45,-116.25,2021-11-01 00:00:00,0,0.0
39.45,-116.149994,2021-11-01 00:00:00,0,0.0
39.45,-116.049995,2021-11-01 00:00:00,0,0.0
39.45,-115.95,2021-11-01 00:00:00,0,0.0
39.45,-115.85,2021-11-01 00:00:00,0,0.0
39.45,-115.75,2021-11-01 00:00:00,0,0.0
39.45,-115.649994,2021-11-01 00:00:00,0,0.0
39.45,-115.549995,2021-11-01 00:00:00,0,0.0
39.45,-115.45,2021-11-01 00:00:00,0,0.0
39.45,-115.35,2021-11-01 00:00:00,0,0.0
39.45,-115.25,2021-11-01 00:00:00,0,0.0
39.45,-115.149994,2021-11-01 00:00:00,0,0.0
39.45,-115.049995,2021-11-01 00:00:00,0,0.0
39.45,-114.95,2021-11-01 00:00:00,0,0.0
39.45,-114.85,2021-11-01 00:00:00,0,0.0
39.45,-114.75,2021-11-01 00:00:00,0,0.0
39.45,-114.649994,2021-11-01 00:00:00,0,0.0
39.45,-114.549995,2021-11-01 00:00:00,0,0.0
39.45,-114.45,2021-11-01 00:00:00,0,0.0
39.45,-114.35,2021-11-01 00:00:00,0,0.0
39.45,-114.25,2021-11-01 00:00:00,0,0.0
39.55,-124.35,2021-11-01 00:00:00,0,0.0
39.55,-124.25,2021-11-01 00:00:00,0,0.0
39.55,-124.149994,2021-11-01 00:00:00,0,0.0
39.55,-124.049995,2021-11-01 00:00:00,0,0.0
39.55,-123.95,2021-11-01 00:00:00,0,0.0
39.55,-123.85,2021-11-01 00:00:00,0,0.0
39.55,-123.75,2021-11-01 00:00:00,0,0.20400001
39.55,-123.649994,2021-11-01 00:00:00,0,0.202
39.55,-123.549995,2021-11-01 00:00:00,0,0.2
39.55,-123.45,2021-11-01 00:00:00,0,0.19500001
39.55,-123.35,2021-11-01 00:00:00,0,0.187
39.55,-123.25,2021-11-01 00:00:00,0,0.177
39.55,-123.149994,2021-11-01 00:00:00,0,0.16600001
39.55,-123.049995,2021-11-01 00:00:00,0,0.15200001
39.55,-122.95,2021-11-01 00:00:00,0,0.136
39.55,-122.85,2021-11-01 00:00:00,0,0.119
39.55,-122.75,2021-11-01 00:00:00,0,0.10300001
39.55,-122.649994,2021-11-01 00:00:00,0,0.093
39.55,-122.549995,2021-11-01 00:00:00,0,0.08400001
39.55,-122.45,2021-11-01 00:00:00,0,0.093
39.55,-122.35,2021-11-01 00:00:00,0,0.094000004
39.55,-122.25,2021-11-01 00:00:00,0,0.10700001
39.55,-122.149994,2021-11-01 00:00:00,0,0.112
39.55,-122.049995,2021-11-01 00:00:00,0,0.123
39.55,-121.95,2021-11-01 00:00:00,0,0.128
39.55,-121.85,2021-11-01 00:00:00,0,0.124000005
39.55,-121.75,2021-11-01 00:00:00,0,0.124000005
39.55,-121.649994,2021-11-01 00:00:00,0,0.116000004
39.55,-121.549995,2021-11-01 00:00:00,0,0.125
39.55,-121.45,2021-11-01 00:00:00,0,0.142
39.55,-121.35,2021-11-01 00:00:00,0,0.142
39.55,-121.25,2021-11-01 00:00:00,0,0.141
39.55,-121.149994,2021-11-01 00:00:00,0,0.133
39.55,-121.049995,2021-11-01 00:00:00,0,0.123
39.55,-120.95,2021-11-01 00:00:00,0,0.124000005
39.55,-120.85,2021-11-01 00:00:00,0,0.119
39.55,-120.75,2021-11-01 00:00:00,0,0.116000004
39.55,-120.649994,2021-11-01 00:00:00,0,0.112
39.55,-120.549995,2021-11-01 00:00:00,0,0.112
39.55,-120.45,2021-11-01 00:00:00,0,0.108
39.55,-120.35,2021-11-01 00:00:00,0,0.09900001
39.55,-120.25,2021-11-01 00:00:00,0,0.09
39.55,-120.149994,2021-11-01 00:00:00,0,0.07300001
39.55,-120.049995,2021-11-01 00:00:00,0,0.064
39.55,-119.95,2021-11-01 00:00:00,0,0.0
39.55,-119.85,2021-11-01 00:00:00,0,0.0
39.55,-119.75,2021-11-01 00:00:00,0,0.0
39.55,-119.649994,2021-11-01 00:00:00,0,0.0
39.55,-119.549995,2021-11-01 00:00:00,0,0.0
39.55,-119.45,2021-11-01 00:00:00,0,0.0
39.55,-119.35,2021-11-01 00:00:00,0,0.0
39.55,-119.25,2021-11-01 00:00:00,0,0.0
39.55,-119.149994,2021-11-01 00:00:00,0,0.0
39.55,-119.049995,2021-11-01 00:00:00,0,0.0
39.55,-118.95,2021-11-01 00:00:00,0,0.0
39.55,-118.85,2021-11-01 00:00:00,0,0.0
39.55,-118.75,2021-11-01 00:00:00,0,0.0
39.55,-118.649994,2021-11-01 00:00:00,0,0.0
39.55,-118.549995,2021-11-01 00:00:00,0,0.0
39.55,-118.45,2021-11-01 00:00:00,0,0.0
39.55,-118.35,2021-11-01 00:00:00,0,0.0
39.55,-118.25,2021-11-01 00:00:00,0,0.0
39.55,-118.149994,2021-11-01 00:00:00,0,0.0
39.55,-118.049995,2021-11-01 00:00:00,0,0.0
39.55,-117.95,2021-11-01 00:00:00,0,0.0
39.55,-117.85,2021-11-01 00:00:00,0,0.0
39.55,-117.75,2021-11-01 00:00:00,0,0.0
39.55,-117.649994,2021-11-01 00:00:00,0,0.0
39.55,-117.549995,2021-11-01 00:00:00,0,0.0
39.55,-117.45,2021-11-01 00:00:00,0,0.0
39.55,-117.35,2021-11-01 00:00:00,0,0.0
39.55,-117.25,2021-11-01 00:00:00,0,0.0
39.55,-117.149994,2021-11-01 00:00:00,0,0.0
39.55,-117.049995,2021-11-01 00:00:00,0,0.0
39.55,-116.95,2021-11-01 00:00:00,0,0.0
39.55,-116.85,2021-11-01 00:00:00,0,0.0
39.55,-116.75,2021-11-01 00:00:00,0,0.0
39.55,-116.649994,2021-11-01 00:00:00,0,0.0
39.55,-116.549995,2021-11-01 00:00:00,0,0.0
39.55,-116.45,2021-11-01 00:00:00,0,0.0
39.55,-116.35,2021-11-01 00:00:00,0,0.0
39.55,-116.25,2021-11-01 00:00:00,0,0.0
39.55,-116.149994,2021-11-01 00:00:00,0,0.0
39.55,-116.049995,2021-11-01 00:00:00,0,0.0
39.55,-115.95,2021-11-01 00:00:00,0,0.0
39.55,-115.85,2021-11-01 00:00:00,0,0.0
39.55,-115.75,2021-11-01 00:00:00,0,0.0
39.55,-115.649994,2021-11-01 00:00:00,0,0.0
39.55,-115.549995,2021-11-01 00:00:00,0,0.0
39.55,-115.45,2021-11-01 00:00:00,0,0.0
39.55,-115.35,2021-11-01 00:00:00,0,0.0
39.55,-115.25,2021-11-01 00:00:00,0,0.0
39.55,-115.149994,2021-11-01 00:00:00,0,0.0
39.55,-115.049995,2021-11-01 00:00:00,0,0.0
39.55,-114.95,2021-11-01 00:00:00,0,0.0
39.55,-114.85,2021-11-01 00:00:00,0,0.0
39.55,-114.75,2021-11-01 00:00:00,0,0.0
39.55,-114.649994,2021-11-01 00:00:00,0,0.0
39.55,-114.549995,2021-11-01 00:00:00,0,0.0
39.55,-114.45,2021-11-01 00:00:00,0,0.0
39.55,-114.35,2021-11-01 00:00:00,0,0.0
39.55,-114.25,2021-11-01 00:00:00,0,0.0
39.649998,-124.35,2021-11-01 00:00:00,0,0.0
39.649998,-124.25,2021-11-01 00:00:00,0,0.0
39.649998,-124.149994,2021-11-01 00:00:00,0,0.0
39.649998,-124.049995,2021-11-01 00:00:00,0,0.0
39.649998,-123.95,2021-11-01 00:00:00,0,0.0
39.649998,-123.85,2021-11-01 00:00:00,0,0.0
39.649998,-123.75,2021-11-01 00:00:00,0,0.19800001
39.649998,-123.649994,2021-11-01 00:00:00,0,0.20600002
39.649998,-123.549995,2021-11-01 00:00:00,0,0.19600001
39.649998,-123.45,2021-11-01 00:00:00,0,0.193
39.649998,-123.35,2021-11-01 00:00:00,0,0.179
39.649998,-123.25,2021-11-01 00:00:00,0,0.171
39.649998,-123.149994,2021-11-01 00:00:00,0,0.164
39.649998,-123.049995,2021-11-01 00:00:00,0,0.163
39.649998,-122.95,2021-11-01 00:00:00,0,0.13800001
39.649998,-122.85,2021-11-01 00:00:00,0,0.136
39.649998,-122.75,2021-11-01 00:00:00,0,0.116000004
39.649998,-122.649994,2021-11-01 00:00:00,0,0.109000005
39.649998,-122.549995,2021-11-01 00:00:00,0,0.093
39.649998,-122.45,2021-11-01 00:00:00,0,0.09200001
39.649998,-122.35,2021-11-01 00:00:00,0,0.087000005
39.649998,-122.25,2021-11-01 00:00:00,0,0.096
39.649998,-122.149994,2021-11-01 00:00:00,0,0.102000006
39.649998,-122.049995,2021-11-01 00:00:00,0,0.11000001
39.649998,-121.95,2021-11-01 00:00:00,0,0.117000006
39.649998,-121.85,2021-11-01 00:00:00,0,0.119
39.649998,-121.75,2021-11-01 00:00:00,0,0.11800001
39.649998,-121.649994,2021-11-01 00:00:00,0,0.117000006
39.649998,-121.549995,2021-11-01 00:00:00,0,0.125
39.649998,-121.45,2021-11-01 00:00:00,0,0.12900001
39.649998,-121.35,2021-11-01 00:00:00,0,0.13800001
39.649998,-121.25,2021-11-01 00:00:00,0,0.13100001
39.649998,-121.149994,2021-11-01 00:00:00,0,0.120000005
39.649998,-121.049995,2021-11-01 00:00:00,0,0.116000004
39.649998,-120.95,2021-11-01 00:00:00,0,0.106000006
39.649998,-120.85,2021-11-01 00:00:00,0,0.109000005
39.649998,-120.75,2021-11-01 00:00:00,0,0.098000005
39.649998,-120.649994,2021-11-01 00:00:00,0,0.095000006
39.649998,-120.549995,2021-11-01 00:00:00,0,0.094000004
39.649998,-120.45,2021-11-01 00:00:00,0,0.08800001
39.649998,-120.35,2021-11-01 00:00:00,0,0.080000006
39.649998,-120.25,2021-11-01 00:00:00,0,0.074
39.649998,-120.149994,2021-11-01 00:00:00,0,0.063
39.649998,-120.049995,2021-11-01 00:00:00,0,0.058000002
39.649998,-119.95,2021-11-01 00:00:00,0,0.0
39.649998,-119.85,2021-11-01 00:00:00,0,0.0
39.649998,-119.75,2021-11-01 00:00:00,0,0.0
39.649998,-119.649994,2021-11-01 00:00:00,0,0.0
39.649998,-119.549995,2021-11-01 00:00:00,0,0.0
39.649998,-119.45,2021-11-01 00:00:00,0,0.0
39.649998,-119.35,2021-11-01 00:00:00,0,0.0
39.649998,-119.25,2021-11-01 00:00:00,0,0.0
39.649998,-119.149994,2021-11-01 00:00:00,0,0.0
39.649998,-119.049995,2021-11-01 00:00:00,0,0.0
39.649998,-118.95,2021-11-01 00:00:00,0,0.0
39.649998,-118.85,2021-11-01 00:00:00,0,0.0
39.649998,-118.75,2021-11-01 00:00:00,0,0.0
39.649998,-118.649994,2021-11-01 00:00:00,0,0.0
39.649998,-118.549995,2021-11-01 00:00:00,0,0.0
39.649998,-118.45,2021-11-01 00:00:00,0,0.0
39.649998,-118.35,2021-11-01 00:00:00,0,0.0
39.649998,-118.25,2021-11-01 00:00:00,0,0.0
39.649998,-118.149994,2021-11-01 00:00:00,0,0.0
39.649998,-118.049995,2021-11-01 00:00:00,0,0.0
39.649998,-117.95,2021-11-01 00:00:00,0,0.0
39.649998,-117.85,2021-11-01 00:00:00,0,0.0
39.649998,-117.75,2021-11-01 00:00:00,0,0.0
39.649998,-117.649994,2021-11-01 00:00:00,0,0.0
39.649998,-117.549995,2021-11-01 00:00:00,0,0.0
39.649998,-117.45,2021-11-01 00:00:00,0,0.0
39.649998,-117.35,2021-11-01 00:00:00,0,0.0
39.649998,-117.25,2021-11-01 00:00:00,0,0.0
39.649998,-117.149994,2021-11-01 00:00:00,0,0.0
39.649998,-117.049995,2021-11-01 00:00:00,0,0.0
39.649998,-116.95,2021-11-01 00:00:00,0,0.0
39.649998,-116.85,2021-11-01 00:00:00,0,0.0
39.649998,-116.75,2021-11-01 00:00:00,0,0.0
39.649998,-116.649994,2021-11-01 00:00:00,0,0.0
39.649998,-116.549995,2021-11-01 00:00:00,0,0.0
39.649998,-116.45,2021-11-01 00:00:00,0,0.0
39.649998,-116.35,2021-11-01 00:00:00,0,0.0
39.649998,-116.25,2021-11-01 00:00:00,0,0.0
39.649998,-116.149994,2021-11-01 00:00:00,0,0.0
39.649998,-116.049995,2021-11-01 00:00:00,0,0.0
39.649998,-115.95,2021-11-01 00:00:00,0,0.0
39.649998,-115.85,2021-11-01 00:00:00,0,0.0
39.649998,-115.75,2021-11-01 00:00:00,0,0.0
39.649998,-115.649994,2021-11-01 00:00:00,0,0.0
39.649998,-115.549995,2021-11-01 00:00:00,0,0.0
39.649998,-115.45,2021-11-01 00:00:00,0,0.0
39.649998,-115.35,2021-11-01 00:00:00,0,0.0
39.649998,-115.25,2021-11-01 00:00:00,0,0.0
39.649998,-115.149994,2021-11-01 00:00:00,0,0.0
39.649998,-115.049995,2021-11-01 00:00:00,0,0.0
39.649998,-114.95,2021-11-01 00:00:00,0,0.0
39.649998,-114.85,2021-11-01 00:00:00,0,0.0
39.649998,-114.75,2021-11-01 00:00:00,0,0.0
39.649998,-114.649994,2021-11-01 00:00:00,0,0.0
39.649998,-114.549995,2021-11-01 00:00:00,0,0.0
39.649998,-114.45,2021-11-01 00:00:00,0,0.0
39.649998,-114.35,2021-11-01 00:00:00,0,0.0
39.649998,-114.25,2021-11-01 00:00:00,0,0.0
39.75,-124.35,2021-11-01 00:00:00,0,0.0
39.75,-124.25,2021-11-01 00:00:00,0,0.0
39.75,-124.149994,2021-11-01 00:00:00,0,0.0
39.75,-124.049995,2021-11-01 00:00:00,0,0.0
39.75,-123.95,2021-11-01 00:00:00,0,0.0
39.75,-123.85,2021-11-01 00:00:00,0,0.0
39.75,-123.75,2021-11-01 00:00:00,0,0.19700001
39.75,-123.649994,2021-11-01 00:00:00,0,0.18900001
39.75,-123.549995,2021-11-01 00:00:00,0,0.19100001
39.75,-123.45,2021-11-01 00:00:00,0,0.171
39.75,-123.35,2021-11-01 00:00:00,0,0.165
39.75,-123.25,2021-11-01 00:00:00,0,0.16100001
39.75,-123.149994,2021-11-01 00:00:00,0,0.15400001
39.75,-123.049995,2021-11-01 00:00:00,0,0.13900001
39.75,-122.95,2021-11-01 00:00:00,0,0.134
39.75,-122.85,2021-11-01 00:00:00,0,0.124000005
39.75,-122.75,2021-11-01 00:00:00,0,0.102000006
39.75,-122.649994,2021-11-01 00:00:00,0,0.097
39.75,-122.549995,2021-11-01 00:00:00,0,0.087000005
39.75,-122.45,2021-11-01 00:00:00,0,0.089
39.75,-122.35,2021-11-01 00:00:00,0,0.093
39.75,-122.25,2021-11-01 00:00:00,0,0.098000005
39.75,-122.149994,2021-11-01 00:00:00,0,0.104
39.75,-122.049995,2021-11-01 00:00:00,0,0.106000006
39.75,-121.95,2021-11-01 00:00:00,0,0.11000001
39.75,-121.85,2021-11-01 00:00:00,0,0.108
39.75,-121.75,2021-11-01 00:00:00,0,0.117000006
39.75,-121.649994,2021-11-01 00:00:00,0,0.11800001
39.75,-121.549995,2021-11-01 00:00:00,0,0.128
39.75,-121.45,2021-11-01 00:00:00,0,0.132
39.75,-121.35,2021-11-01 00:00:00,0,0.135
39.75,-121.25,2021-11-01 00:00:00,0,0.11800001
39.75,-121.149994,2021-11-01 00:00:00,0,0.11000001
39.75,-121.049995,2021-11-01 00:00:00,0,0.106000006
39.75,-120.95,2021-11-01 00:00:00,0,0.101
39.75,-120.85,2021-11-01 00:00:00,0,0.097
39.75,-120.75,2021-11-01 00:00:00,0,0.09
39.75,-120.649994,2021-11-01 00:00:00,0,0.091000006
39.75,-120.549995,2021-11-01 00:00:00,0,0.09
39.75,-120.45,2021-11-01 00:00:00,0,0.08400001
39.75,-120.35,2021-11-01 00:00:00,0,0.072000004
39.75,-120.25,2021-11-01 00:00:00,0,0.066
39.75,-120.149994,2021-11-01 00:00:00,0,0.058000002
39.75,-120.049995,2021-11-01 00:00:00,0,0.052
39.75,-119.95,2021-11-01 00:00:00,0,0.0
39.75,-119.85,2021-11-01 00:00:00,0,0.0
39.75,-119.75,2021-11-01 00:00:00,0,0.0
39.75,-119.649994,2021-11-01 00:00:00,0,0.0
39.75,-119.549995,2021-11-01 00:00:00,0,0.0
39.75,-119.45,2021-11-01 00:00:00,0,0.0
39.75,-119.35,2021-11-01 00:00:00,0,0.0
39.75,-119.25,2021-11-01 00:00:00,0,0.0
39.75,-119.149994,2021-11-01 00:00:00,0,0.0
39.75,-119.049995,2021-11-01 00:00:00,0,0.0
39.75,-118.95,2021-11-01 00:00:00,0,0.0
39.75,-118.85,2021-11-01 00:00:00,0,0.0
39.75,-118.75,2021-11-01 00:00:00,0,0.0
39.75,-118.649994,2021-11-01 00:00:00,0,0.0
39.75,-118.549995,2021-11-01 00:00:00,0,0.0
39.75,-118.45,2021-11-01 00:00:00,0,0.0
39.75,-118.35,2021-11-01 00:00:00,0,0.0
39.75,-118.25,2021-11-01 00:00:00,0,0.0
39.75,-118.149994,2021-11-01 00:00:00,0,0.0
39.75,-118.049995,2021-11-01 00:00:00,0,0.0
39.75,-117.95,2021-11-01 00:00:00,0,0.0
39.75,-117.85,2021-11-01 00:00:00,0,0.0
39.75,-117.75,2021-11-01 00:00:00,0,0.0
39.75,-117.649994,2021-11-01 00:00:00,0,0.0
39.75,-117.549995,2021-11-01 00:00:00,0,0.0
39.75,-117.45,2021-11-01 00:00:00,0,0.0
39.75,-117.35,2021-11-01 00:00:00,0,0.0
39.75,-117.25,2021-11-01 00:00:00,0,0.0
39.75,-117.149994,2021-11-01 00:00:00,0,0.0
39.75,-117.049995,2021-11-01 00:00:00,0,0.0
39.75,-116.95,2021-11-01 00:00:00,0,0.0
39.75,-116.85,2021-11-01 00:00:00,0,0.0
39.75,-116.75,2021-11-01 00:00:00,0,0.0
39.75,-116.649994,2021-11-01 00:00:00,0,0.0
39.75,-116.549995,2021-11-01 00:00:00,0,0.0
39.75,-116.45,2021-11-01 00:00:00,0,0.0
39.75,-116.35,2021-11-01 00:00:00,0,0.0
39.75,-116.25,2021-11-01 00:00:00,0,0.0
39.75,-116.149994,2021-11-01 00:00:00,0,0.0
39.75,-116.049995,2021-11-01 00:00:00,0,0.0
39.75,-115.95,2021-11-01 00:00:00,0,0.0
39.75,-115.85,2021-11-01 00:00:00,0,0.0
39.75,-115.75,2021-11-01 00:00:00,0,0.0
39.75,-115.649994,2021-11-01 00:00:00,0,0.0
39.75,-115.549995,2021-11-01 00:00:00,0,0.0
39.75,-115.45,2021-11-01 00:00:00,0,0.0
39.75,-115.35,2021-11-01 00:00:00,0,0.0
39.75,-115.25,2021-11-01 00:00:00,0,0.0
39.75,-115.149994,2021-11-01 00:00:00,0,0.0
39.75,-115.049995,2021-11-01 00:00:00,0,0.0
39.75,-114.95,2021-11-01 00:00:00,0,0.0
39.75,-114.85,2021-11-01 00:00:00,0,0.0
39.75,-114.75,2021-11-01 00:00:00,0,0.0
39.75,-114.649994,2021-11-01 00:00:00,0,0.0
39.75,-114.549995,2021-11-01 00:00:00,0,0.0
39.75,-114.45,2021-11-01 00:00:00,0,0.0
39.75,-114.35,2021-11-01 00:00:00,0,0.0
39.75,-114.25,2021-11-01 00:00:00,0,0.0
39.85,-124.35,2021-11-01 00:00:00,0,0.0
39.85,-124.25,2021-11-01 00:00:00,0,0.0
39.85,-124.149994,2021-11-01 00:00:00,0,0.0
39.85,-124.049995,2021-11-01 00:00:00,0,0.0
39.85,-123.95,2021-11-01 00:00:00,0,0.0
39.85,-123.85,2021-11-01 00:00:00,0,0.20400001
39.85,-123.75,2021-11-01 00:00:00,0,0.19700001
39.85,-123.649994,2021-11-01 00:00:00,0,0.18400002
39.85,-123.549995,2021-11-01 00:00:00,0,0.17400001
39.85,-123.45,2021-11-01 00:00:00,0,0.165
39.85,-123.35,2021-11-01 00:00:00,0,0.16100001
39.85,-123.25,2021-11-01 00:00:00,0,0.15300001
39.85,-123.149994,2021-11-01 00:00:00,0,0.157
39.85,-123.049995,2021-11-01 00:00:00,0,0.147
39.85,-122.95,2021-11-01 00:00:00,0,0.13900001
39.85,-122.85,2021-11-01 00:00:00,0,0.124000005
39.85,-122.75,2021-11-01 00:00:00,0,0.113000005
39.85,-122.649994,2021-11-01 00:00:00,0,0.108
39.85,-122.549995,2021-11-01 00:00:00,0,0.09900001
39.85,-122.45,2021-11-01 00:00:00,0,0.098000005
39.85,-122.35,2021-11-01 00:00:00,0,0.104
39.85,-122.25,2021-11-01 00:00:00,0,0.106000006
39.85,-122.149994,2021-11-01 00:00:00,0,0.10700001
39.85,-122.049995,2021-11-01 00:00:00,0,0.108
39.85,-121.95,2021-11-01 00:00:00,0,0.109000005
39.85,-121.85,2021-11-01 00:00:00,0,0.11000001
39.85,-121.75,2021-11-01 00:00:00,0,0.11400001
39.85,-121.649994,2021-11-01 00:00:00,0,0.116000004
39.85,-121.549995,2021-11-01 00:00:00,0,0.13100001
39.85,-121.45,2021-11-01 00:00:00,0,0.132
39.85,-121.35,2021-11-01 00:00:00,0,0.13000001
39.85,-121.25,2021-11-01 00:00:00,0,0.119
39.85,-121.149994,2021-11-01 00:00:00,0,0.108
39.85,-121.049995,2021-11-01 00:00:00,0,0.106000006
39.85,-120.95,2021-11-01 00:00:00,0,0.095000006
39.85,-120.85,2021-11-01 00:00:00,0,0.086
39.85,-120.75,2021-11-01 00:00:00,0,0.080000006
39.85,-120.649994,2021-11-01 00:00:00,0,0.085
39.85,-120.549995,2021-11-01 00:00:00,0,0.083000004
39.85,-120.45,2021-11-01 00:00:00,0,0.076000005
39.85,-120.35,2021-11-01 00:00:00,0,0.066
39.85,-120.25,2021-11-01 00:00:00,0,0.059000004
39.85,-120.149994,2021-11-01 00:00:00,0,0.053000003
39.85,-120.049995,2021-11-01 00:00:00,0,0.051000003
39.85,-119.95,2021-11-01 00:00:00,0,0.0
39.85,-119.85,2021-11-01 00:00:00,0,0.0
39.85,-119.75,2021-11-01 00:00:00,0,0.0
39.85,-119.649994,2021-11-01 00:00:00,0,0.0
39.85,-119.549995,2021-11-01 00:00:00,0,0.0
39.85,-119.45,2021-11-01 00:00:00,0,0.0
39.85,-119.35,2021-11-01 00:00:00,0,0.0
39.85,-119.25,2021-11-01 00:00:00,0,0.0
39.85,-119.149994,2021-11-01 00:00:00,0,0.0
39.85,-119.049995,2021-11-01 00:00:00,0,0.0
39.85,-118.95,2021-11-01 00:00:00,0,0.0
39.85,-118.85,2021-11-01 00:00:00,0,0.0
39.85,-118.75,2021-11-01 00:00:00,0,0.0
39.85,-118.649994,2021-11-01 00:00:00,0,0.0
39.85,-118.549995,2021-11-01 00:00:00,0,0.0
39.85,-118.45,2021-11-01 00:00:00,0,0.0
39.85,-118.35,2021-11-01 00:00:00,0,0.0
39.85,-118.25,2021-11-01 00:00:00,0,0.0
39.85,-118.149994,2021-11-01 00:00:00,0,0.0
39.85,-118.049995,2021-11-01 00:00:00,0,0.0
39.85,-117.95,2021-11-01 00:00:00,0,0.0
39.85,-117.85,2021-11-01 00:00:00,0,0.0
39.85,-117.75,2021-11-01 00:00:00,0,0.0
39.85,-117.649994,2021-11-01 00:00:00,0,0.0
39.85,-117.549995,2021-11-01 00:00:00,0,0.0
39.85,-117.45,2021-11-01 00:00:00,0,0.0
39.85,-117.35,2021-11-01 00:00:00,0,0.0
39.85,-117.25,2021-11-01 00:00:00,0,0.0
39.85,-117.149994,2021-11-01 00:00:00,0,0.0
39.85,-117.049995,2021-11-01 00:00:00,0,0.0
39.85,-116.95,2021-11-01 00:00:00,0,0.0
39.85,-116.85,2021-11-01 00:00:00,0,0.0
39.85,-116.75,2021-11-01 00:00:00,0,0.0
39.85,-116.649994,2021-11-01 00:00:00,0,0.0
39.85,-116.549995,2021-11-01 00:00:00,0,0.0
39.85,-116.45,2021-11-01 00:00:00,0,0.0
39.85,-116.35,2021-11-01 00:00:00,0,0.0
39.85,-116.25,2021-11-01 00:00:00,0,0.0
39.85,-116.149994,2021-11-01 00:00:00,0,0.0
39.85,-116.049995,2021-11-01 00:00:00,0,0.0
39.85,-115.95,2021-11-01 00:00:00,0,0.0
39.85,-115.85,2021-11-01 00:00:00,0,0.0
39.85,-115.75,2021-11-01 00:00:00,0,0.0
39.85,-115.649994,2021-11-01 00:00:00,0,0.0
39.85,-115.549995,2021-11-01 00:00:00,0,0.0
39.85,-115.45,2021-11-01 00:00:00,0,0.0
39.85,-115.35,2021-11-01 00:00:00,0,0.0
39.85,-115.25,2021-11-01 00:00:00,0,0.0
39.85,-115.149994,2021-11-01 00:00:00,0,0.0
39.85,-115.049995,2021-11-01 00:00:00,0,0.0
39.85,-114.95,2021-11-01 00:00:00,0,0.0
39.85,-114.85,2021-11-01 00:00:00,0,0.0
39.85,-114.75,2021-11-01 00:00:00,0,0.0
39.85,-114.649994,2021-11-01 00:00:00,0,0.0
39.85,-114.549995,2021-11-01 00:00:00,0,0.0
39.85,-114.45,2021-11-01 00:00:00,0,0.0
39.85,-114.35,2021-11-01 00:00:00,0,0.0
39.85,-114.25,2021-11-01 00:00:00,0,0.0
39.95,-124.35,2021-11-01 00:00:00,0,0.0
39.95,-124.25,2021-11-01 00:00:00,0,0.0
39.95,-124.149994,2021-11-01 00:00:00,0,0.0
39.95,-124.049995,2021-11-01 00:00:00,0,0.0
39.95,-123.95,2021-11-01 00:00:00,0,0.202
39.95,-123.85,2021-11-01 00:00:00,0,0.20600002
39.95,-123.75,2021-11-01 00:00:00,0,0.201
39.95,-123.649994,2021-11-01 00:00:00,0,0.19100001
39.95,-123.549995,2021-11-01 00:00:00,0,0.179
39.95,-123.45,2021-11-01 00:00:00,0,0.15900001
39.95,-123.35,2021-11-01 00:00:00,0,0.158
39.95,-123.25,2021-11-01 00:00:00,0,0.155
39.95,-123.149994,2021-11-01 00:00:00,0,0.15400001
39.95,-123.049995,2021-11-01 00:00:00,0,0.13700001
39.95,-122.95,2021-11-01 00:00:00,0,0.13700001
39.95,-122.85,2021-11-01 00:00:00,0,0.13100001
39.95,-122.75,2021-11-01 00:00:00,0,0.125
39.95,-122.649994,2021-11-01 00:00:00,0,0.12100001
39.95,-122.549995,2021-11-01 00:00:00,0,0.11100001
39.95,-122.45,2021-11-01 00:00:00,0,0.106000006
39.95,-122.35,2021-11-01 00:00:00,0,0.10700001
39.95,-122.25,2021-11-01 00:00:00,0,0.11000001
39.95,-122.149994,2021-11-01 00:00:00,0,0.109000005
39.95,-122.049995,2021-11-01 00:00:00,0,0.109000005
39.95,-121.95,2021-11-01 00:00:00,0,0.105000004
39.95,-121.85,2021-11-01 00:00:00,0,0.105000004
39.95,-121.75,2021-11-01 00:00:00,0,0.10700001
39.95,-121.649994,2021-11-01 00:00:00,0,0.116000004
39.95,-121.549995,2021-11-01 00:00:00,0,0.113000005
39.95,-121.45,2021-11-01 00:00:00,0,0.11100001
39.95,-121.35,2021-11-01 00:00:00,0,0.116000004
39.95,-121.25,2021-11-01 00:00:00,0,0.104
39.95,-121.149994,2021-11-01 00:00:00,0,0.101
39.95,-121.049995,2021-11-01 00:00:00,0,0.093
39.95,-120.95,2021-11-01 00:00:00,0,0.080000006
39.95,-120.85,2021-11-01 00:00:00,0,0.076000005
39.95,-120.75,2021-11-01 00:00:00,0,0.071
39.95,-120.649994,2021-11-01 00:00:00,0,0.071
39.95,-120.549995,2021-11-01 00:00:00,0,0.07
39.95,-120.45,2021-11-01 00:00:00,0,0.064
39.95,-120.35,2021-11-01 00:00:00,0,0.057000004
39.95,-120.25,2021-11-01 00:00:00,0,0.052
39.95,-120.149994,2021-11-01 00:00:00,0,0.048
39.95,-120.049995,2021-11-01 00:00:00,0,0.046000004
39.95,-119.95,2021-11-01 00:00:00,0,0.0
39.95,-119.85,2021-11-01 00:00:00,0,0.0
39.95,-119.75,2021-11-01 00:00:00,0,0.0
39.95,-119.649994,2021-11-01 00:00:00,0,0.0
39.95,-119.549995,2021-11-01 00:00:00,0,0.0
39.95,-119.45,2021-11-01 00:00:00,0,0.0
39.95,-119.35,2021-11-01 00:00:00,0,0.0
39.95,-119.25,2021-11-01 00:00:00,0,0.0
39.95,-119.149994,2021-11-01 00:00:00,0,0.0
39.95,-119.049995,2021-11-01 00:00:00,0,0.0
39.95,-118.95,2021-11-01 00:00:00,0,0.0
39.95,-118.85,2021-11-01 00:00:00,0,0.0
39.95,-118.75,2021-11-01 00:00:00,0,0.0
39.95,-118.649994,2021-11-01 00:00:00,0,0.0
39.95,-118.549995,2021-11-01 00:00:00,0,0.0
39.95,-118.45,2021-11-01 00:00:00,0,0.0
39.95,-118.35,2021-11-01 00:00:00,0,0.0
39.95,-118.25,2021-11-01 00:00:00,0,0.0
39.95,-118.149994,2021-11-01 00:00:00,0,0.0
39.95,-118.049995,2021-11-01 00:00:00,0,0.0
39.95,-117.95,2021-11-01 00:00:00,0,0.0
39.95,-117.85,2021-11-01 00:00:00,0,0.0
39.95,-117.75,2021-11-01 00:00:00,0,0.0
39.95,-117.649994,2021-11-01 00:00:00,0,0.0
39.95,-117.549995,2021-11-01 00:00:00,0,0.0
39.95,-117.45,2021-11-01 00:00:00,0,0.0
39.95,-117.35,2021-11-01 00:00:00,0,0.0
39.95,-117.25,2021-11-01 00:00:00,0,0.0
39.95,-117.149994,2021-11-01 00:00:00,0,0.0
39.95,-117.049995,2021-11-01 00:00:00,0,0.0
39.95,-116.95,2021-11-01 00:00:00,0,0.0
39.95,-116.85,2021-11-01 00:00:00,0,0.0
39.95,-116.75,2021-11-01 00:00:00,0,0.0
39.95,-116.649994,2021-11-01 00:00:00,0,0.0
39.95,-116.549995,2021-11-01 00:00:00,0,0.0
39.95,-116.45,2021-11-01 00:00:00,0,0.0
39.95,-116.35,2021-11-01 00:00:00,0,0.0
39.95,-116.25,2021-11-01 00:00:00,0,0.0
39.95,-116.149994,2021-11-01 00:00:00,0,0.0
39.95,-116.049995,2021-11-01 00:00:00,0,0.0
39.95,-115.95,2021-11-01 00:00:00,0,0.0
39.95,-115.85,2021-11-01 00:00:00,0,0.0
39.95,-115.75,2021-11-01 00:00:00,0,0.0
39.95,-115.649994,2021-11-01 00:00:00,0,0.0
39.95,-115.549995,2021-11-01 00:00:00,0,0.0
39.95,-115.45,2021-11-01 00:00:00,0,0.0
39.95,-115.35,2021-11-01 00:00:00,0,0.0
39.95,-115.25,2021-11-01 00:00:00,0,0.0
39.95,-115.149994,2021-11-01 00:00:00,0,0.0
39.95,-115.049995,2021-11-01 00:00:00,0,0.0
39.95,-114.95,2021-11-01 00:00:00,0,0.0
39.95,-114.85,2021-11-01 00:00:00,0,0.0
39.95,-114.75,2021-11-01 00:00:00,0,0.0
39.95,-114.649994,2021-11-01 00:00:00,0,0.0
39.95,-114.549995,2021-11-01 00:00:00,0,0.0
39.95,-114.45,2021-11-01 00:00:00,0,0.0
39.95,-114.35,2021-11-01 00:00:00,0,0.0
39.95,-114.25,2021-11-01 00:00:00,0,0.0
40.05,-124.35,2021-11-01 00:00:00,0,0.0
40.05,-124.25,2021-11-01 00:00:00,0,0.0
40.05,-124.149994,2021-11-01 00:00:00,0,0.0
40.05,-124.049995,2021-11-01 00:00:00,0,0.19700001
40.05,-123.95,2021-11-01 00:00:00,0,0.19800001
40.05,-123.85,2021-11-01 00:00:00,0,0.194
40.05,-123.75,2021-11-01 00:00:00,0,0.18400002
40.05,-123.649994,2021-11-01 00:00:00,0,0.179
40.05,-123.549995,2021-11-01 00:00:00,0,0.17
40.05,-123.45,2021-11-01 00:00:00,0,0.16800001
40.05,-123.35,2021-11-01 00:00:00,0,0.15900001
40.05,-123.25,2021-11-01 00:00:00,0,0.15300001
40.05,-123.149994,2021-11-01 00:00:00,0,0.13700001
40.05,-123.049995,2021-11-01 00:00:00,0,0.132
40.05,-122.95,2021-11-01 00:00:00,0,0.12200001
40.05,-122.85,2021-11-01 00:00:00,0,0.116000004
40.05,-122.75,2021-11-01 00:00:00,0,0.124000005
40.05,-122.649994,2021-11-01 00:00:00,0,0.12200001
40.05,-122.549995,2021-11-01 00:00:00,0,0.113000005
40.05,-122.45,2021-11-01 00:00:00,0,0.105000004
40.05,-122.35,2021-11-01 00:00:00,0,0.109000005
40.05,-122.25,2021-11-01 00:00:00,0,0.11400001
40.05,-122.149994,2021-11-01 00:00:00,0,0.109000005
40.05,-122.049995,2021-11-01 00:00:00,0,0.105000004
40.05,-121.95,2021-11-01 00:00:00,0,0.102000006
40.05,-121.85,2021-11-01 00:00:00,0,0.1
40.05,-121.75,2021-11-01 00:00:00,0,0.106000006
40.05,-121.649994,2021-11-01 00:00:00,0,0.10700001
40.05,-121.549995,2021-11-01 00:00:00,0,0.09900001
40.05,-121.45,2021-11-01 00:00:00,0,0.101
40.05,-121.35,2021-11-01 00:00:00,0,0.098000005
40.05,-121.25,2021-11-01 00:00:00,0,0.089
40.05,-121.149994,2021-11-01 00:00:00,0,0.083000004
40.05,-121.049995,2021-11-01 00:00:00,0,0.076000005
40.05,-120.95,2021-11-01 00:00:00,0,0.054
40.05,-120.85,2021-11-01 00:00:00,0,0.053000003
40.05,-120.75,2021-11-01 00:00:00,0,0.052
40.05,-120.649994,2021-11-01 00:00:00,0,0.046000004
40.05,-120.549995,2021-11-01 00:00:00,0,0.044000003
40.05,-120.45,2021-11-01 00:00:00,0,0.042000003
40.05,-120.35,2021-11-01 00:00:00,0,0.038000003
40.05,-120.25,2021-11-01 00:00:00,0,0.038000003
40.05,-120.149994,2021-11-01 00:00:00,0,0.037
40.05,-120.049995,2021-11-01 00:00:00,0,0.033
40.05,-119.95,2021-11-01 00:00:00,0,0.0
40.05,-119.85,2021-11-01 00:00:00,0,0.0
40.05,-119.75,2021-11-01 00:00:00,0,0.0
40.05,-119.649994,2021-11-01 00:00:00,0,0.0
40.05,-119.549995,2021-11-01 00:00:00,0,0.0
40.05,-119.45,2021-11-01 00:00:00,0,0.0
40.05,-119.35,2021-11-01 00:00:00,0,0.0
40.05,-119.25,2021-11-01 00:00:00,0,0.0
40.05,-119.149994,2021-11-01 00:00:00,0,0.0
40.05,-119.049995,2021-11-01 00:00:00,0,0.0
40.05,-118.95,2021-11-01 00:00:00,0,0.0
40.05,-118.85,2021-11-01 00:00:00,0,0.0
40.05,-118.75,2021-11-01 00:00:00,0,0.0
40.05,-118.649994,2021-11-01 00:00:00,0,0.0
40.05,-118.549995,2021-11-01 00:00:00,0,0.0
40.05,-118.45,2021-11-01 00:00:00,0,0.0
40.05,-118.35,2021-11-01 00:00:00,0,0.0
40.05,-118.25,2021-11-01 00:00:00,0,0.0
40.05,-118.149994,2021-11-01 00:00:00,0,0.0
40.05,-118.049995,2021-11-01 00:00:00,0,0.0
40.05,-117.95,2021-11-01 00:00:00,0,0.0
40.05,-117.85,2021-11-01 00:00:00,0,0.0
40.05,-117.75,2021-11-01 00:00:00,0,0.0
40.05,-117.649994,2021-11-01 00:00:00,0,0.0
40.05,-117.549995,2021-11-01 00:00:00,0,0.0
40.05,-117.45,2021-11-01 00:00:00,0,0.0
40.05,-117.35,2021-11-01 00:00:00,0,0.0
40.05,-117.25,2021-11-01 00:00:00,0,0.0
40.05,-117.149994,2021-11-01 00:00:00,0,0.0
40.05,-117.049995,2021-11-01 00:00:00,0,0.0
40.05,-116.95,2021-11-01 00:00:00,0,0.0
40.05,-116.85,2021-11-01 00:00:00,0,0.0
40.05,-116.75,2021-11-01 00:00:00,0,0.0
40.05,-116.649994,2021-11-01 00:00:00,0,0.0
40.05,-116.549995,2021-11-01 00:00:00,0,0.0
40.05,-116.45,2021-11-01 00:00:00,0,0.0
40.05,-116.35,2021-11-01 00:00:00,0,0.0
40.05,-116.25,2021-11-01 00:00:00,0,0.0
40.05,-116.149994,2021-11-01 00:00:00,0,0.0
40.05,-116.049995,2021-11-01 00:00:00,0,0.0
40.05,-115.95,2021-11-01 00:00:00,0,0.0
40.05,-115.85,2021-11-01 00:00:00,0,0.0
40.05,-115.75,2021-11-01 00:00:00,0,0.0
40.05,-115.649994,2021-11-01 00:00:00,0,0.0
40.05,-115.549995,2021-11-01 00:00:00,0,0.0
40.05,-115.45,2021-11-01 00:00:00,0,0.0
40.05,-115.35,2021-11-01 00:00:00,0,0.0
40.05,-115.25,2021-11-01 00:00:00,0,0.0
40.05,-115.149994,2021-11-01 00:00:00,0,0.0
40.05,-115.049995,2021-11-01 00:00:00,0,0.0
40.05,-114.95,2021-11-01 00:00:00,0,0.0
40.05,-114.85,2021-11-01 00:00:00,0,0.0
40.05,-114.75,2021-11-01 00:00:00,0,0.0
40.05,-114.649994,2021-11-01 00:00:00,0,0.0
40.05,-114.549995,2021-11-01 00:00:00,0,0.0
40.05,-114.45,2021-11-01 00:00:00,0,0.0
40.05,-114.35,2021-11-01 00:00:00,0,0.0
40.05,-114.25,2021-11-01 00:00:00,0,0.0
40.149998,-124.35,2021-11-01 00:00:00,0,0.0
40.149998,-124.25,2021-11-01 00:00:00,0,0.0
40.149998,-124.149994,2021-11-01 00:00:00,0,0.19700001
40.149998,-124.049995,2021-11-01 00:00:00,0,0.18
40.149998,-123.95,2021-11-01 00:00:00,0,0.187
40.149998,-123.85,2021-11-01 00:00:00,0,0.18100001
40.149998,-123.75,2021-11-01 00:00:00,0,0.16900001
40.149998,-123.649994,2021-11-01 00:00:00,0,0.16700001
40.149998,-123.549995,2021-11-01 00:00:00,0,0.163
40.149998,-123.45,2021-11-01 00:00:00,0,0.16000001
40.149998,-123.35,2021-11-01 00:00:00,0,0.148
40.149998,-123.25,2021-11-01 00:00:00,0,0.143
40.149998,-123.149994,2021-11-01 00:00:00,0,0.133
40.149998,-123.049995,2021-11-01 00:00:00,0,0.134
40.149998,-122.95,2021-11-01 00:00:00,0,0.124000005
40.149998,-122.85,2021-11-01 00:00:00,0,0.12900001
40.149998,-122.75,2021-11-01 00:00:00,0,0.124000005
40.149998,-122.649994,2021-11-01 00:00:00,0,0.12900001
40.149998,-122.549995,2021-11-01 00:00:00,0,0.123
40.149998,-122.45,2021-11-01 00:00:00,0,0.117000006
40.149998,-122.35,2021-11-01 00:00:00,0,0.117000006
40.149998,-122.25,2021-11-01 00:00:00,0,0.11400001
40.149998,-122.149994,2021-11-01 00:00:00,0,0.11000001
40.149998,-122.049995,2021-11-01 00:00:00,0,0.10300001
40.149998,-121.95,2021-11-01 00:00:00,0,0.109000005
40.149998,-121.85,2021-11-01 00:00:00,0,0.109000005
40.149998,-121.75,2021-11-01 00:00:00,0,0.104
40.149998,-121.649994,2021-11-01 00:00:00,0,0.094000004
40.149998,-121.549995,2021-11-01 00:00:00,0,0.091000006
40.149998,-121.45,2021-11-01 00:00:00,0,0.091000006
40.149998,-121.35,2021-11-01 00:00:00,0,0.082
40.149998,-121.25,2021-11-01 00:00:00,0,0.076000005
40.149998,-121.149994,2021-11-01 00:00:00,0,0.071
40.149998,-121.049995,2021-11-01 00:00:00,0,0.067
40.149998,-120.95,2021-11-01 00:00:00,0,0.052
40.149998,-120.85,2021-11-01 00:00:00,0,0.051000003
40.149998,-120.75,2021-11-01 00:00:00,0,0.047000002
40.149998,-120.649994,2021-11-01 00:00:00,0,0.044000003
40.149998,-120.549995,2021-11-01 00:00:00,0,0.041
40.149998,-120.45,2021-11-01 00:00:00,0,0.039
40.149998,-120.35,2021-11-01 00:00:00,0,0.037
40.149998,-120.25,2021-11-01 00:00:00,0,0.036000002
40.149998,-120.149994,2021-11-01 00:00:00,0,0.033
40.149998,-120.049995,2021-11-01 00:00:00,0,0.031000001
40.149998,-119.95,2021-11-01 00:00:00,0,0.0
40.149998,-119.85,2021-11-01 00:00:00,0,0.0
40.149998,-119.75,2021-11-01 00:00:00,0,0.0
40.149998,-119.649994,2021-11-01 00:00:00,0,0.0
40.149998,-119.549995,2021-11-01 00:00:00,0,0.0
40.149998,-119.45,2021-11-01 00:00:00,0,0.0
40.149998,-119.35,2021-11-01 00:00:00,0,0.0
40.149998,-119.25,2021-11-01 00:00:00,0,0.0
40.149998,-119.149994,2021-11-01 00:00:00,0,0.0
40.149998,-119.049995,2021-11-01 00:00:00,0,0.0
40.149998,-118.95,2021-11-01 00:00:00,0,0.0
40.149998,-118.85,2021-11-01 00:00:00,0,0.0
40.149998,-118.75,2021-11-01 00:00:00,0,0.0
40.149998,-118.649994,2021-11-01 00:00:00,0,0.0
40.149998,-118.549995,2021-11-01 00:00:00,0,0.0
40.149998,-118.45,2021-11-01 00:00:00,0,0.0
40.149998,-118.35,2021-11-01 00:00:00,0,0.0
40.149998,-118.25,2021-11-01 00:00:00,0,0.0
40.149998,-118.149994,2021-11-01 00:00:00,0,0.0
40.149998,-118.049995,2021-11-01 00:00:00,0,0.0
40.149998,-117.95,2021-11-01 00:00:00,0,0.0
40.149998,-117.85,2021-11-01 00:00:00,0,0.0
40.149998,-117.75,2021-11-01 00:00:00,0,0.0
40.149998,-117.649994,2021-11-01 00:00:00,0,0.0
40.149998,-117.549995,2021-11-01 00:00:00,0,0.0
40.149998,-117.45,2021-11-01 00:00:00,0,0.0
40.149998,-117.35,2021-11-01 00:00:00,0,0.0
40.149998,-117.25,2021-11-01 00:00:00,0,0.0
40.149998,-117.149994,2021-11-01 00:00:00,0,0.0
40.149998,-117.049995,2021-11-01 00:00:00,0,0.0
40.149998,-116.95,2021-11-01 00:00:00,0,0.0
40.149998,-116.85,2021-11-01 00:00:00,0,0.0
40.149998,-116.75,2021-11-01 00:00:00,0,0.0
40.149998,-116.649994,2021-11-01 00:00:00,0,0.0
40.149998,-116.549995,2021-11-01 00:00:00,0,0.0
40.149998,-116.45,2021-11-01 00:00:00,0,0.0
40.149998,-116.35,2021-11-01 00:00:00,0,0.0
40.149998,-116.25,2021-11-01 00:00:00,0,0.0
40.149998,-116.149994,2021-11-01 00:00:00,0,0.0
40.149998,-116.049995,2021-11-01 00:00:00,0,0.0
40.149998,-115.95,2021-11-01 00:00:00,0,0.0
40.149998,-115.85,2021-11-01 00:00:00,0,0.0
40.149998,-115.75,2021-11-01 00:00:00,0,0.0
40.149998,-115.649994,2021-11-01 00:00:00,0,0.0
40.149998,-115.549995,2021-11-01 00:00:00,0,0.0
40.149998,-115.45,2021-11-01 00:00:00,0,0.0
40.149998,-115.35,2021-11-01 00:00:00,0,0.0
40.149998,-115.25,2021-11-01 00:00:00,0,0.0
40.149998,-115.149994,2021-11-01 00:00:00,0,0.0
40.149998,-115.049995,2021-11-01 00:00:00,0,0.0
40.149998,-114.95,2021-11-01 00:00:00,0,0.0
40.149998,-114.85,2021-11-01 00:00:00,0,0.0
40.149998,-114.75,2021-11-01 00:00:00,0,0.0
40.149998,-114.649994,2021-11-01 00:00:00,0,0.0
40.149998,-114.549995,2021-11-01 00:00:00,0,0.0
40.149998,-114.45,2021-11-01 00:00:00,0,0.0
40.149998,-114.35,2021-11-01 00:00:00,0,0.0
40.149998,-114.25,2021-11-01 00:00:00,0,0.0
40.25,-124.35,2021-11-01 00:00:00,0,0.24800001
40.25,-124.25,2021-11-01 00:00:00,0,0.224
40.25,-124.149994,2021-11-01 00:00:00,0,0.19500001
40.25,-124.049995,2021-11-01 00:00:00,0,0.18
40.25,-123.95,2021-11-01 00:00:00,0,0.187
40.25,-123.85,2021-11-01 00:00:00,0,0.17500001
40.25,-123.75,2021-11-01 00:00:00,0,0.164
40.25,-123.649994,2021-11-01 00:00:00,0,0.158
40.25,-123.549995,2021-11-01 00:00:00,0,0.15200001
40.25,-123.45,2021-11-01 00:00:00,0,0.149
40.25,-123.35,2021-11-01 00:00:00,0,0.14
40.25,-123.25,2021-11-01 00:00:00,0,0.13800001
40.25,-123.149994,2021-11-01 00:00:00,0,0.134
40.25,-123.049995,2021-11-01 00:00:00,0,0.132
40.25,-122.95,2021-11-01 00:00:00,0,0.126
40.25,-122.85,2021-11-01 00:00:00,0,0.127
40.25,-122.75,2021-11-01 00:00:00,0,0.125
40.25,-122.649994,2021-11-01 00:00:00,0,0.128
40.25,-122.549995,2021-11-01 00:00:00,0,0.12200001
40.25,-122.45,2021-11-01 00:00:00,0,0.123
40.25,-122.35,2021-11-01 00:00:00,0,0.127
40.25,-122.25,2021-11-01 00:00:00,0,0.123
40.25,-122.149994,2021-11-01 00:00:00,0,0.13000001
40.25,-122.049995,2021-11-01 00:00:00,0,0.124000005
40.25,-121.95,2021-11-01 00:00:00,0,0.120000005
40.25,-121.85,2021-11-01 00:00:00,0,0.108
40.25,-121.75,2021-11-01 00:00:00,0,0.104
40.25,-121.649994,2021-11-01 00:00:00,0,0.097
40.25,-121.549995,2021-11-01 00:00:00,0,0.09
40.25,-121.45,2021-11-01 00:00:00,0,0.085
40.25,-121.35,2021-11-01 00:00:00,0,0.081
40.25,-121.25,2021-11-01 00:00:00,0,0.074
40.25,-121.149994,2021-11-01 00:00:00,0,0.07
40.25,-121.049995,2021-11-01 00:00:00,0,0.07
40.25,-120.95,2021-11-01 00:00:00,0,0.056
40.25,-120.85,2021-11-01 00:00:00,0,0.046000004
40.25,-120.75,2021-11-01 00:00:00,0,0.043
40.25,-120.649994,2021-11-01 00:00:00,0,0.039
40.25,-120.549995,2021-11-01 00:00:00,0,0.040000003
40.25,-120.45,2021-11-01 00:00:00,0,0.038000003
40.25,-120.35,2021-11-01 00:00:00,0,0.034
40.25,-120.25,2021-11-01 00:00:00,0,0.032
40.25,-120.149994,2021-11-01 00:00:00,0,0.031000001
40.25,-120.049995,2021-11-01 00:00:00,0,0.029000001
40.25,-119.95,2021-11-01 00:00:00,0,0.0
40.25,-119.85,2021-11-01 00:00:00,0,0.0
40.25,-119.75,2021-11-01 00:00:00,0,0.0
40.25,-119.649994,2021-11-01 00:00:00,0,0.0
40.25,-119.549995,2021-11-01 00:00:00,0,0.0
40.25,-119.45,2021-11-01 00:00:00,0,0.0
40.25,-119.35,2021-11-01 00:00:00,0,0.0
40.25,-119.25,2021-11-01 00:00:00,0,0.0
40.25,-119.149994,2021-11-01 00:00:00,0,0.0
40.25,-119.049995,2021-11-01 00:00:00,0,0.0
40.25,-118.95,2021-11-01 00:00:00,0,0.0
40.25,-118.85,2021-11-01 00:00:00,0,0.0
40.25,-118.75,2021-11-01 00:00:00,0,0.0
40.25,-118.649994,2021-11-01 00:00:00,0,0.0
40.25,-118.549995,2021-11-01 00:00:00,0,0.0
40.25,-118.45,2021-11-01 00:00:00,0,0.0
40.25,-118.35,2021-11-01 00:00:00,0,0.0
40.25,-118.25,2021-11-01 00:00:00,0,0.0
40.25,-118.149994,2021-11-01 00:00:00,0,0.0
40.25,-118.049995,2021-11-01 00:00:00,0,0.0
40.25,-117.95,2021-11-01 00:00:00,0,0.0
40.25,-117.85,2021-11-01 00:00:00,0,0.0
40.25,-117.75,2021-11-01 00:00:00,0,0.0
40.25,-117.649994,2021-11-01 00:00:00,0,0.0
40.25,-117.549995,2021-11-01 00:00:00,0,0.0
40.25,-117.45,2021-11-01 00:00:00,0,0.0
40.25,-117.35,2021-11-01 00:00:00,0,0.0
40.25,-117.25,2021-11-01 00:00:00,0,0.0
40.25,-117.149994,2021-11-01 00:00:00,0,0.0
40.25,-117.049995,2021-11-01 00:00:00,0,0.0
40.25,-116.95,2021-11-01 00:00:00,0,0.0
40.25,-116.85,2021-11-01 00:00:00,0,0.0
40.25,-116.75,2021-11-01 00:00:00,0,0.0
40.25,-116.649994,2021-11-01 00:00:00,0,0.0
40.25,-116.549995,2021-11-01 00:00:00,0,0.0
40.25,-116.45,2021-11-01 00:00:00,0,0.0
40.25,-116.35,2021-11-01 00:00:00,0,0.0
40.25,-116.25,2021-11-01 00:00:00,0,0.0
40.25,-116.149994,2021-11-01 00:00:00,0,0.0
40.25,-116.049995,2021-11-01 00:00:00,0,0.0
40.25,-115.95,2021-11-01 00:00:00,0,0.0
40.25,-115.85,2021-11-01 00:00:00,0,0.0
40.25,-115.75,2021-11-01 00:00:00,0,0.0
40.25,-115.649994,2021-11-01 00:00:00,0,0.0
40.25,-115.549995,2021-11-01 00:00:00,0,0.0
40.25,-115.45,2021-11-01 00:00:00,0,0.0
40.25,-115.35,2021-11-01 00:00:00,0,0.0
40.25,-115.25,2021-11-01 00:00:00,0,0.0
40.25,-115.149994,2021-11-01 00:00:00,0,0.0
40.25,-115.049995,2021-11-01 00:00:00,0,0.0
40.25,-114.95,2021-11-01 00:00:00,0,0.0
40.25,-114.85,2021-11-01 00:00:00,0,0.0
40.25,-114.75,2021-11-01 00:00:00,0,0.0
40.25,-114.649994,2021-11-01 00:00:00,0,0.0
40.25,-114.549995,2021-11-01 00:00:00,0,0.0
40.25,-114.45,2021-11-01 00:00:00,0,0.0
40.25,-114.35,2021-11-01 00:00:00,0,0.0
40.25,-114.25,2021-11-01 00:00:00,0,0.0
40.35,-124.35,2021-11-01 00:00:00,0,0.23900001
40.35,-124.25,2021-11-01 00:00:00,0,0.22700001
40.35,-124.149994,2021-11-01 00:00:00,0,0.19800001
40.35,-124.049995,2021-11-01 00:00:00,0,0.192
40.35,-123.95,2021-11-01 00:00:00,0,0.18800001
40.35,-123.85,2021-11-01 00:00:00,0,0.178
40.35,-123.75,2021-11-01 00:00:00,0,0.172
40.35,-123.649994,2021-11-01 00:00:00,0,0.15900001
40.35,-123.549995,2021-11-01 00:00:00,0,0.15200001
40.35,-123.45,2021-11-01 00:00:00,0,0.142
40.35,-123.35,2021-11-01 00:00:00,0,0.14
40.35,-123.25,2021-11-01 00:00:00,0,0.13800001
40.35,-123.149994,2021-11-01 00:00:00,0,0.13800001
40.35,-123.049995,2021-11-01 00:00:00,0,0.136
40.35,-122.95,2021-11-01 00:00:00,0,0.127
40.35,-122.85,2021-11-01 00:00:00,0,0.124000005
40.35,-122.75,2021-11-01 00:00:00,0,0.120000005
40.35,-122.649994,2021-11-01 00:00:00,0,0.126
40.35,-122.549995,2021-11-01 00:00:00,0,0.127
40.35,-122.45,2021-11-01 00:00:00,0,0.12900001
40.35,-122.35,2021-11-01 00:00:00,0,0.134
40.35,-122.25,2021-11-01 00:00:00,0,0.13900001
40.35,-122.149994,2021-11-01 00:00:00,0,0.13700001
40.35,-122.049995,2021-11-01 00:00:00,0,0.133
40.35,-121.95,2021-11-01 00:00:00,0,0.119
40.35,-121.85,2021-11-01 00:00:00,0,0.117000006
40.35,-121.75,2021-11-01 00:00:00,0,0.104
40.35,-121.649994,2021-11-01 00:00:00,0,0.102000006
40.35,-121.549995,2021-11-01 00:00:00,0,0.104
40.35,-121.45,2021-11-01 00:00:00,0,0.09900001
40.35,-121.35,2021-11-01 00:00:00,0,0.08400001
40.35,-121.25,2021-11-01 00:00:00,0,0.074
40.35,-121.149994,2021-11-01 00:00:00,0,0.069000006
40.35,-121.049995,2021-11-01 00:00:00,0,0.062000003
40.35,-120.95,2021-11-01 00:00:00,0,0.045
40.35,-120.85,2021-11-01 00:00:00,0,0.041
40.35,-120.75,2021-11-01 00:00:00,0,0.037
40.35,-120.649994,2021-11-01 00:00:00,0,0.034
40.35,-120.549995,2021-11-01 00:00:00,0,0.034
40.35,-120.45,2021-11-01 00:00:00,0,0.032
40.35,-120.35,2021-11-01 00:00:00,0,0.032
40.35,-120.25,2021-11-01 00:00:00,0,0.029000001
40.35,-120.149994,2021-11-01 00:00:00,0,0.030000001
40.35,-120.049995,2021-11-01 00:00:00,0,0.029000001
40.35,-119.95,2021-11-01 00:00:00,0,0.0
40.35,-119.85,2021-11-01 00:00:00,0,0.0
40.35,-119.75,2021-11-01 00:00:00,0,0.0
40.35,-119.649994,2021-11-01 00:00:00,0,0.0
40.35,-119.549995,2021-11-01 00:00:00,0,0.0
40.35,-119.45,2021-11-01 00:00:00,0,0.0
40.35,-119.35,2021-11-01 00:00:00,0,0.0
40.35,-119.25,2021-11-01 00:00:00,0,0.0
40.35,-119.149994,2021-11-01 00:00:00,0,0.0
40.35,-119.049995,2021-11-01 00:00:00,0,0.0
40.35,-118.95,2021-11-01 00:00:00,0,0.0
40.35,-118.85,2021-11-01 00:00:00,0,0.0
40.35,-118.75,2021-11-01 00:00:00,0,0.0
40.35,-118.649994,2021-11-01 00:00:00,0,0.0
40.35,-118.549995,2021-11-01 00:00:00,0,0.0
40.35,-118.45,2021-11-01 00:00:00,0,0.0
40.35,-118.35,2021-11-01 00:00:00,0,0.0
40.35,-118.25,2021-11-01 00:00:00,0,0.0
40.35,-118.149994,2021-11-01 00:00:00,0,0.0
40.35,-118.049995,2021-11-01 00:00:00,0,0.0
40.35,-117.95,2021-11-01 00:00:00,0,0.0
40.35,-117.85,2021-11-01 00:00:00,0,0.0
40.35,-117.75,2021-11-01 00:00:00,0,0.0
40.35,-117.649994,2021-11-01 00:00:00,0,0.0
40.35,-117.549995,2021-11-01 00:00:00,0,0.0
40.35,-117.45,2021-11-01 00:00:00,0,0.0
40.35,-117.35,2021-11-01 00:00:00,0,0.0
40.35,-117.25,2021-11-01 00:00:00,0,0.0
40.35,-117.149994,2021-11-01 00:00:00,0,0.0
40.35,-117.049995,2021-11-01 00:00:00,0,0.0
40.35,-116.95,2021-11-01 00:00:00,0,0.0
40.35,-116.85,2021-11-01 00:00:00,0,0.0
40.35,-116.75,2021-11-01 00:00:00,0,0.0
40.35,-116.649994,2021-11-01 00:00:00,0,0.0
40.35,-116.549995,2021-11-01 00:00:00,0,0.0
40.35,-116.45,2021-11-01 00:00:00,0,0.0
40.35,-116.35,2021-11-01 00:00:00,0,0.0
40.35,-116.25,2021-11-01 00:00:00,0,0.0
40.35,-116.149994,2021-11-01 00:00:00,0,0.0
40.35,-116.049995,2021-11-01 00:00:00,0,0.0
40.35,-115.95,2021-11-01 00:00:00,0,0.0
40.35,-115.85,2021-11-01 00:00:00,0,0.0
40.35,-115.75,2021-11-01 00:00:00,0,0.0
40.35,-115.649994,2021-11-01 00:00:00,0,0.0
40.35,-115.549995,2021-11-01 00:00:00,0,0.0
40.35,-115.45,2021-11-01 00:00:00,0,0.0
40.35,-115.35,2021-11-01 00:00:00,0,0.0
40.35,-115.25,2021-11-01 00:00:00,0,0.0
40.35,-115.149994,2021-11-01 00:00:00,0,0.0
40.35,-115.049995,2021-11-01 00:00:00,0,0.0
40.35,-114.95,2021-11-01 00:00:00,0,0.0
40.35,-114.85,2021-11-01 00:00:00,0,0.0
40.35,-114.75,2021-11-01 00:00:00,0,0.0
40.35,-114.649994,2021-11-01 00:00:00,0,0.0
40.35,-114.549995,2021-11-01 00:00:00,0,0.0
40.35,-114.45,2021-11-01 00:00:00,0,0.0
40.35,-114.35,2021-11-01 00:00:00,0,0.0
40.35,-114.25,2021-11-01 00:00:00,0,0.0
40.45,-124.35,2021-11-01 00:00:00,0,0.22500001
40.45,-124.25,2021-11-01 00:00:00,0,0.22900002
40.45,-124.149994,2021-11-01 00:00:00,0,0.2
40.45,-124.049995,2021-11-01 00:00:00,0,0.19500001
40.45,-123.95,2021-11-01 00:00:00,0,0.192
40.45,-123.85,2021-11-01 00:00:00,0,0.18300001
40.45,-123.75,2021-11-01 00:00:00,0,0.16900001
40.45,-123.649994,2021-11-01 00:00:00,0,0.162
40.45,-123.549995,2021-11-01 00:00:00,0,0.15400001
40.45,-123.45,2021-11-01 00:00:00,0,0.148
40.45,-123.35,2021-11-01 00:00:00,0,0.143
40.45,-123.25,2021-11-01 00:00:00,0,0.142
40.45,-123.149994,2021-11-01 00:00:00,0,0.14
40.45,-123.049995,2021-11-01 00:00:00,0,0.133
40.45,-122.95,2021-11-01 00:00:00,0,0.126
40.45,-122.85,2021-11-01 00:00:00,0,0.126
40.45,-122.75,2021-11-01 00:00:00,0,0.132
40.45,-122.649994,2021-11-01 00:00:00,0,0.133
40.45,-122.549995,2021-11-01 00:00:00,0,0.13700001
40.45,-122.45,2021-11-01 00:00:00,0,0.148
40.45,-122.35,2021-11-01 00:00:00,0,0.147
40.45,-122.25,2021-11-01 00:00:00,0,0.15
40.45,-122.149994,2021-11-01 00:00:00,0,0.147
40.45,-122.049995,2021-11-01 00:00:00,0,0.13800001
40.45,-121.95,2021-11-01 00:00:00,0,0.124000005
40.45,-121.85,2021-11-01 00:00:00,0,0.116000004
40.45,-121.75,2021-11-01 00:00:00,0,0.109000005
40.45,-121.649994,2021-11-01 00:00:00,0,0.10300001
40.45,-121.549995,2021-11-01 00:00:00,0,0.119
40.45,-121.45,2021-11-01 00:00:00,0,0.117000006
40.45,-121.35,2021-11-01 00:00:00,0,0.098000005
40.45,-121.25,2021-11-01 00:00:00,0,0.086
40.45,-121.149994,2021-11-01 00:00:00,0,0.07300001
40.45,-121.049995,2021-11-01 00:00:00,0,0.056
40.45,-120.95,2021-11-01 00:00:00,0,0.041
40.45,-120.85,2021-11-01 00:00:00,0,0.036000002
40.45,-120.75,2021-11-01 00:00:00,0,0.033
40.45,-120.649994,2021-11-01 00:00:00,0,0.031000001
40.45,-120.549995,2021-11-01 00:00:00,0,0.030000001
40.45,-120.45,2021-11-01 00:00:00,0,0.027
40.45,-120.35,2021-11-01 00:00:00,0,0.028
40.45,-120.25,2021-11-01 00:00:00,0,0.027
40.45,-120.149994,2021-11-01 00:00:00,0,0.027
40.45,-120.049995,2021-11-01 00:00:00,0,0.027
40.45,-119.95,2021-11-01 00:00:00,0,0.0
40.45,-119.85,2021-11-01 00:00:00,0,0.0
40.45,-119.75,2021-11-01 00:00:00,0,0.0
40.45,-119.649994,2021-11-01 00:00:00,0,0.0
40.45,-119.549995,2021-11-01 00:00:00,0,0.0
40.45,-119.45,2021-11-01 00:00:00,0,0.0
40.45,-119.35,2021-11-01 00:00:00,0,0.0
40.45,-119.25,2021-11-01 00:00:00,0,0.0
40.45,-119.149994,2021-11-01 00:00:00,0,0.0
40.45,-119.049995,2021-11-01 00:00:00,0,0.0
40.45,-118.95,2021-11-01 00:00:00,0,0.0
40.45,-118.85,2021-11-01 00:00:00,0,0.0
40.45,-118.75,2021-11-01 00:00:00,0,0.0
40.45,-118.649994,2021-11-01 00:00:00,0,0.0
40.45,-118.549995,2021-11-01 00:00:00,0,0.0
40.45,-118.45,2021-11-01 00:00:00,0,0.0
40.45,-118.35,2021-11-01 00:00:00,0,0.0
40.45,-118.25,2021-11-01 00:00:00,0,0.0
40.45,-118.149994,2021-11-01 00:00:00,0,0.0
40.45,-118.049995,2021-11-01 00:00:00,0,0.0
40.45,-117.95,2021-11-01 00:00:00,0,0.0
40.45,-117.85,2021-11-01 00:00:00,0,0.0
40.45,-117.75,2021-11-01 00:00:00,0,0.0
40.45,-117.649994,2021-11-01 00:00:00,0,0.0
40.45,-117.549995,2021-11-01 00:00:00,0,0.0
40.45,-117.45,2021-11-01 00:00:00,0,0.0
40.45,-117.35,2021-11-01 00:00:00,0,0.0
40.45,-117.25,2021-11-01 00:00:00,0,0.0
40.45,-117.149994,2021-11-01 00:00:00,0,0.0
40.45,-117.049995,2021-11-01 00:00:00,0,0.0
40.45,-116.95,2021-11-01 00:00:00,0,0.0
40.45,-116.85,2021-11-01 00:00:00,0,0.0
40.45,-116.75,2021-11-01 00:00:00,0,0.0
40.45,-116.649994,2021-11-01 00:00:00,0,0.0
40.45,-116.549995,2021-11-01 00:00:00,0,0.0
40.45,-116.45,2021-11-01 00:00:00,0,0.0
40.45,-116.35,2021-11-01 00:00:00,0,0.0
40.45,-116.25,2021-11-01 00:00:00,0,0.0
40.45,-116.149994,2021-11-01 00:00:00,0,0.0
40.45,-116.049995,2021-11-01 00:00:00,0,0.0
40.45,-115.95,2021-11-01 00:00:00,0,0.0
40.45,-115.85,2021-11-01 00:00:00,0,0.0
40.45,-115.75,2021-11-01 00:00:00,0,0.0
40.45,-115.649994,2021-11-01 00:00:00,0,0.0
40.45,-115.549995,2021-11-01 00:00:00,0,0.0
40.45,-115.45,2021-11-01 00:00:00,0,0.0
40.45,-115.35,2021-11-01 00:00:00,0,0.0
40.45,-115.25,2021-11-01 00:00:00,0,0.0
40.45,-115.149994,2021-11-01 00:00:00,0,0.0
40.45,-115.049995,2021-11-01 00:00:00,0,0.0
40.45,-114.95,2021-11-01 00:00:00,0,0.0
40.45,-114.85,2021-11-01 00:00:00,0,0.0
40.45,-114.75,2021-11-01 00:00:00,0,0.0
40.45,-114.649994,2021-11-01 00:00:00,0,0.0
40.45,-114.549995,2021-11-01 00:00:00,0,0.0
40.45,-114.45,2021-11-01 00:00:00,0,0.0
40.45,-114.35,2021-11-01 00:00:00,0,0.0
40.45,-114.25,2021-11-01 00:00:00,0,0.0
40.55,-124.35,2021-11-01 00:00:00,0,0.24100001
40.55,-124.25,2021-11-01 00:00:00,0,0.223
40.55,-124.149994,2021-11-01 00:00:00,0,0.216
40.55,-124.049995,2021-11-01 00:00:00,0,0.21100001
40.55,-123.95,2021-11-01 00:00:00,0,0.2
40.55,-123.85,2021-11-01 00:00:00,0,0.19500001
40.55,-123.75,2021-11-01 00:00:00,0,0.17300001
40.55,-123.649994,2021-11-01 00:00:00,0,0.16800001
40.55,-123.549995,2021-11-01 00:00:00,0,0.158
40.55,-123.45,2021-11-01 00:00:00,0,0.157
40.55,-123.35,2021-11-01 00:00:00,0,0.15
40.55,-123.25,2021-11-01 00:00:00,0,0.148
40.55,-123.149994,2021-11-01 00:00:00,0,0.13900001
40.55,-123.049995,2021-11-01 00:00:00,0,0.133
40.55,-122.95,2021-11-01 00:00:00,0,0.13000001
40.55,-122.85,2021-11-01 00:00:00,0,0.13100001
40.55,-122.75,2021-11-01 00:00:00,0,0.13100001
40.55,-122.649994,2021-11-01 00:00:00,0,0.13700001
40.55,-122.549995,2021-11-01 00:00:00,0,0.14500001
40.55,-122.45,2021-11-01 00:00:00,0,0.155
40.55,-122.35,2021-11-01 00:00:00,0,0.156
40.55,-122.25,2021-11-01 00:00:00,0,0.147
40.55,-122.149994,2021-11-01 00:00:00,0,0.133
40.55,-122.049995,2021-11-01 00:00:00,0,0.13000001
40.55,-121.95,2021-11-01 00:00:00,0,0.128
40.55,-121.85,2021-11-01 00:00:00,0,0.120000005
40.55,-121.75,2021-11-01 00:00:00,0,0.112
40.55,-121.649994,2021-11-01 00:00:00,0,0.102000006
40.55,-121.549995,2021-11-01 00:00:00,0,0.106000006
40.55,-121.45,2021-11-01 00:00:00,0,0.08800001
40.55,-121.35,2021-11-01 00:00:00,0,0.079
40.55,-121.25,2021-11-01 00:00:00,0,0.067
40.55,-121.149994,2021-11-01 00:00:00,0,0.057000004
40.55,-121.049995,2021-11-01 00:00:00,0,0.049000002
40.55,-120.95,2021-11-01 00:00:00,0,0.036000002
40.55,-120.85,2021-11-01 00:00:00,0,0.035
40.55,-120.75,2021-11-01 00:00:00,0,0.031000001
40.55,-120.649994,2021-11-01 00:00:00,0,0.029000001
40.55,-120.549995,2021-11-01 00:00:00,0,0.027
40.55,-120.45,2021-11-01 00:00:00,0,0.028
40.55,-120.35,2021-11-01 00:00:00,0,0.025
40.55,-120.25,2021-11-01 00:00:00,0,0.023000002
40.55,-120.149994,2021-11-01 00:00:00,0,0.025
40.55,-120.049995,2021-11-01 00:00:00,0,0.026
40.55,-119.95,2021-11-01 00:00:00,0,0.0
40.55,-119.85,2021-11-01 00:00:00,0,0.0
40.55,-119.75,2021-11-01 00:00:00,0,0.0
40.55,-119.649994,2021-11-01 00:00:00,0,0.0
40.55,-119.549995,2021-11-01 00:00:00,0,0.0
40.55,-119.45,2021-11-01 00:00:00,0,0.0
40.55,-119.35,2021-11-01 00:00:00,0,0.0
40.55,-119.25,2021-11-01 00:00:00,0,0.0
40.55,-119.149994,2021-11-01 00:00:00,0,0.0
40.55,-119.049995,2021-11-01 00:00:00,0,0.0
40.55,-118.95,2021-11-01 00:00:00,0,0.0
40.55,-118.85,2021-11-01 00:00:00,0,0.0
40.55,-118.75,2021-11-01 00:00:00,0,0.0
40.55,-118.649994,2021-11-01 00:00:00,0,0.0
40.55,-118.549995,2021-11-01 00:00:00,0,0.0
40.55,-118.45,2021-11-01 00:00:00,0,0.0
40.55,-118.35,2021-11-01 00:00:00,0,0.0
40.55,-118.25,2021-11-01 00:00:00,0,0.0
40.55,-118.149994,2021-11-01 00:00:00,0,0.0
40.55,-118.049995,2021-11-01 00:00:00,0,0.0
40.55,-117.95,2021-11-01 00:00:00,0,0.0
40.55,-117.85,2021-11-01 00:00:00,0,0.0
40.55,-117.75,2021-11-01 00:00:00,0,0.0
40.55,-117.649994,2021-11-01 00:00:00,0,0.0
40.55,-117.549995,2021-11-01 00:00:00,0,0.0
40.55,-117.45,2021-11-01 00:00:00,0,0.0
40.55,-117.35,2021-11-01 00:00:00,0,0.0
40.55,-117.25,2021-11-01 00:00:00,0,0.0
40.55,-117.149994,2021-11-01 00:00:00,0,0.0
40.55,-117.049995,2021-11-01 00:00:00,0,0.0
40.55,-116.95,2021-11-01 00:00:00,0,0.0
40.55,-116.85,2021-11-01 00:00:00,0,0.0
40.55,-116.75,2021-11-01 00:00:00,0,0.0
40.55,-116.649994,2021-11-01 00:00:00,0,0.0
40.55,-116.549995,2021-11-01 00:00:00,0,0.0
40.55,-116.45,2021-11-01 00:00:00,0,0.0
40.55,-116.35,2021-11-01 00:00:00,0,0.0
40.55,-116.25,2021-11-01 00:00:00,0,0.0
40.55,-116.149994,2021-11-01 00:00:00,0,0.0
40.55,-116.049995,2021-11-01 00:00:00,0,0.0
40.55,-115.95,2021-11-01 00:00:00,0,0.0
40.55,-115.85,2021-11-01 00:00:00,0,0.0
40.55,-115.75,2021-11-01 00:00:00,0,0.0
40.55,-115.649994,2021-11-01 00:00:00,0,0.0
40.55,-115.549995,2021-11-01 00:00:00,0,0.0
40.55,-115.45,2021-11-01 00:00:00,0,0.0
40.55,-115.35,2021-11-01 00:00:00,0,0.0
40.55,-115.25,2021-11-01 00:00:00,0,0.0
40.55,-115.149994,2021-11-01 00:00:00,0,0.0
40.55,-115.049995,2021-11-01 00:00:00,0,0.0
40.55,-114.95,2021-11-01 00:00:00,0,0.0
40.55,-114.85,2021-11-01 00:00:00,0,0.0
40.55,-114.75,2021-11-01 00:00:00,0,0.0
40.55,-114.649994,2021-11-01 00:00:00,0,0.0
40.55,-114.549995,2021-11-01 00:00:00,0,0.0
40.55,-114.45,2021-11-01 00:00:00,0,0.0
40.55,-114.35,2021-11-01 00:00:00,0,0.0
40.55,-114.25,2021-11-01 00:00:00,0,0.0
40.649998,-124.35,2021-11-01 00:00:00,0,0.0
40.649998,-124.25,2021-11-01 00:00:00,0,0.23700002
40.649998,-124.149994,2021-11-01 00:00:00,0,0.22600001
40.649998,-124.049995,2021-11-01 00:00:00,0,0.22500001
40.649998,-123.95,2021-11-01 00:00:00,0,0.21100001
40.649998,-123.85,2021-11-01 00:00:00,0,0.19700001
40.649998,-123.75,2021-11-01 00:00:00,0,0.17500001
40.649998,-123.649994,2021-11-01 00:00:00,0,0.16900001
40.649998,-123.549995,2021-11-01 00:00:00,0,0.16100001
40.649998,-123.45,2021-11-01 00:00:00,0,0.164
40.649998,-123.35,2021-11-01 00:00:00,0,0.15900001
40.649998,-123.25,2021-11-01 00:00:00,0,0.158
40.649998,-123.149994,2021-11-01 00:00:00,0,0.15300001
40.649998,-123.049995,2021-11-01 00:00:00,0,0.14600001
40.649998,-122.95,2021-11-01 00:00:00,0,0.142
40.649998,-122.85,2021-11-01 00:00:00,0,0.141
40.649998,-122.75,2021-11-01 00:00:00,0,0.134
40.649998,-122.649994,2021-11-01 00:00:00,0,0.143
40.649998,-122.549995,2021-11-01 00:00:00,0,0.141
40.649998,-122.45,2021-11-01 00:00:00,0,0.14400001
40.649998,-122.35,2021-11-01 00:00:00,0,0.136
40.649998,-122.25,2021-11-01 00:00:00,0,0.12900001
40.649998,-122.149994,2021-11-01 00:00:00,0,0.125
40.649998,-122.049995,2021-11-01 00:00:00,0,0.127
40.649998,-121.95,2021-11-01 00:00:00,0,0.12200001
40.649998,-121.85,2021-11-01 00:00:00,0,0.113000005
40.649998,-121.75,2021-11-01 00:00:00,0,0.109000005
40.649998,-121.649994,2021-11-01 00:00:00,0,0.104
40.649998,-121.549995,2021-11-01 00:00:00,0,0.085
40.649998,-121.45,2021-11-01 00:00:00,0,0.076000005
40.649998,-121.35,2021-11-01 00:00:00,0,0.064
40.649998,-121.25,2021-11-01 00:00:00,0,0.056
40.649998,-121.149994,2021-11-01 00:00:00,0,0.052
40.649998,-121.049995,2021-11-01 00:00:00,0,0.047000002
40.649998,-120.95,2021-11-01 00:00:00,0,0.033
40.649998,-120.85,2021-11-01 00:00:00,0,0.033
40.649998,-120.75,2021-11-01 00:00:00,0,0.033
40.649998,-120.649994,2021-11-01 00:00:00,0,0.030000001
40.649998,-120.549995,2021-11-01 00:00:00,0,0.027
40.649998,-120.45,2021-11-01 00:00:00,0,0.026
40.649998,-120.35,2021-11-01 00:00:00,0,0.024
40.649998,-120.25,2021-11-01 00:00:00,0,0.025
40.649998,-120.149994,2021-11-01 00:00:00,0,0.024
40.649998,-120.049995,2021-11-01 00:00:00,0,0.026
40.649998,-119.95,2021-11-01 00:00:00,0,0.0
40.649998,-119.85,2021-11-01 00:00:00,0,0.0
40.649998,-119.75,2021-11-01 00:00:00,0,0.0
40.649998,-119.649994,2021-11-01 00:00:00,0,0.0
40.649998,-119.549995,2021-11-01 00:00:00,0,0.0
40.649998,-119.45,2021-11-01 00:00:00,0,0.0
40.649998,-119.35,2021-11-01 00:00:00,0,0.0
40.649998,-119.25,2021-11-01 00:00:00,0,0.0
40.649998,-119.149994,2021-11-01 00:00:00,0,0.0
40.649998,-119.049995,2021-11-01 00:00:00,0,0.0
40.649998,-118.95,2021-11-01 00:00:00,0,0.0
40.649998,-118.85,2021-11-01 00:00:00,0,0.0
40.649998,-118.75,2021-11-01 00:00:00,0,0.0
40.649998,-118.649994,2021-11-01 00:00:00,0,0.0
40.649998,-118.549995,2021-11-01 00:00:00,0,0.0
40.649998,-118.45,2021-11-01 00:00:00,0,0.0
40.649998,-118.35,2021-11-01 00:00:00,0,0.0
40.649998,-118.25,2021-11-01 00:00:00,0,0.0
40.649998,-118.149994,2021-11-01 00:00:00,0,0.0
40.649998,-118.049995,2021-11-01 00:00:00,0,0.0
40.649998,-117.95,2021-11-01 00:00:00,0,0.0
40.649998,-117.85,2021-11-01 00:00:00,0,0.0
40.649998,-117.75,2021-11-01 00:00:00,0,0.0
40.649998,-117.649994,2021-11-01 00:00:00,0,0.0
40.649998,-117.549995,2021-11-01 00:00:00,0,0.0
40.649998,-117.45,2021-11-01 00:00:00,0,0.0
40.649998,-117.35,2021-11-01 00:00:00,0,0.0
40.649998,-117.25,2021-11-01 00:00:00,0,0.0
40.649998,-117.149994,2021-11-01 00:00:00,0,0.0
40.649998,-117.049995,2021-11-01 00:00:00,0,0.0
40.649998,-116.95,2021-11-01 00:00:00,0,0.0
40.649998,-116.85,2021-11-01 00:00:00,0,0.0
40.649998,-116.75,2021-11-01 00:00:00,0,0.0
40.649998,-116.649994,2021-11-01 00:00:00,0,0.0
40.649998,-116.549995,2021-11-01 00:00:00,0,0.0
40.649998,-116.45,2021-11-01 00:00:00,0,0.0
40.649998,-116.35,2021-11-01 00:00:00,0,0.0
40.649998,-116.25,2021-11-01 00:00:00,0,0.0
40.649998,-116.149994,2021-11-01 00:00:00,0,0.0
40.649998,-116.049995,2021-11-01 00:00:00,0,0.0
40.649998,-115.95,2021-11-01 00:00:00,0,0.0
40.649998,-115.85,2021-11-01 00:00:00,0,0.0
40.649998,-115.75,2021-11-01 00:00:00,0,0.0
40.649998,-115.649994,2021-11-01 00:00:00,0,0.0
40.649998,-115.549995,2021-11-01 00:00:00,0,0.0
40.649998,-115.45,2021-11-01 00:00:00,0,0.0
40.649998,-115.35,2021-11-01 00:00:00,0,0.0
40.649998,-115.25,2021-11-01 00:00:00,0,0.0
40.649998,-115.149994,2021-11-01 00:00:00,0,0.0
40.649998,-115.049995,2021-11-01 00:00:00,0,0.0
40.649998,-114.95,2021-11-01 00:00:00,0,0.0
40.649998,-114.85,2021-11-01 00:00:00,0,0.0
40.649998,-114.75,2021-11-01 00:00:00,0,0.0
40.649998,-114.649994,2021-11-01 00:00:00,0,0.0
40.649998,-114.549995,2021-11-01 00:00:00,0,0.0
40.649998,-114.45,2021-11-01 00:00:00,0,0.0
40.649998,-114.35,2021-11-01 00:00:00,0,0.0
40.649998,-114.25,2021-11-01 00:00:00,0,0.0
40.75,-124.35,2021-11-01 00:00:00,0,0.0
40.75,-124.25,2021-11-01 00:00:00,0,0.0
40.75,-124.149994,2021-11-01 00:00:00,0,0.24200001
40.75,-124.049995,2021-11-01 00:00:00,0,0.24000001
40.75,-123.95,2021-11-01 00:00:00,0,0.216
40.75,-123.85,2021-11-01 00:00:00,0,0.19800001
40.75,-123.75,2021-11-01 00:00:00,0,0.18100001
40.75,-123.649994,2021-11-01 00:00:00,0,0.17600001
40.75,-123.549995,2021-11-01 00:00:00,0,0.17
40.75,-123.45,2021-11-01 00:00:00,0,0.16600001
40.75,-123.35,2021-11-01 00:00:00,0,0.158
40.75,-123.25,2021-11-01 00:00:00,0,0.156
40.75,-123.149994,2021-11-01 00:00:00,0,0.15300001
40.75,-123.049995,2021-11-01 00:00:00,0,0.15100001
40.75,-122.95,2021-11-01 00:00:00,0,0.14400001
40.75,-122.85,2021-11-01 00:00:00,0,0.13700001
40.75,-122.75,2021-11-01 00:00:00,0,0.135
40.75,-122.649994,2021-11-01 00:00:00,0,0.134
40.75,-122.549995,2021-11-01 00:00:00,0,0.13000001
40.75,-122.45,2021-11-01 00:00:00,0,0.13000001
40.75,-122.35,2021-11-01 00:00:00,0,0.127
40.75,-122.25,2021-11-01 00:00:00,0,0.12900001
40.75,-122.149994,2021-11-01 00:00:00,0,0.128
40.75,-122.049995,2021-11-01 00:00:00,0,0.12200001
40.75,-121.95,2021-11-01 00:00:00,0,0.113000005
40.75,-121.85,2021-11-01 00:00:00,0,0.10300001
40.75,-121.75,2021-11-01 00:00:00,0,0.1
40.75,-121.649994,2021-11-01 00:00:00,0,0.087000005
40.75,-121.549995,2021-11-01 00:00:00,0,0.078
40.75,-121.45,2021-11-01 00:00:00,0,0.068
40.75,-121.35,2021-11-01 00:00:00,0,0.058000002
40.75,-121.25,2021-11-01 00:00:00,0,0.054
40.75,-121.149994,2021-11-01 00:00:00,0,0.045
40.75,-121.049995,2021-11-01 00:00:00,0,0.042000003
40.75,-120.95,2021-11-01 00:00:00,0,0.032
40.75,-120.85,2021-11-01 00:00:00,0,0.031000001
40.75,-120.75,2021-11-01 00:00:00,0,0.031000001
40.75,-120.649994,2021-11-01 00:00:00,0,0.028
40.75,-120.549995,2021-11-01 00:00:00,0,0.025
40.75,-120.45,2021-11-01 00:00:00,0,0.023000002
40.75,-120.35,2021-11-01 00:00:00,0,0.023000002
40.75,-120.25,2021-11-01 00:00:00,0,0.023000002
40.75,-120.149994,2021-11-01 00:00:00,0,0.024
40.75,-120.049995,2021-11-01 00:00:00,0,0.024
40.75,-119.95,2021-11-01 00:00:00,0,0.0
40.75,-119.85,2021-11-01 00:00:00,0,0.0
40.75,-119.75,2021-11-01 00:00:00,0,0.0
40.75,-119.649994,2021-11-01 00:00:00,0,0.0
40.75,-119.549995,2021-11-01 00:00:00,0,0.0
40.75,-119.45,2021-11-01 00:00:00,0,0.0
40.75,-119.35,2021-11-01 00:00:00,0,0.0
40.75,-119.25,2021-11-01 00:00:00,0,0.0
40.75,-119.149994,2021-11-01 00:00:00,0,0.0
40.75,-119.049995,2021-11-01 00:00:00,0,0.0
40.75,-118.95,2021-11-01 00:00:00,0,0.0
40.75,-118.85,2021-11-01 00:00:00,0,0.0
40.75,-118.75,2021-11-01 00:00:00,0,0.0
40.75,-118.649994,2021-11-01 00:00:00,0,0.0
40.75,-118.549995,2021-11-01 00:00:00,0,0.0
40.75,-118.45,2021-11-01 00:00:00,0,0.0
40.75,-118.35,2021-11-01 00:00:00,0,0.0
40.75,-118.25,2021-11-01 00:00:00,0,0.0
40.75,-118.149994,2021-11-01 00:00:00,0,0.0
40.75,-118.049995,2021-11-01 00:00:00,0,0.0
40.75,-117.95,2021-11-01 00:00:00,0,0.0
40.75,-117.85,2021-11-01 00:00:00,0,0.0
40.75,-117.75,2021-11-01 00:00:00,0,0.0
40.75,-117.649994,2021-11-01 00:00:00,0,0.0
40.75,-117.549995,2021-11-01 00:00:00,0,0.0
40.75,-117.45,2021-11-01 00:00:00,0,0.0
40.75,-117.35,2021-11-01 00:00:00,0,0.0
40.75,-117.25,2021-11-01 00:00:00,0,0.0
40.75,-117.149994,2021-11-01 00:00:00,0,0.0
40.75,-117.049995,2021-11-01 00:00:00,0,0.0
40.75,-116.95,2021-11-01 00:00:00,0,0.0
40.75,-116.85,2021-11-01 00:00:00,0,0.0
40.75,-116.75,2021-11-01 00:00:00,0,0.0
40.75,-116.649994,2021-11-01 00:00:00,0,0.0
40.75,-116.549995,2021-11-01 00:00:00,0,0.0
40.75,-116.45,2021-11-01 00:00:00,0,0.0
40.75,-116.35,2021-11-01 00:00:00,0,0.0
40.75,-116.25,2021-11-01 00:00:00,0,0.0
40.75,-116.149994,2021-11-01 00:00:00,0,0.0
40.75,-116.049995,2021-11-01 00:00:00,0,0.0
40.75,-115.95,2021-11-01 00:00:00,0,0.0
40.75,-115.85,2021-11-01 00:00:00,0,0.0
40.75,-115.75,2021-11-01 00:00:00,0,0.0
40.75,-115.649994,2021-11-01 00:00:00,0,0.0
40.75,-115.549995,2021-11-01 00:00:00,0,0.0
40.75,-115.45,2021-11-01 00:00:00,0,0.0
40.75,-115.35,2021-11-01 00:00:00,0,0.0
40.75,-115.25,2021-11-01 00:00:00,0,0.0
40.75,-115.149994,2021-11-01 00:00:00,0,0.0
40.75,-115.049995,2021-11-01 00:00:00,0,0.0
40.75,-114.95,2021-11-01 00:00:00,0,0.0
40.75,-114.85,2021-11-01 00:00:00,0,0.0
40.75,-114.75,2021-11-01 00:00:00,0,0.0
40.75,-114.649994,2021-11-01 00:00:00,0,0.0
40.75,-114.549995,2021-11-01 00:00:00,0,0.0
40.75,-114.45,2021-11-01 00:00:00,0,0.0
40.75,-114.35,2021-11-01 00:00:00,0,0.0
40.75,-114.25,2021-11-01 00:00:00,0,0.0
40.85,-124.35,2021-11-01 00:00:00,0,0.0
40.85,-124.25,2021-11-01 00:00:00,0,0.0
40.85,-124.149994,2021-11-01 00:00:00,0,0.25100002
40.85,-124.049995,2021-11-01 00:00:00,0,0.24100001
40.85,-123.95,2021-11-01 00:00:00,0,0.21200001
40.85,-123.85,2021-11-01 00:00:00,0,0.201
40.85,-123.75,2021-11-01 00:00:00,0,0.20300001
40.85,-123.649994,2021-11-01 00:00:00,0,0.18
40.85,-123.549995,2021-11-01 00:00:00,0,0.17600001
40.85,-123.45,2021-11-01 00:00:00,0,0.163
40.85,-123.35,2021-11-01 00:00:00,0,0.16100001
40.85,-123.25,2021-11-01 00:00:00,0,0.157
40.85,-123.149994,2021-11-01 00:00:00,0,0.155
40.85,-123.049995,2021-11-01 00:00:00,0,0.15
40.85,-122.95,2021-11-01 00:00:00,0,0.142
40.85,-122.85,2021-11-01 00:00:00,0,0.134
40.85,-122.75,2021-11-01 00:00:00,0,0.134
40.85,-122.649994,2021-11-01 00:00:00,0,0.132
40.85,-122.549995,2021-11-01 00:00:00,0,0.134
40.85,-122.45,2021-11-01 00:00:00,0,0.128
40.85,-122.35,2021-11-01 00:00:00,0,0.127
40.85,-122.25,2021-11-01 00:00:00,0,0.141
40.85,-122.149994,2021-11-01 00:00:00,0,0.133
40.85,-122.049995,2021-11-01 00:00:00,0,0.123
40.85,-121.95,2021-11-01 00:00:00,0,0.11000001
40.85,-121.85,2021-11-01 00:00:00,0,0.1
40.85,-121.75,2021-11-01 00:00:00,0,0.091000006
40.85,-121.649994,2021-11-01 00:00:00,0,0.080000006
40.85,-121.549995,2021-11-01 00:00:00,0,0.071
40.85,-121.45,2021-11-01 00:00:00,0,0.062000003
40.85,-121.35,2021-11-01 00:00:00,0,0.056
40.85,-121.25,2021-11-01 00:00:00,0,0.048
40.85,-121.149994,2021-11-01 00:00:00,0,0.042000003
40.85,-121.049995,2021-11-01 00:00:00,0,0.040000003
40.85,-120.95,2021-11-01 00:00:00,0,0.032
40.85,-120.85,2021-11-01 00:00:00,0,0.032
40.85,-120.75,2021-11-01 00:00:00,0,0.031000001
40.85,-120.649994,2021-11-01 00:00:00,0,0.029000001
40.85,-120.549995,2021-11-01 00:00:00,0,0.027
40.85,-120.45,2021-11-01 00:00:00,0,0.023000002
40.85,-120.35,2021-11-01 00:00:00,0,0.022000002
40.85,-120.25,2021-11-01 00:00:00,0,0.022000002
40.85,-120.149994,2021-11-01 00:00:00,0,0.022000002
40.85,-120.049995,2021-11-01 00:00:00,0,0.024
40.85,-119.95,2021-11-01 00:00:00,0,0.0
40.85,-119.85,2021-11-01 00:00:00,0,0.0
40.85,-119.75,2021-11-01 00:00:00,0,0.0
40.85,-119.649994,2021-11-01 00:00:00,0,0.0
40.85,-119.549995,2021-11-01 00:00:00,0,0.0
40.85,-119.45,2021-11-01 00:00:00,0,0.0
40.85,-119.35,2021-11-01 00:00:00,0,0.0
40.85,-119.25,2021-11-01 00:00:00,0,0.0
40.85,-119.149994,2021-11-01 00:00:00,0,0.0
40.85,-119.049995,2021-11-01 00:00:00,0,0.0
40.85,-118.95,2021-11-01 00:00:00,0,0.0
40.85,-118.85,2021-11-01 00:00:00,0,0.0
40.85,-118.75,2021-11-01 00:00:00,0,0.0
40.85,-118.649994,2021-11-01 00:00:00,0,0.0
40.85,-118.549995,2021-11-01 00:00:00,0,0.0
40.85,-118.45,2021-11-01 00:00:00,0,0.0
40.85,-118.35,2021-11-01 00:00:00,0,0.0
40.85,-118.25,2021-11-01 00:00:00,0,0.0
40.85,-118.149994,2021-11-01 00:00:00,0,0.0
40.85,-118.049995,2021-11-01 00:00:00,0,0.0
40.85,-117.95,2021-11-01 00:00:00,0,0.0
40.85,-117.85,2021-11-01 00:00:00,0,0.0
40.85,-117.75,2021-11-01 00:00:00,0,0.0
40.85,-117.649994,2021-11-01 00:00:00,0,0.0
40.85,-117.549995,2021-11-01 00:00:00,0,0.0
40.85,-117.45,2021-11-01 00:00:00,0,0.0
40.85,-117.35,2021-11-01 00:00:00,0,0.0
40.85,-117.25,2021-11-01 00:00:00,0,0.0
40.85,-117.149994,2021-11-01 00:00:00,0,0.0
40.85,-117.049995,2021-11-01 00:00:00,0,0.0
40.85,-116.95,2021-11-01 00:00:00,0,0.0
40.85,-116.85,2021-11-01 00:00:00,0,0.0
40.85,-116.75,2021-11-01 00:00:00,0,0.0
40.85,-116.649994,2021-11-01 00:00:00,0,0.0
40.85,-116.549995,2021-11-01 00:00:00,0,0.0
40.85,-116.45,2021-11-01 00:00:00,0,0.0
40.85,-116.35,2021-11-01 00:00:00,0,0.0
40.85,-116.25,2021-11-01 00:00:00,0,0.0
40.85,-116.149994,2021-11-01 00:00:00,0,0.0
40.85,-116.049995,2021-11-01 00:00:00,0,0.0
40.85,-115.95,2021-11-01 00:00:00,0,0.0
40.85,-115.85,2021-11-01 00:00:00,0,0.0
40.85,-115.75,2021-11-01 00:00:00,0,0.0
40.85,-115.649994,2021-11-01 00:00:00,0,0.0
40.85,-115.549995,2021-11-01 00:00:00,0,0.0
40.85,-115.45,2021-11-01 00:00:00,0,0.0
40.85,-115.35,2021-11-01 00:00:00,0,0.0
40.85,-115.25,2021-11-01 00:00:00,0,0.0
40.85,-115.149994,2021-11-01 00:00:00,0,0.0
40.85,-115.049995,2021-11-01 00:00:00,0,0.0
40.85,-114.95,2021-11-01 00:00:00,0,0.0
40.85,-114.85,2021-11-01 00:00:00,0,0.0
40.85,-114.75,2021-11-01 00:00:00,0,0.0
40.85,-114.649994,2021-11-01 00:00:00,0,0.0
40.85,-114.549995,2021-11-01 00:00:00,0,0.0
40.85,-114.45,2021-11-01 00:00:00,0,0.0
40.85,-114.35,2021-11-01 00:00:00,0,0.0
40.85,-114.25,2021-11-01 00:00:00,0,0.0
40.95,-124.35,2021-11-01 00:00:00,0,0.0
40.95,-124.25,2021-11-01 00:00:00,0,0.0
40.95,-124.149994,2021-11-01 00:00:00,0,0.0
40.95,-124.049995,2021-11-01 00:00:00,0,0.23200001
40.95,-123.95,2021-11-01 00:00:00,0,0.21800001
40.95,-123.85,2021-11-01 00:00:00,0,0.21800001
40.95,-123.75,2021-11-01 00:00:00,0,0.20400001
40.95,-123.649994,2021-11-01 00:00:00,0,0.185
40.95,-123.549995,2021-11-01 00:00:00,0,0.172
40.95,-123.45,2021-11-01 00:00:00,0,0.158
40.95,-123.35,2021-11-01 00:00:00,0,0.15100001
40.95,-123.25,2021-11-01 00:00:00,0,0.147
40.95,-123.149994,2021-11-01 00:00:00,0,0.149
40.95,-123.049995,2021-11-01 00:00:00,0,0.155
40.95,-122.95,2021-11-01 00:00:00,0,0.14600001
40.95,-122.85,2021-11-01 00:00:00,0,0.14400001
40.95,-122.75,2021-11-01 00:00:00,0,0.125
40.95,-122.649994,2021-11-01 00:00:00,0,0.120000005
40.95,-122.549995,2021-11-01 00:00:00,0,0.119
40.95,-122.45,2021-11-01 00:00:00,0,0.112
40.95,-122.35,2021-11-01 00:00:00,0,0.12200001
40.95,-122.25,2021-11-01 00:00:00,0,0.11800001
40.95,-122.149994,2021-11-01 00:00:00,0,0.115
40.95,-122.049995,2021-11-01 00:00:00,0,0.10700001
40.95,-121.95,2021-11-01 00:00:00,0,0.1
40.95,-121.85,2021-11-01 00:00:00,0,0.087000005
40.95,-121.75,2021-11-01 00:00:00,0,0.079
40.95,-121.649994,2021-11-01 00:00:00,0,0.072000004
40.95,-121.549995,2021-11-01 00:00:00,0,0.062000003
40.95,-121.45,2021-11-01 00:00:00,0,0.060000002
40.95,-121.35,2021-11-01 00:00:00,0,0.052
40.95,-121.25,2021-11-01 00:00:00,0,0.043
40.95,-121.149994,2021-11-01 00:00:00,0,0.040000003
40.95,-121.049995,2021-11-01 00:00:00,0,0.036000002
40.95,-120.95,2021-11-01 00:00:00,0,0.031000001
40.95,-120.85,2021-11-01 00:00:00,0,0.030000001
40.95,-120.75,2021-11-01 00:00:00,0,0.027
40.95,-120.649994,2021-11-01 00:00:00,0,0.026
40.95,-120.549995,2021-11-01 00:00:00,0,0.025
40.95,-120.45,2021-11-01 00:00:00,0,0.023000002
40.95,-120.35,2021-11-01 00:00:00,0,0.021000002
40.95,-120.25,2021-11-01 00:00:00,0,0.022000002
40.95,-120.149994,2021-11-01 00:00:00,0,0.022000002
40.95,-120.049995,2021-11-01 00:00:00,0,0.021000002
40.95,-119.95,2021-11-01 00:00:00,0,0.0
40.95,-119.85,2021-11-01 00:00:00,0,0.0
40.95,-119.75,2021-11-01 00:00:00,0,0.0
40.95,-119.649994,2021-11-01 00:00:00,0,0.0
40.95,-119.549995,2021-11-01 00:00:00,0,0.0
40.95,-119.45,2021-11-01 00:00:00,0,0.0
40.95,-119.35,2021-11-01 00:00:00,0,0.0
40.95,-119.25,2021-11-01 00:00:00,0,0.0
40.95,-119.149994,2021-11-01 00:00:00,0,0.0
40.95,-119.049995,2021-11-01 00:00:00,0,0.0
40.95,-118.95,2021-11-01 00:00:00,0,0.0
40.95,-118.85,2021-11-01 00:00:00,0,0.0
40.95,-118.75,2021-11-01 00:00:00,0,0.0
40.95,-118.649994,2021-11-01 00:00:00,0,0.0
40.95,-118.549995,2021-11-01 00:00:00,0,0.0
40.95,-118.45,2021-11-01 00:00:00,0,0.0
40.95,-118.35,2021-11-01 00:00:00,0,0.0
40.95,-118.25,2021-11-01 00:00:00,0,0.0
40.95,-118.149994,2021-11-01 00:00:00,0,0.0
40.95,-118.049995,2021-11-01 00:00:00,0,0.0
40.95,-117.95,2021-11-01 00:00:00,0,0.0
40.95,-117.85,2021-11-01 00:00:00,0,0.0
40.95,-117.75,2021-11-01 00:00:00,0,0.0
40.95,-117.649994,2021-11-01 00:00:00,0,0.0
40.95,-117.549995,2021-11-01 00:00:00,0,0.0
40.95,-117.45,2021-11-01 00:00:00,0,0.0
40.95,-117.35,2021-11-01 00:00:00,0,0.0
40.95,-117.25,2021-11-01 00:00:00,0,0.0
40.95,-117.149994,2021-11-01 00:00:00,0,0.0
40.95,-117.049995,2021-11-01 00:00:00,0,0.0
40.95,-116.95,2021-11-01 00:00:00,0,0.0
40.95,-116.85,2021-11-01 00:00:00,0,0.0
40.95,-116.75,2021-11-01 00:00:00,0,0.0
40.95,-116.649994,2021-11-01 00:00:00,0,0.0
40.95,-116.549995,2021-11-01 00:00:00,0,0.0
40.95,-116.45,2021-11-01 00:00:00,0,0.0
40.95,-116.35,2021-11-01 00:00:00,0,0.0
40.95,-116.25,2021-11-01 00:00:00,0,0.0
40.95,-116.149994,2021-11-01 00:00:00,0,0.0
40.95,-116.049995,2021-11-01 00:00:00,0,0.0
40.95,-115.95,2021-11-01 00:00:00,0,0.0
40.95,-115.85,2021-11-01 00:00:00,0,0.0
40.95,-115.75,2021-11-01 00:00:00,0,0.0
40.95,-115.649994,2021-11-01 00:00:00,0,0.0
40.95,-115.549995,2021-11-01 00:00:00,0,0.0
40.95,-115.45,2021-11-01 00:00:00,0,0.0
40.95,-115.35,2021-11-01 00:00:00,0,0.0
40.95,-115.25,2021-11-01 00:00:00,0,0.0
40.95,-115.149994,2021-11-01 00:00:00,0,0.0
40.95,-115.049995,2021-11-01 00:00:00,0,0.0
40.95,-114.95,2021-11-01 00:00:00,0,0.0
40.95,-114.85,2021-11-01 00:00:00,0,0.0
40.95,-114.75,2021-11-01 00:00:00,0,0.0
40.95,-114.649994,2021-11-01 00:00:00,0,0.0
40.95,-114.549995,2021-11-01 00:00:00,0,0.0
40.95,-114.45,2021-11-01 00:00:00,0,0.0
40.95,-114.35,2021-11-01 00:00:00,0,0.0
40.95,-114.25,2021-11-01 00:00:00,0,0.0
41.05,-124.35,2021-11-01 00:00:00,0,0.0
41.05,-124.25,2021-11-01 00:00:00,0,0.0
41.05,-124.149994,2021-11-01 00:00:00,0,0.0
41.05,-124.049995,2021-11-01 00:00:00,0,0.24000001
41.05,-123.95,2021-11-01 00:00:00,0,0.22500001
41.05,-123.85,2021-11-01 00:00:00,0,0.21900001
41.05,-123.75,2021-11-01 00:00:00,0,0.20500001
41.05,-123.649994,2021-11-01 00:00:00,0,0.18900001
41.05,-123.549995,2021-11-01 00:00:00,0,0.172
41.05,-123.45,2021-11-01 00:00:00,0,0.163
41.05,-123.35,2021-11-01 00:00:00,0,0.15400001
41.05,-123.25,2021-11-01 00:00:00,0,0.155
41.05,-123.149994,2021-11-01 00:00:00,0,0.14500001
41.05,-123.049995,2021-11-01 00:00:00,0,0.14600001
41.05,-122.95,2021-11-01 00:00:00,0,0.135
41.05,-122.85,2021-11-01 00:00:00,0,0.12900001
41.05,-122.75,2021-11-01 00:00:00,0,0.117000006
41.05,-122.649994,2021-11-01 00:00:00,0,0.113000005
41.05,-122.549995,2021-11-01 00:00:00,0,0.11100001
41.05,-122.45,2021-11-01 00:00:00,0,0.11000001
41.05,-122.35,2021-11-01 00:00:00,0,0.10700001
41.05,-122.25,2021-11-01 00:00:00,0,0.106000006
41.05,-122.149994,2021-11-01 00:00:00,0,0.095000006
41.05,-122.049995,2021-11-01 00:00:00,0,0.093
41.05,-121.95,2021-11-01 00:00:00,0,0.085
41.05,-121.85,2021-11-01 00:00:00,0,0.075
41.05,-121.75,2021-11-01 00:00:00,0,0.067
41.05,-121.649994,2021-11-01 00:00:00,0,0.063
41.05,-121.549995,2021-11-01 00:00:00,0,0.058000002
41.05,-121.45,2021-11-01 00:00:00,0,0.053000003
41.05,-121.35,2021-11-01 00:00:00,0,0.05
41.05,-121.25,2021-11-01 00:00:00,0,0.044000003
41.05,-121.149994,2021-11-01 00:00:00,0,0.040000003
41.05,-121.049995,2021-11-01 00:00:00,0,0.036000002
41.05,-120.95,2021-11-01 00:00:00,0,0.033
41.05,-120.85,2021-11-01 00:00:00,0,0.033
41.05,-120.75,2021-11-01 00:00:00,0,0.029000001
41.05,-120.649994,2021-11-01 00:00:00,0,0.028
41.05,-120.549995,2021-11-01 00:00:00,0,0.027
41.05,-120.45,2021-11-01 00:00:00,0,0.026
41.05,-120.35,2021-11-01 00:00:00,0,0.027
41.05,-120.25,2021-11-01 00:00:00,0,0.028
41.05,-120.149994,2021-11-01 00:00:00,0,0.028
41.05,-120.049995,2021-11-01 00:00:00,0,0.027
41.05,-119.95,2021-11-01 00:00:00,0,0.0
41.05,-119.85,2021-11-01 00:00:00,0,0.0
41.05,-119.75,2021-11-01 00:00:00,0,0.0
41.05,-119.649994,2021-11-01 00:00:00,0,0.0
41.05,-119.549995,2021-11-01 00:00:00,0,0.0
41.05,-119.45,2021-11-01 00:00:00,0,0.0
41.05,-119.35,2021-11-01 00:00:00,0,0.0
41.05,-119.25,2021-11-01 00:00:00,0,0.0
41.05,-119.149994,2021-11-01 00:00:00,0,0.0
41.05,-119.049995,2021-11-01 00:00:00,0,0.0
41.05,-118.95,2021-11-01 00:00:00,0,0.0
41.05,-118.85,2021-11-01 00:00:00,0,0.0
41.05,-118.75,2021-11-01 00:00:00,0,0.0
41.05,-118.649994,2021-11-01 00:00:00,0,0.0
41.05,-118.549995,2021-11-01 00:00:00,0,0.0
41.05,-118.45,2021-11-01 00:00:00,0,0.0
41.05,-118.35,2021-11-01 00:00:00,0,0.0
41.05,-118.25,2021-11-01 00:00:00,0,0.0
41.05,-118.149994,2021-11-01 00:00:00,0,0.0
41.05,-118.049995,2021-11-01 00:00:00,0,0.0
41.05,-117.95,2021-11-01 00:00:00,0,0.0
41.05,-117.85,2021-11-01 00:00:00,0,0.0
41.05,-117.75,2021-11-01 00:00:00,0,0.0
41.05,-117.649994,2021-11-01 00:00:00,0,0.0
41.05,-117.549995,2021-11-01 00:00:00,0,0.0
41.05,-117.45,2021-11-01 00:00:00,0,0.0
41.05,-117.35,2021-11-01 00:00:00,0,0.0
41.05,-117.25,2021-11-01 00:00:00,0,0.0
41.05,-117.149994,2021-11-01 00:00:00,0,0.0
41.05,-117.049995,2021-11-01 00:00:00,0,0.0
41.05,-116.95,2021-11-01 00:00:00,0,0.0
41.05,-116.85,2021-11-01 00:00:00,0,0.0
41.05,-116.75,2021-11-01 00:00:00,0,0.0
41.05,-116.649994,2021-11-01 00:00:00,0,0.0
41.05,-116.549995,2021-11-01 00:00:00,0,0.0
41.05,-116.45,2021-11-01 00:00:00,0,0.0
41.05,-116.35,2021-11-01 00:00:00,0,0.0
41.05,-116.25,2021-11-01 00:00:00,0,0.0
41.05,-116.149994,2021-11-01 00:00:00,0,0.0
41.05,-116.049995,2021-11-01 00:00:00,0,0.0
41.05,-115.95,2021-11-01 00:00:00,0,0.0
41.05,-115.85,2021-11-01 00:00:00,0,0.0
41.05,-115.75,2021-11-01 00:00:00,0,0.0
41.05,-115.649994,2021-11-01 00:00:00,0,0.0
41.05,-115.549995,2021-11-01 00:00:00,0,0.0
41.05,-115.45,2021-11-01 00:00:00,0,0.0
41.05,-115.35,2021-11-01 00:00:00,0,0.0
41.05,-115.25,2021-11-01 00:00:00,0,0.0
41.05,-115.149994,2021-11-01 00:00:00,0,0.0
41.05,-115.049995,2021-11-01 00:00:00,0,0.0
41.05,-114.95,2021-11-01 00:00:00,0,0.0
41.05,-114.85,2021-11-01 00:00:00,0,0.0
41.05,-114.75,2021-11-01 00:00:00,0,0.0
41.05,-114.649994,2021-11-01 00:00:00,0,0.0
41.05,-114.549995,2021-11-01 00:00:00,0,0.0
41.05,-114.45,2021-11-01 00:00:00,0,0.0
41.05,-114.35,2021-11-01 00:00:00,0,0.0
41.05,-114.25,2021-11-01 00:00:00,0,0.0
41.149998,-124.35,2021-11-01 00:00:00,0,0.0
41.149998,-124.25,2021-11-01 00:00:00,0,0.0
41.149998,-124.149994,2021-11-01 00:00:00,0,0.0
41.149998,-124.049995,2021-11-01 00:00:00,0,0.25300002
41.149998,-123.95,2021-11-01 00:00:00,0,0.22500001
41.149998,-123.85,2021-11-01 00:00:00,0,0.215
41.149998,-123.75,2021-11-01 00:00:00,0,0.20400001
41.149998,-123.649994,2021-11-01 00:00:00,0,0.19100001
41.149998,-123.549995,2021-11-01 00:00:00,0,0.177
41.149998,-123.45,2021-11-01 00:00:00,0,0.16800001
41.149998,-123.35,2021-11-01 00:00:00,0,0.15900001
41.149998,-123.25,2021-11-01 00:00:00,0,0.15100001
41.149998,-123.149994,2021-11-01 00:00:00,0,0.147
41.149998,-123.049995,2021-11-01 00:00:00,0,0.135
41.149998,-122.95,2021-11-01 00:00:00,0,0.13000001
41.149998,-122.85,2021-11-01 00:00:00,0,0.11800001
41.149998,-122.75,2021-11-01 00:00:00,0,0.11400001
41.149998,-122.649994,2021-11-01 00:00:00,0,0.106000006
41.149998,-122.549995,2021-11-01 00:00:00,0,0.105000004
41.149998,-122.45,2021-11-01 00:00:00,0,0.09900001
41.149998,-122.35,2021-11-01 00:00:00,0,0.10300001
41.149998,-122.25,2021-11-01 00:00:00,0,0.097
41.149998,-122.149994,2021-11-01 00:00:00,0,0.091000006
41.149998,-122.049995,2021-11-01 00:00:00,0,0.083000004
41.149998,-121.95,2021-11-01 00:00:00,0,0.078
41.149998,-121.85,2021-11-01 00:00:00,0,0.07
41.149998,-121.75,2021-11-01 00:00:00,0,0.064
41.149998,-121.649994,2021-11-01 00:00:00,0,0.055000003
41.149998,-121.549995,2021-11-01 00:00:00,0,0.051000003
41.149998,-121.45,2021-11-01 00:00:00,0,0.047000002
41.149998,-121.35,2021-11-01 00:00:00,0,0.043
41.149998,-121.25,2021-11-01 00:00:00,0,0.040000003
41.149998,-121.149994,2021-11-01 00:00:00,0,0.039
41.149998,-121.049995,2021-11-01 00:00:00,0,0.034
41.149998,-120.95,2021-11-01 00:00:00,0,0.032
41.149998,-120.85,2021-11-01 00:00:00,0,0.032
41.149998,-120.75,2021-11-01 00:00:00,0,0.030000001
41.149998,-120.649994,2021-11-01 00:00:00,0,0.028
41.149998,-120.549995,2021-11-01 00:00:00,0,0.028
41.149998,-120.45,2021-11-01 00:00:00,0,0.028
41.149998,-120.35,2021-11-01 00:00:00,0,0.027
41.149998,-120.25,2021-11-01 00:00:00,0,0.035
41.149998,-120.149994,2021-11-01 00:00:00,0,0.035
41.149998,-120.049995,2021-11-01 00:00:00,0,0.030000001
41.149998,-119.95,2021-11-01 00:00:00,0,0.0
41.149998,-119.85,2021-11-01 00:00:00,0,0.0
41.149998,-119.75,2021-11-01 00:00:00,0,0.0
41.149998,-119.649994,2021-11-01 00:00:00,0,0.0
41.149998,-119.549995,2021-11-01 00:00:00,0,0.0
41.149998,-119.45,2021-11-01 00:00:00,0,0.0
41.149998,-119.35,2021-11-01 00:00:00,0,0.0
41.149998,-119.25,2021-11-01 00:00:00,0,0.0
41.149998,-119.149994,2021-11-01 00:00:00,0,0.0
41.149998,-119.049995,2021-11-01 00:00:00,0,0.0
41.149998,-118.95,2021-11-01 00:00:00,0,0.0
41.149998,-118.85,2021-11-01 00:00:00,0,0.0
41.149998,-118.75,2021-11-01 00:00:00,0,0.0
41.149998,-118.649994,2021-11-01 00:00:00,0,0.0
41.149998,-118.549995,2021-11-01 00:00:00,0,0.0
41.149998,-118.45,2021-11-01 00:00:00,0,0.0
41.149998,-118.35,2021-11-01 00:00:00,0,0.0
41.149998,-118.25,2021-11-01 00:00:00,0,0.0
41.149998,-118.149994,2021-11-01 00:00:00,0,0.0
41.149998,-118.049995,2021-11-01 00:00:00,0,0.0
41.149998,-117.95,2021-11-01 00:00:00,0,0.0
41.149998,-117.85,2021-11-01 00:00:00,0,0.0
41.149998,-117.75,2021-11-01 00:00:00,0,0.0
41.149998,-117.649994,2021-11-01 00:00:00,0,0.0
41.149998,-117.549995,2021-11-01 00:00:00,0,0.0
41.149998,-117.45,2021-11-01 00:00:00,0,0.0
41.149998,-117.35,2021-11-01 00:00:00,0,0.0
41.149998,-117.25,2021-11-01 00:00:00,0,0.0
41.149998,-117.149994,2021-11-01 00:00:00,0,0.0
41.149998,-117.049995,2021-11-01 00:00:00,0,0.0
41.149998,-116.95,2021-11-01 00:00:00,0,0.0
41.149998,-116.85,2021-11-01 00:00:00,0,0.0
41.149998,-116.75,2021-11-01 00:00:00,0,0.0
41.149998,-116.649994,2021-11-01 00:00:00,0,0.0
41.149998,-116.549995,2021-11-01 00:00:00,0,0.0
41.149998,-116.45,2021-11-01 00:00:00,0,0.0
41.149998,-116.35,2021-11-01 00:00:00,0,0.0
41.149998,-116.25,2021-11-01 00:00:00,0,0.0
41.149998,-116.149994,2021-11-01 00:00:00,0,0.0
41.149998,-116.049995,2021-11-01 00:00:00,0,0.0
41.149998,-115.95,2021-11-01 00:00:00,0,0.0
41.149998,-115.85,2021-11-01 00:00:00,0,0.0
41.149998,-115.75,2021-11-01 00:00:00,0,0.0
41.149998,-115.649994,2021-11-01 00:00:00,0,0.0
41.149998,-115.549995,2021-11-01 00:00:00,0,0.0
41.149998,-115.45,2021-11-01 00:00:00,0,0.0
41.149998,-115.35,2021-11-01 00:00:00,0,0.0
41.149998,-115.25,2021-11-01 00:00:00,0,0.0
41.149998,-115.149994,2021-11-01 00:00:00,0,0.0
41.149998,-115.049995,2021-11-01 00:00:00,0,0.0
41.149998,-114.95,2021-11-01 00:00:00,0,0.0
41.149998,-114.85,2021-11-01 00:00:00,0,0.0
41.149998,-114.75,2021-11-01 00:00:00,0,0.0
41.149998,-114.649994,2021-11-01 00:00:00,0,0.0
41.149998,-114.549995,2021-11-01 00:00:00,0,0.0
41.149998,-114.45,2021-11-01 00:00:00,0,0.0
41.149998,-114.35,2021-11-01 00:00:00,0,0.0
41.149998,-114.25,2021-11-01 00:00:00,0,0.0
41.25,-124.35,2021-11-01 00:00:00,0,0.0
41.25,-124.25,2021-11-01 00:00:00,0,0.0
41.25,-124.149994,2021-11-01 00:00:00,0,0.0
41.25,-124.049995,2021-11-01 00:00:00,0,0.24300002
41.25,-123.95,2021-11-01 00:00:00,0,0.216
41.25,-123.85,2021-11-01 00:00:00,0,0.21100001
41.25,-123.75,2021-11-01 00:00:00,0,0.201
41.25,-123.649994,2021-11-01 00:00:00,0,0.192
41.25,-123.549995,2021-11-01 00:00:00,0,0.18100001
41.25,-123.45,2021-11-01 00:00:00,0,0.171
41.25,-123.35,2021-11-01 00:00:00,0,0.15900001
41.25,-123.25,2021-11-01 00:00:00,0,0.147
41.25,-123.149994,2021-11-01 00:00:00,0,0.13800001
41.25,-123.049995,2021-11-01 00:00:00,0,0.133
41.25,-122.95,2021-11-01 00:00:00,0,0.11800001
41.25,-122.85,2021-11-01 00:00:00,0,0.11000001
41.25,-122.75,2021-11-01 00:00:00,0,0.106000006
41.25,-122.649994,2021-11-01 00:00:00,0,0.106000006
41.25,-122.549995,2021-11-01 00:00:00,0,0.097
41.25,-122.45,2021-11-01 00:00:00,0,0.097
41.25,-122.35,2021-11-01 00:00:00,0,0.098000005
41.25,-122.25,2021-11-01 00:00:00,0,0.093
41.25,-122.149994,2021-11-01 00:00:00,0,0.083000004
41.25,-122.049995,2021-11-01 00:00:00,0,0.07300001
41.25,-121.95,2021-11-01 00:00:00,0,0.069000006
41.25,-121.85,2021-11-01 00:00:00,0,0.059000004
41.25,-121.75,2021-11-01 00:00:00,0,0.052
41.25,-121.649994,2021-11-01 00:00:00,0,0.047000002
41.25,-121.549995,2021-11-01 00:00:00,0,0.041
41.25,-121.45,2021-11-01 00:00:00,0,0.039
41.25,-121.35,2021-11-01 00:00:00,0,0.038000003
41.25,-121.25,2021-11-01 00:00:00,0,0.034
41.25,-121.149994,2021-11-01 00:00:00,0,0.032
41.25,-121.049995,2021-11-01 00:00:00,0,0.028
41.25,-120.95,2021-11-01 00:00:00,0,0.032
41.25,-120.85,2021-11-01 00:00:00,0,0.033
41.25,-120.75,2021-11-01 00:00:00,0,0.033
41.25,-120.649994,2021-11-01 00:00:00,0,0.034
41.25,-120.549995,2021-11-01 00:00:00,0,0.028
41.25,-120.45,2021-11-01 00:00:00,0,0.030000001
41.25,-120.35,2021-11-01 00:00:00,0,0.034
41.25,-120.25,2021-11-01 00:00:00,0,0.043
41.25,-120.149994,2021-11-01 00:00:00,0,0.040000003
41.25,-120.049995,2021-11-01 00:00:00,0,0.037
41.25,-119.95,2021-11-01 00:00:00,0,0.0
41.25,-119.85,2021-11-01 00:00:00,0,0.0
41.25,-119.75,2021-11-01 00:00:00,0,0.0
41.25,-119.649994,2021-11-01 00:00:00,0,0.0
41.25,-119.549995,2021-11-01 00:00:00,0,0.0
41.25,-119.45,2021-11-01 00:00:00,0,0.0
41.25,-119.35,2021-11-01 00:00:00,0,0.0
41.25,-119.25,2021-11-01 00:00:00,0,0.0
41.25,-119.149994,2021-11-01 00:00:00,0,0.0
41.25,-119.049995,2021-11-01 00:00:00,0,0.0
41.25,-118.95,2021-11-01 00:00:00,0,0.0
41.25,-118.85,2021-11-01 00:00:00,0,0.0
41.25,-118.75,2021-11-01 00:00:00,0,0.0
41.25,-118.649994,2021-11-01 00:00:00,0,0.0
41.25,-118.549995,2021-11-01 00:00:00,0,0.0
41.25,-118.45,2021-11-01 00:00:00,0,0.0
41.25,-118.35,2021-11-01 00:00:00,0,0.0
41.25,-118.25,2021-11-01 00:00:00,0,0.0
41.25,-118.149994,2021-11-01 00:00:00,0,0.0
41.25,-118.049995,2021-11-01 00:00:00,0,0.0
41.25,-117.95,2021-11-01 00:00:00,0,0.0
41.25,-117.85,2021-11-01 00:00:00,0,0.0
41.25,-117.75,2021-11-01 00:00:00,0,0.0
41.25,-117.649994,2021-11-01 00:00:00,0,0.0
41.25,-117.549995,2021-11-01 00:00:00,0,0.0
41.25,-117.45,2021-11-01 00:00:00,0,0.0
41.25,-117.35,2021-11-01 00:00:00,0,0.0
41.25,-117.25,2021-11-01 00:00:00,0,0.0
41.25,-117.149994,2021-11-01 00:00:00,0,0.0
41.25,-117.049995,2021-11-01 00:00:00,0,0.0
41.25,-116.95,2021-11-01 00:00:00,0,0.0
41.25,-116.85,2021-11-01 00:00:00,0,0.0
41.25,-116.75,2021-11-01 00:00:00,0,0.0
41.25,-116.649994,2021-11-01 00:00:00,0,0.0
41.25,-116.549995,2021-11-01 00:00:00,0,0.0
41.25,-116.45,2021-11-01 00:00:00,0,0.0
41.25,-116.35,2021-11-01 00:00:00,0,0.0
41.25,-116.25,2021-11-01 00:00:00,0,0.0
41.25,-116.149994,2021-11-01 00:00:00,0,0.0
41.25,-116.049995,2021-11-01 00:00:00,0,0.0
41.25,-115.95,2021-11-01 00:00:00,0,0.0
41.25,-115.85,2021-11-01 00:00:00,0,0.0
41.25,-115.75,2021-11-01 00:00:00,0,0.0
41.25,-115.649994,2021-11-01 00:00:00,0,0.0
41.25,-115.549995,2021-11-01 00:00:00,0,0.0
41.25,-115.45,2021-11-01 00:00:00,0,0.0
41.25,-115.35,2021-11-01 00:00:00,0,0.0
41.25,-115.25,2021-11-01 00:00:00,0,0.0
41.25,-115.149994,2021-11-01 00:00:00,0,0.0
41.25,-115.049995,2021-11-01 00:00:00,0,0.0
41.25,-114.95,2021-11-01 00:00:00,0,0.0
41.25,-114.85,2021-11-01 00:00:00,0,0.0
41.25,-114.75,2021-11-01 00:00:00,0,0.0
41.25,-114.649994,2021-11-01 00:00:00,0,0.0
41.25,-114.549995,2021-11-01 00:00:00,0,0.0
41.25,-114.45,2021-11-01 00:00:00,0,0.0
41.25,-114.35,2021-11-01 00:00:00,0,0.0
41.25,-114.25,2021-11-01 00:00:00,0,0.0
41.35,-124.35,2021-11-01 00:00:00,0,0.0
41.35,-124.25,2021-11-01 00:00:00,0,0.0
41.35,-124.149994,2021-11-01 00:00:00,0,0.0
41.35,-124.049995,2021-11-01 00:00:00,0,0.246
41.35,-123.95,2021-11-01 00:00:00,0,0.21900001
41.35,-123.85,2021-11-01 00:00:00,0,0.21100001
41.35,-123.75,2021-11-01 00:00:00,0,0.209
41.35,-123.649994,2021-11-01 00:00:00,0,0.19700001
41.35,-123.549995,2021-11-01 00:00:00,0,0.179
41.35,-123.45,2021-11-01 00:00:00,0,0.16600001
41.35,-123.35,2021-11-01 00:00:00,0,0.157
41.35,-123.25,2021-11-01 00:00:00,0,0.15400001
41.35,-123.149994,2021-11-01 00:00:00,0,0.13700001
41.35,-123.049995,2021-11-01 00:00:00,0,0.126
41.35,-122.95,2021-11-01 00:00:00,0,0.11100001
41.35,-122.85,2021-11-01 00:00:00,0,0.10300001
41.35,-122.75,2021-11-01 00:00:00,0,0.102000006
41.35,-122.649994,2021-11-01 00:00:00,0,0.095000006
41.35,-122.549995,2021-11-01 00:00:00,0,0.091000006
41.35,-122.45,2021-11-01 00:00:00,0,0.087000005
41.35,-122.35,2021-11-01 00:00:00,0,0.096
41.35,-122.25,2021-11-01 00:00:00,0,0.108
41.35,-122.149994,2021-11-01 00:00:00,0,0.1
41.35,-122.049995,2021-11-01 00:00:00,0,0.072000004
41.35,-121.95,2021-11-01 00:00:00,0,0.065000005
41.35,-121.85,2021-11-01 00:00:00,0,0.057000004
41.35,-121.75,2021-11-01 00:00:00,0,0.049000002
41.35,-121.649994,2021-11-01 00:00:00,0,0.042000003
41.35,-121.549995,2021-11-01 00:00:00,0,0.037
41.35,-121.45,2021-11-01 00:00:00,0,0.036000002
41.35,-121.35,2021-11-01 00:00:00,0,0.032
41.35,-121.25,2021-11-01 00:00:00,0,0.032
41.35,-121.149994,2021-11-01 00:00:00,0,0.028
41.35,-121.049995,2021-11-01 00:00:00,0,0.024
41.35,-120.95,2021-11-01 00:00:00,0,0.032
41.35,-120.85,2021-11-01 00:00:00,0,0.034
41.35,-120.75,2021-11-01 00:00:00,0,0.032
41.35,-120.649994,2021-11-01 00:00:00,0,0.033
41.35,-120.549995,2021-11-01 00:00:00,0,0.033
41.35,-120.45,2021-11-01 00:00:00,0,0.031000001
41.35,-120.35,2021-11-01 00:00:00,0,0.033
41.35,-120.25,2021-11-01 00:00:00,0,0.035
41.35,-120.149994,2021-11-01 00:00:00,0,0.033
41.35,-120.049995,2021-11-01 00:00:00,0,0.034
41.35,-119.95,2021-11-01 00:00:00,0,0.0
41.35,-119.85,2021-11-01 00:00:00,0,0.0
41.35,-119.75,2021-11-01 00:00:00,0,0.0
41.35,-119.649994,2021-11-01 00:00:00,0,0.0
41.35,-119.549995,2021-11-01 00:00:00,0,0.0
41.35,-119.45,2021-11-01 00:00:00,0,0.0
41.35,-119.35,2021-11-01 00:00:00,0,0.0
41.35,-119.25,2021-11-01 00:00:00,0,0.0
41.35,-119.149994,2021-11-01 00:00:00,0,0.0
41.35,-119.049995,2021-11-01 00:00:00,0,0.0
41.35,-118.95,2021-11-01 00:00:00,0,0.0
41.35,-118.85,2021-11-01 00:00:00,0,0.0
41.35,-118.75,2021-11-01 00:00:00,0,0.0
41.35,-118.649994,2021-11-01 00:00:00,0,0.0
41.35,-118.549995,2021-11-01 00:00:00,0,0.0
41.35,-118.45,2021-11-01 00:00:00,0,0.0
41.35,-118.35,2021-11-01 00:00:00,0,0.0
41.35,-118.25,2021-11-01 00:00:00,0,0.0
41.35,-118.149994,2021-11-01 00:00:00,0,0.0
41.35,-118.049995,2021-11-01 00:00:00,0,0.0
41.35,-117.95,2021-11-01 00:00:00,0,0.0
41.35,-117.85,2021-11-01 00:00:00,0,0.0
41.35,-117.75,2021-11-01 00:00:00,0,0.0
41.35,-117.649994,2021-11-01 00:00:00,0,0.0
41.35,-117.549995,2021-11-01 00:00:00,0,0.0
41.35,-117.45,2021-11-01 00:00:00,0,0.0
41.35,-117.35,2021-11-01 00:00:00,0,0.0
41.35,-117.25,2021-11-01 00:00:00,0,0.0
41.35,-117.149994,2021-11-01 00:00:00,0,0.0
41.35,-117.049995,2021-11-01 00:00:00,0,0.0
41.35,-116.95,2021-11-01 00:00:00,0,0.0
41.35,-116.85,2021-11-01 00:00:00,0,0.0
41.35,-116.75,2021-11-01 00:00:00,0,0.0
41.35,-116.649994,2021-11-01 00:00:00,0,0.0
41.35,-116.549995,2021-11-01 00:00:00,0,0.0
41.35,-116.45,2021-11-01 00:00:00,0,0.0
41.35,-116.35,2021-11-01 00:00:00,0,0.0
41.35,-116.25,2021-11-01 00:00:00,0,0.0
41.35,-116.149994,2021-11-01 00:00:00,0,0.0
41.35,-116.049995,2021-11-01 00:00:00,0,0.0
41.35,-115.95,2021-11-01 00:00:00,0,0.0
41.35,-115.85,2021-11-01 00:00:00,0,0.0
41.35,-115.75,2021-11-01 00:00:00,0,0.0
41.35,-115.649994,2021-11-01 00:00:00,0,0.0
41.35,-115.549995,2021-11-01 00:00:00,0,0.0
41.35,-115.45,2021-11-01 00:00:00,0,0.0
41.35,-115.35,2021-11-01 00:00:00,0,0.0
41.35,-115.25,2021-11-01 00:00:00,0,0.0
41.35,-115.149994,2021-11-01 00:00:00,0,0.0
41.35,-115.049995,2021-11-01 00:00:00,0,0.0
41.35,-114.95,2021-11-01 00:00:00,0,0.0
41.35,-114.85,2021-11-01 00:00:00,0,0.0
41.35,-114.75,2021-11-01 00:00:00,0,0.0
41.35,-114.649994,2021-11-01 00:00:00,0,0.0
41.35,-114.549995,2021-11-01 00:00:00,0,0.0
41.35,-114.45,2021-11-01 00:00:00,0,0.0
41.35,-114.35,2021-11-01 00:00:00,0,0.0
41.35,-114.25,2021-11-01 00:00:00,0,0.0
41.45,-124.35,2021-11-01 00:00:00,0,0.0
41.45,-124.25,2021-11-01 00:00:00,0,0.0
41.45,-124.149994,2021-11-01 00:00:00,0,0.0
41.45,-124.049995,2021-11-01 00:00:00,0,0.264
41.45,-123.95,2021-11-01 00:00:00,0,0.22000001
41.45,-123.85,2021-11-01 00:00:00,0,0.21900001
41.45,-123.75,2021-11-01 00:00:00,0,0.21200001
41.45,-123.649994,2021-11-01 00:00:00,0,0.19500001
41.45,-123.549995,2021-11-01 00:00:00,0,0.18300001
41.45,-123.45,2021-11-01 00:00:00,0,0.177
41.45,-123.35,2021-11-01 00:00:00,0,0.16100001
41.45,-123.25,2021-11-01 00:00:00,0,0.14600001
41.45,-123.149994,2021-11-01 00:00:00,0,0.13100001
41.45,-123.049995,2021-11-01 00:00:00,0,0.119
41.45,-122.95,2021-11-01 00:00:00,0,0.105000004
41.45,-122.85,2021-11-01 00:00:00,0,0.096
41.45,-122.75,2021-11-01 00:00:00,0,0.085
41.45,-122.649994,2021-11-01 00:00:00,0,0.083000004
41.45,-122.549995,2021-11-01 00:00:00,0,0.080000006
41.45,-122.45,2021-11-01 00:00:00,0,0.078
41.45,-122.35,2021-11-01 00:00:00,0,0.091000006
41.45,-122.25,2021-11-01 00:00:00,0,0.091000006
41.45,-122.149994,2021-11-01 00:00:00,0,0.078
41.45,-122.049995,2021-11-01 00:00:00,0,0.067
41.45,-121.95,2021-11-01 00:00:00,0,0.060000002
41.45,-121.85,2021-11-01 00:00:00,0,0.053000003
41.45,-121.75,2021-11-01 00:00:00,0,0.046000004
41.45,-121.649994,2021-11-01 00:00:00,0,0.041
41.45,-121.549995,2021-11-01 00:00:00,0,0.038000003
41.45,-121.45,2021-11-01 00:00:00,0,0.031000001
41.45,-121.35,2021-11-01 00:00:00,0,0.028
41.45,-121.25,2021-11-01 00:00:00,0,0.027
41.45,-121.149994,2021-11-01 00:00:00,0,0.026
41.45,-121.049995,2021-11-01 00:00:00,0,0.024
41.45,-120.95,2021-11-01 00:00:00,0,0.033
41.45,-120.85,2021-11-01 00:00:00,0,0.032
41.45,-120.75,2021-11-01 00:00:00,0,0.032
41.45,-120.649994,2021-11-01 00:00:00,0,0.030000001
41.45,-120.549995,2021-11-01 00:00:00,0,0.033
41.45,-120.45,2021-11-01 00:00:00,0,0.034
41.45,-120.35,2021-11-01 00:00:00,0,0.034
41.45,-120.25,2021-11-01 00:00:00,0,0.033
41.45,-120.149994,2021-11-01 00:00:00,0,0.029000001
41.45,-120.049995,2021-11-01 00:00:00,0,0.032
41.45,-119.95,2021-11-01 00:00:00,0,0.0
41.45,-119.85,2021-11-01 00:00:00,0,0.0
41.45,-119.75,2021-11-01 00:00:00,0,0.0
41.45,-119.649994,2021-11-01 00:00:00,0,0.0
41.45,-119.549995,2021-11-01 00:00:00,0,0.0
41.45,-119.45,2021-11-01 00:00:00,0,0.0
41.45,-119.35,2021-11-01 00:00:00,0,0.0
41.45,-119.25,2021-11-01 00:00:00,0,0.0
41.45,-119.149994,2021-11-01 00:00:00,0,0.0
41.45,-119.049995,2021-11-01 00:00:00,0,0.0
41.45,-118.95,2021-11-01 00:00:00,0,0.0
41.45,-118.85,2021-11-01 00:00:00,0,0.0
41.45,-118.75,2021-11-01 00:00:00,0,0.0
41.45,-118.649994,2021-11-01 00:00:00,0,0.0
41.45,-118.549995,2021-11-01 00:00:00,0,0.0
41.45,-118.45,2021-11-01 00:00:00,0,0.0
41.45,-118.35,2021-11-01 00:00:00,0,0.0
41.45,-118.25,2021-11-01 00:00:00,0,0.0
41.45,-118.149994,2021-11-01 00:00:00,0,0.0
41.45,-118.049995,2021-11-01 00:00:00,0,0.0
41.45,-117.95,2021-11-01 00:00:00,0,0.0
41.45,-117.85,2021-11-01 00:00:00,0,0.0
41.45,-117.75,2021-11-01 00:00:00,0,0.0
41.45,-117.649994,2021-11-01 00:00:00,0,0.0
41.45,-117.549995,2021-11-01 00:00:00,0,0.0
41.45,-117.45,2021-11-01 00:00:00,0,0.0
41.45,-117.35,2021-11-01 00:00:00,0,0.0
41.45,-117.25,2021-11-01 00:00:00,0,0.0
41.45,-117.149994,2021-11-01 00:00:00,0,0.0
41.45,-117.049995,2021-11-01 00:00:00,0,0.0
41.45,-116.95,2021-11-01 00:00:00,0,0.0
41.45,-116.85,2021-11-01 00:00:00,0,0.0
41.45,-116.75,2021-11-01 00:00:00,0,0.0
41.45,-116.649994,2021-11-01 00:00:00,0,0.0
41.45,-116.549995,2021-11-01 00:00:00,0,0.0
41.45,-116.45,2021-11-01 00:00:00,0,0.0
41.45,-116.35,2021-11-01 00:00:00,0,0.0
41.45,-116.25,2021-11-01 00:00:00,0,0.0
41.45,-116.149994,2021-11-01 00:00:00,0,0.0
41.45,-116.049995,2021-11-01 00:00:00,0,0.0
41.45,-115.95,2021-11-01 00:00:00,0,0.0
41.45,-115.85,2021-11-01 00:00:00,0,0.0
41.45,-115.75,2021-11-01 00:00:00,0,0.0
41.45,-115.649994,2021-11-01 00:00:00,0,0.0
41.45,-115.549995,2021-11-01 00:00:00,0,0.0
41.45,-115.45,2021-11-01 00:00:00,0,0.0
41.45,-115.35,2021-11-01 00:00:00,0,0.0
41.45,-115.25,2021-11-01 00:00:00,0,0.0
41.45,-115.149994,2021-11-01 00:00:00,0,0.0
41.45,-115.049995,2021-11-01 00:00:00,0,0.0
41.45,-114.95,2021-11-01 00:00:00,0,0.0
41.45,-114.85,2021-11-01 00:00:00,0,0.0
41.45,-114.75,2021-11-01 00:00:00,0,0.0
41.45,-114.649994,2021-11-01 00:00:00,0,0.0
41.45,-114.549995,2021-11-01 00:00:00,0,0.0
41.45,-114.45,2021-11-01 00:00:00,0,0.0
41.45,-114.35,2021-11-01 00:00:00,0,0.0
41.45,-114.25,2021-11-01 00:00:00,0,0.0
41.55,-124.35,2021-11-01 00:00:00,0,0.0
41.55,-124.25,2021-11-01 00:00:00,0,0.0
41.55,-124.149994,2021-11-01 00:00:00,0,0.0
41.55,-124.049995,2021-11-01 00:00:00,0,0.272
41.55,-123.95,2021-11-01 00:00:00,0,0.22500001
41.55,-123.85,2021-11-01 00:00:00,0,0.22000001
41.55,-123.75,2021-11-01 00:00:00,0,0.223
41.55,-123.649994,2021-11-01 00:00:00,0,0.20400001
41.55,-123.549995,2021-11-01 00:00:00,0,0.19500001
41.55,-123.45,2021-11-01 00:00:00,0,0.18200001
41.55,-123.35,2021-11-01 00:00:00,0,0.165
41.55,-123.25,2021-11-01 00:00:00,0,0.15200001
41.55,-123.149994,2021-11-01 00:00:00,0,0.132
41.55,-123.049995,2021-11-01 00:00:00,0,0.12100001
41.55,-122.95,2021-11-01 00:00:00,0,0.10700001
41.55,-122.85,2021-11-01 00:00:00,0,0.097
41.55,-122.75,2021-11-01 00:00:00,0,0.08400001
41.55,-122.649994,2021-11-01 00:00:00,0,0.080000006
41.55,-122.549995,2021-11-01 00:00:00,0,0.075
41.55,-122.45,2021-11-01 00:00:00,0,0.072000004
41.55,-122.35,2021-11-01 00:00:00,0,0.069000006
41.55,-122.25,2021-11-01 00:00:00,0,0.068
41.55,-122.149994,2021-11-01 00:00:00,0,0.060000002
41.55,-122.049995,2021-11-01 00:00:00,0,0.060000002
41.55,-121.95,2021-11-01 00:00:00,0,0.053000003
41.55,-121.85,2021-11-01 00:00:00,0,0.048
41.55,-121.75,2021-11-01 00:00:00,0,0.043
41.55,-121.649994,2021-11-01 00:00:00,0,0.040000003
41.55,-121.549995,2021-11-01 00:00:00,0,0.034
41.55,-121.45,2021-11-01 00:00:00,0,0.028
41.55,-121.35,2021-11-01 00:00:00,0,0.025
41.55,-121.25,2021-11-01 00:00:00,0,0.026
41.55,-121.149994,2021-11-01 00:00:00,0,0.025
41.55,-121.049995,2021-11-01 00:00:00,0,0.024
41.55,-120.95,2021-11-01 00:00:00,0,0.033
41.55,-120.85,2021-11-01 00:00:00,0,0.033
41.55,-120.75,2021-11-01 00:00:00,0,0.032
41.55,-120.649994,2021-11-01 00:00:00,0,0.029000001
41.55,-120.549995,2021-11-01 00:00:00,0,0.028
41.55,-120.45,2021-11-01 00:00:00,0,0.032
41.55,-120.35,2021-11-01 00:00:00,0,0.034
41.55,-120.25,2021-11-01 00:00:00,0,0.032
41.55,-120.149994,2021-11-01 00:00:00,0,0.034
41.55,-120.049995,2021-11-01 00:00:00,0,0.031000001
41.55,-119.95,2021-11-01 00:00:00,0,0.0
41.55,-119.85,2021-11-01 00:00:00,0,0.0
41.55,-119.75,2021-11-01 00:00:00,0,0.0
41.55,-119.649994,2021-11-01 00:00:00,0,0.0
41.55,-119.549995,2021-11-01 00:00:00,0,0.0
41.55,-119.45,2021-11-01 00:00:00,0,0.0
41.55,-119.35,2021-11-01 00:00:00,0,0.0
41.55,-119.25,2021-11-01 00:00:00,0,0.0
41.55,-119.149994,2021-11-01 00:00:00,0,0.0
41.55,-119.049995,2021-11-01 00:00:00,0,0.0
41.55,-118.95,2021-11-01 00:00:00,0,0.0
41.55,-118.85,2021-11-01 00:00:00,0,0.0
41.55,-118.75,2021-11-01 00:00:00,0,0.0
41.55,-118.649994,2021-11-01 00:00:00,0,0.0
41.55,-118.549995,2021-11-01 00:00:00,0,0.0
41.55,-118.45,2021-11-01 00:00:00,0,0.0
41.55,-118.35,2021-11-01 00:00:00,0,0.0
41.55,-118.25,2021-11-01 00:00:00,0,0.0
41.55,-118.149994,2021-11-01 00:00:00,0,0.0
41.55,-118.049995,2021-11-01 00:00:00,0,0.0
41.55,-117.95,2021-11-01 00:00:00,0,0.0
41.55,-117.85,2021-11-01 00:00:00,0,0.0
41.55,-117.75,2021-11-01 00:00:00,0,0.0
41.55,-117.649994,2021-11-01 00:00:00,0,0.0
41.55,-117.549995,2021-11-01 00:00:00,0,0.0
41.55,-117.45,2021-11-01 00:00:00,0,0.0
41.55,-117.35,2021-11-01 00:00:00,0,0.0
41.55,-117.25,2021-11-01 00:00:00,0,0.0
41.55,-117.149994,2021-11-01 00:00:00,0,0.0
41.55,-117.049995,2021-11-01 00:00:00,0,0.0
41.55,-116.95,2021-11-01 00:00:00,0,0.0
41.55,-116.85,2021-11-01 00:00:00,0,0.0
41.55,-116.75,2021-11-01 00:00:00,0,0.0
41.55,-116.649994,2021-11-01 00:00:00,0,0.0
41.55,-116.549995,2021-11-01 00:00:00,0,0.0
41.55,-116.45,2021-11-01 00:00:00,0,0.0
41.55,-116.35,2021-11-01 00:00:00,0,0.0
41.55,-116.25,2021-11-01 00:00:00,0,0.0
41.55,-116.149994,2021-11-01 00:00:00,0,0.0
41.55,-116.049995,2021-11-01 00:00:00,0,0.0
41.55,-115.95,2021-11-01 00:00:00,0,0.0
41.55,-115.85,2021-11-01 00:00:00,0,0.0
41.55,-115.75,2021-11-01 00:00:00,0,0.0
41.55,-115.649994,2021-11-01 00:00:00,0,0.0
41.55,-115.549995,2021-11-01 00:00:00,0,0.0
41.55,-115.45,2021-11-01 00:00:00,0,0.0
41.55,-115.35,2021-11-01 00:00:00,0,0.0
41.55,-115.25,2021-11-01 00:00:00,0,0.0
41.55,-115.149994,2021-11-01 00:00:00,0,0.0
41.55,-115.049995,2021-11-01 00:00:00,0,0.0
41.55,-114.95,2021-11-01 00:00:00,0,0.0
41.55,-114.85,2021-11-01 00:00:00,0,0.0
41.55,-114.75,2021-11-01 00:00:00,0,0.0
41.55,-114.649994,2021-11-01 00:00:00,0,0.0
41.55,-114.549995,2021-11-01 00:00:00,0,0.0
41.55,-114.45,2021-11-01 00:00:00,0,0.0
41.55,-114.35,2021-11-01 00:00:00,0,0.0
41.55,-114.25,2021-11-01 00:00:00,0,0.0
41.649998,-124.35,2021-11-01 00:00:00,0,0.0
41.649998,-124.25,2021-11-01 00:00:00,0,0.0
41.649998,-124.149994,2021-11-01 00:00:00,0,0.0
41.649998,-124.049995,2021-11-01 00:00:00,0,0.26500002
41.649998,-123.95,2021-11-01 00:00:00,0,0.23300001
41.649998,-123.85,2021-11-01 00:00:00,0,0.23300001
41.649998,-123.75,2021-11-01 00:00:00,0,0.22500001
41.649998,-123.649994,2021-11-01 00:00:00,0,0.215
41.649998,-123.549995,2021-11-01 00:00:00,0,0.19000001
41.649998,-123.45,2021-11-01 00:00:00,0,0.171
41.649998,-123.35,2021-11-01 00:00:00,0,0.15900001
41.649998,-123.25,2021-11-01 00:00:00,0,0.14500001
41.649998,-123.149994,2021-11-01 00:00:00,0,0.12900001
41.649998,-123.049995,2021-11-01 00:00:00,0,0.12200001
41.649998,-122.95,2021-11-01 00:00:00,0,0.10700001
41.649998,-122.85,2021-11-01 00:00:00,0,0.098000005
41.649998,-122.75,2021-11-01 00:00:00,0,0.087000005
41.649998,-122.649994,2021-11-01 00:00:00,0,0.083000004
41.649998,-122.549995,2021-11-01 00:00:00,0,0.075
41.649998,-122.45,2021-11-01 00:00:00,0,0.071
41.649998,-122.35,2021-11-01 00:00:00,0,0.069000006
41.649998,-122.25,2021-11-01 00:00:00,0,0.066
41.649998,-122.149994,2021-11-01 00:00:00,0,0.060000002
41.649998,-122.049995,2021-11-01 00:00:00,0,0.058000002
41.649998,-121.95,2021-11-01 00:00:00,0,0.051000003
41.649998,-121.85,2021-11-01 00:00:00,0,0.046000004
41.649998,-121.75,2021-11-01 00:00:00,0,0.042000003
41.649998,-121.649994,2021-11-01 00:00:00,0,0.039
41.649998,-121.549995,2021-11-01 00:00:00,0,0.035
41.649998,-121.45,2021-11-01 00:00:00,0,0.030000001
41.649998,-121.35,2021-11-01 00:00:00,0,0.029000001
41.649998,-121.25,2021-11-01 00:00:00,0,0.028
41.649998,-121.149994,2021-11-01 00:00:00,0,0.026
41.649998,-121.049995,2021-11-01 00:00:00,0,0.025
41.649998,-120.95,2021-11-01 00:00:00,0,0.038000003
41.649998,-120.85,2021-11-01 00:00:00,0,0.039
41.649998,-120.75,2021-11-01 00:00:00,0,0.037
41.649998,-120.649994,2021-11-01 00:00:00,0,0.035
41.649998,-120.549995,2021-11-01 00:00:00,0,0.035
41.649998,-120.45,2021-11-01 00:00:00,0,0.031000001
41.649998,-120.35,2021-11-01 00:00:00,0,0.031000001
41.649998,-120.25,2021-11-01 00:00:00,0,0.033
41.649998,-120.149994,2021-11-01 00:00:00,0,0.032
41.649998,-120.049995,2021-11-01 00:00:00,0,0.032
41.649998,-119.95,2021-11-01 00:00:00,0,0.0
41.649998,-119.85,2021-11-01 00:00:00,0,0.0
41.649998,-119.75,2021-11-01 00:00:00,0,0.0
41.649998,-119.649994,2021-11-01 00:00:00,0,0.0
41.649998,-119.549995,2021-11-01 00:00:00,0,0.0
41.649998,-119.45,2021-11-01 00:00:00,0,0.0
41.649998,-119.35,2021-11-01 00:00:00,0,0.0
41.649998,-119.25,2021-11-01 00:00:00,0,0.0
41.649998,-119.149994,2021-11-01 00:00:00,0,0.0
41.649998,-119.049995,2021-11-01 00:00:00,0,0.0
41.649998,-118.95,2021-11-01 00:00:00,0,0.0
41.649998,-118.85,2021-11-01 00:00:00,0,0.0
41.649998,-118.75,2021-11-01 00:00:00,0,0.0
41.649998,-118.649994,2021-11-01 00:00:00,0,0.0
41.649998,-118.549995,2021-11-01 00:00:00,0,0.0
41.649998,-118.45,2021-11-01 00:00:00,0,0.0
41.649998,-118.35,2021-11-01 00:00:00,0,0.0
41.649998,-118.25,2021-11-01 00:00:00,0,0.0
41.649998,-118.149994,2021-11-01 00:00:00,0,0.0
41.649998,-118.049995,2021-11-01 00:00:00,0,0.0
41.649998,-117.95,2021-11-01 00:00:00,0,0.0
41.649998,-117.85,2021-11-01 00:00:00,0,0.0
41.649998,-117.75,2021-11-01 00:00:00,0,0.0
41.649998,-117.649994,2021-11-01 00:00:00,0,0.0
41.649998,-117.549995,2021-11-01 00:00:00,0,0.0
41.649998,-117.45,2021-11-01 00:00:00,0,0.0
41.649998,-117.35,2021-11-01 00:00:00,0,0.0
41.649998,-117.25,2021-11-01 00:00:00,0,0.0
41.649998,-117.149994,2021-11-01 00:00:00,0,0.0
41.649998,-117.049995,2021-11-01 00:00:00,0,0.0
41.649998,-116.95,2021-11-01 00:00:00,0,0.0
41.649998,-116.85,2021-11-01 00:00:00,0,0.0
41.649998,-116.75,2021-11-01 00:00:00,0,0.0
41.649998,-116.649994,2021-11-01 00:00:00,0,0.0
41.649998,-116.549995,2021-11-01 00:00:00,0,0.0
41.649998,-116.45,2021-11-01 00:00:00,0,0.0
41.649998,-116.35,2021-11-01 00:00:00,0,0.0
41.649998,-116.25,2021-11-01 00:00:00,0,0.0
41.649998,-116.149994,2021-11-01 00:00:00,0,0.0
41.649998,-116.049995,2021-11-01 00:00:00,0,0.0
41.649998,-115.95,2021-11-01 00:00:00,0,0.0
41.649998,-115.85,2021-11-01 00:00:00,0,0.0
41.649998,-115.75,2021-11-01 00:00:00,0,0.0
41.649998,-115.649994,2021-11-01 00:00:00,0,0.0
41.649998,-115.549995,2021-11-01 00:00:00,0,0.0
41.649998,-115.45,2021-11-01 00:00:00,0,0.0
41.649998,-115.35,2021-11-01 00:00:00,0,0.0
41.649998,-115.25,2021-11-01 00:00:00,0,0.0
41.649998,-115.149994,2021-11-01 00:00:00,0,0.0
41.649998,-115.049995,2021-11-01 00:00:00,0,0.0
41.649998,-114.95,2021-11-01 00:00:00,0,0.0
41.649998,-114.85,2021-11-01 00:00:00,0,0.0
41.649998,-114.75,2021-11-01 00:00:00,0,0.0
41.649998,-114.649994,2021-11-01 00:00:00,0,0.0
41.649998,-114.549995,2021-11-01 00:00:00,0,0.0
41.649998,-114.45,2021-11-01 00:00:00,0,0.0
41.649998,-114.35,2021-11-01 00:00:00,0,0.0
41.649998,-114.25,2021-11-01 00:00:00,0,0.0
41.75,-124.35,2021-11-01 00:00:00,0,0.0
41.75,-124.25,2021-11-01 00:00:00,0,0.0
41.75,-124.149994,2021-11-01 00:00:00,0,0.287
41.75,-124.049995,2021-11-01 00:00:00,0,0.28100002
41.75,-123.95,2021-11-01 00:00:00,0,0.23300001
41.75,-123.85,2021-11-01 00:00:00,0,0.23400001
41.75,-123.75,2021-11-01 00:00:00,0,0.21200001
41.75,-123.649994,2021-11-01 00:00:00,0,0.20400001
41.75,-123.549995,2021-11-01 00:00:00,0,0.178
41.75,-123.45,2021-11-01 00:00:00,0,0.17300001
41.75,-123.35,2021-11-01 00:00:00,0,0.16000001
41.75,-123.25,2021-11-01 00:00:00,0,0.141
41.75,-123.149994,2021-11-01 00:00:00,0,0.135
41.75,-123.049995,2021-11-01 00:00:00,0,0.120000005
41.75,-122.95,2021-11-01 00:00:00,0,0.109000005
41.75,-122.85,2021-11-01 00:00:00,0,0.101
41.75,-122.75,2021-11-01 00:00:00,0,0.093
41.75,-122.649994,2021-11-01 00:00:00,0,0.08400001
41.75,-122.549995,2021-11-01 00:00:00,0,0.079
41.75,-122.45,2021-11-01 00:00:00,0,0.076000005
41.75,-122.35,2021-11-01 00:00:00,0,0.071
41.75,-122.25,2021-11-01 00:00:00,0,0.067
41.75,-122.149994,2021-11-01 00:00:00,0,0.064
41.75,-122.049995,2021-11-01 00:00:00,0,0.060000002
41.75,-121.95,2021-11-01 00:00:00,0,0.051000003
41.75,-121.85,2021-11-01 00:00:00,0,0.047000002
41.75,-121.75,2021-11-01 00:00:00,0,0.044000003
41.75,-121.649994,2021-11-01 00:00:00,0,0.039
41.75,-121.549995,2021-11-01 00:00:00,0,0.039
41.75,-121.45,2021-11-01 00:00:00,0,0.036000002
41.75,-121.35,2021-11-01 00:00:00,0,0.035
41.75,-121.25,2021-11-01 00:00:00,0,0.034
41.75,-121.149994,2021-11-01 00:00:00,0,0.033
41.75,-121.049995,2021-11-01 00:00:00,0,0.029000001
41.75,-120.95,2021-11-01 00:00:00,0,0.040000003
41.75,-120.85,2021-11-01 00:00:00,0,0.044000003
41.75,-120.75,2021-11-01 00:00:00,0,0.040000003
41.75,-120.649994,2021-11-01 00:00:00,0,0.038000003
41.75,-120.549995,2021-11-01 00:00:00,0,0.041
41.75,-120.45,2021-11-01 00:00:00,0,0.034
41.75,-120.35,2021-11-01 00:00:00,0,0.033
41.75,-120.25,2021-11-01 00:00:00,0,0.035
41.75,-120.149994,2021-11-01 00:00:00,0,0.033
41.75,-120.049995,2021-11-01 00:00:00,0,0.033
41.75,-119.95,2021-11-01 00:00:00,0,0.0
41.75,-119.85,2021-11-01 00:00:00,0,0.0
41.75,-119.75,2021-11-01 00:00:00,0,0.0
41.75,-119.649994,2021-11-01 00:00:00,0,0.0
41.75,-119.549995,2021-11-01 00:00:00,0,0.0
41.75,-119.45,2021-11-01 00:00:00,0,0.0
41.75,-119.35,2021-11-01 00:00:00,0,0.0
41.75,-119.25,2021-11-01 00:00:00,0,0.0
41.75,-119.149994,2021-11-01 00:00:00,0,0.0
41.75,-119.049995,2021-11-01 00:00:00,0,0.0
41.75,-118.95,2021-11-01 00:00:00,0,0.0
41.75,-118.85,2021-11-01 00:00:00,0,0.0
41.75,-118.75,2021-11-01 00:00:00,0,0.0
41.75,-118.649994,2021-11-01 00:00:00,0,0.0
41.75,-118.549995,2021-11-01 00:00:00,0,0.0
41.75,-118.45,2021-11-01 00:00:00,0,0.0
41.75,-118.35,2021-11-01 00:00:00,0,0.0
41.75,-118.25,2021-11-01 00:00:00,0,0.0
41.75,-118.149994,2021-11-01 00:00:00,0,0.0
41.75,-118.049995,2021-11-01 00:00:00,0,0.0
41.75,-117.95,2021-11-01 00:00:00,0,0.0
41.75,-117.85,2021-11-01 00:00:00,0,0.0
41.75,-117.75,2021-11-01 00:00:00,0,0.0
41.75,-117.649994,2021-11-01 00:00:00,0,0.0
41.75,-117.549995,2021-11-01 00:00:00,0,0.0
41.75,-117.45,2021-11-01 00:00:00,0,0.0
41.75,-117.35,2021-11-01 00:00:00,0,0.0
41.75,-117.25,2021-11-01 00:00:00,0,0.0
41.75,-117.149994,2021-11-01 00:00:00,0,0.0
41.75,-117.049995,2021-11-01 00:00:00,0,0.0
41.75,-116.95,2021-11-01 00:00:00,0,0.0
41.75,-116.85,2021-11-01 00:00:00,0,0.0
41.75,-116.75,2021-11-01 00:00:00,0,0.0
41.75,-116.649994,2021-11-01 00:00:00,0,0.0
41.75,-116.549995,2021-11-01 00:00:00,0,0.0
41.75,-116.45,2021-11-01 00:00:00,0,0.0
41.75,-116.35,2021-11-01 00:00:00,0,0.0
41.75,-116.25,2021-11-01 00:00:00,0,0.0
41.75,-116.149994,2021-11-01 00:00:00,0,0.0
41.75,-116.049995,2021-11-01 00:00:00,0,0.0
41.75,-115.95,2021-11-01 00:00:00,0,0.0
41.75,-115.85,2021-11-01 00:00:00,0,0.0
41.75,-115.75,2021-11-01 00:00:00,0,0.0
41.75,-115.649994,2021-11-01 00:00:00,0,0.0
41.75,-115.549995,2021-11-01 00:00:00,0,0.0
41.75,-115.45,2021-11-01 00:00:00,0,0.0
41.75,-115.35,2021-11-01 00:00:00,0,0.0
41.75,-115.25,2021-11-01 00:00:00,0,0.0
41.75,-115.149994,2021-11-01 00:00:00,0,0.0
41.75,-115.049995,2021-11-01 00:00:00,0,0.0
41.75,-114.95,2021-11-01 00:00:00,0,0.0
41.75,-114.85,2021-11-01 00:00:00,0,0.0
41.75,-114.75,2021-11-01 00:00:00,0,0.0
41.75,-114.649994,2021-11-01 00:00:00,0,0.0
41.75,-114.549995,2021-11-01 00:00:00,0,0.0
41.75,-114.45,2021-11-01 00:00:00,0,0.0
41.75,-114.35,2021-11-01 00:00:00,0,0.0
41.75,-114.25,2021-11-01 00:00:00,0,0.0
41.85,-124.35,2021-11-01 00:00:00,0,0.0
41.85,-124.25,2021-11-01 00:00:00,0,0.0
41.85,-124.149994,2021-11-01 00:00:00,0,0.29200003
41.85,-124.049995,2021-11-01 00:00:00,0,0.282
41.85,-123.95,2021-11-01 00:00:00,0,0.24100001
41.85,-123.85,2021-11-01 00:00:00,0,0.23
41.85,-123.75,2021-11-01 00:00:00,0,0.20700002
41.85,-123.649994,2021-11-01 00:00:00,0,0.192
41.85,-123.549995,2021-11-01 00:00:00,0,0.18200001
41.85,-123.45,2021-11-01 00:00:00,0,0.163
41.85,-123.35,2021-11-01 00:00:00,0,0.15900001
41.85,-123.25,2021-11-01 00:00:00,0,0.148
41.85,-123.149994,2021-11-01 00:00:00,0,0.13700001
41.85,-123.049995,2021-11-01 00:00:00,0,0.125
41.85,-122.95,2021-11-01 00:00:00,0,0.112
41.85,-122.85,2021-11-01 00:00:00,0,0.102000006
41.85,-122.75,2021-11-01 00:00:00,0,0.091000006
41.85,-122.649994,2021-11-01 00:00:00,0,0.091000006
41.85,-122.549995,2021-11-01 00:00:00,0,0.085
41.85,-122.45,2021-11-01 00:00:00,0,0.079
41.85,-122.35,2021-11-01 00:00:00,0,0.074
41.85,-122.25,2021-11-01 00:00:00,0,0.072000004
41.85,-122.149994,2021-11-01 00:00:00,0,0.068
41.85,-122.049995,2021-11-01 00:00:00,0,0.065000005
41.85,-121.95,2021-11-01 00:00:00,0,0.057000004
41.85,-121.85,2021-11-01 00:00:00,0,0.054
41.85,-121.75,2021-11-01 00:00:00,0,0.048
41.85,-121.649994,2021-11-01 00:00:00,0,0.045
41.85,-121.549995,2021-11-01 00:00:00,0,0.041
41.85,-121.45,2021-11-01 00:00:00,0,0.040000003
41.85,-121.35,2021-11-01 00:00:00,0,0.039
41.85,-121.25,2021-11-01 00:00:00,0,0.039
41.85,-121.149994,2021-11-01 00:00:00,0,0.038000003
41.85,-121.049995,2021-11-01 00:00:00,0,0.031000001
41.85,-120.95,2021-11-01 00:00:00,0,0.040000003
41.85,-120.85,2021-11-01 00:00:00,0,0.042000003
41.85,-120.75,2021-11-01 00:00:00,0,0.040000003
41.85,-120.649994,2021-11-01 00:00:00,0,0.039
41.85,-120.549995,2021-11-01 00:00:00,0,0.039
41.85,-120.45,2021-11-01 00:00:00,0,0.037
41.85,-120.35,2021-11-01 00:00:00,0,0.036000002
41.85,-120.25,2021-11-01 00:00:00,0,0.034
41.85,-120.149994,2021-11-01 00:00:00,0,0.033
41.85,-120.049995,2021-11-01 00:00:00,0,0.033
41.85,-119.95,2021-11-01 00:00:00,0,0.0
41.85,-119.85,2021-11-01 00:00:00,0,0.0
41.85,-119.75,2021-11-01 00:00:00,0,0.0
41.85,-119.649994,2021-11-01 00:00:00,0,0.0
41.85,-119.549995,2021-11-01 00:00:00,0,0.0
41.85,-119.45,2021-11-01 00:00:00,0,0.0
41.85,-119.35,2021-11-01 00:00:00,0,0.0
41.85,-119.25,2021-11-01 00:00:00,0,0.0
41.85,-119.149994,2021-11-01 00:00:00,0,0.0
41.85,-119.049995,2021-11-01 00:00:00,0,0.0
41.85,-118.95,2021-11-01 00:00:00,0,0.0
41.85,-118.85,2021-11-01 00:00:00,0,0.0
41.85,-118.75,2021-11-01 00:00:00,0,0.0
41.85,-118.649994,2021-11-01 00:00:00,0,0.0
41.85,-118.549995,2021-11-01 00:00:00,0,0.0
41.85,-118.45,2021-11-01 00:00:00,0,0.0
41.85,-118.35,2021-11-01 00:00:00,0,0.0
41.85,-118.25,2021-11-01 00:00:00,0,0.0
41.85,-118.149994,2021-11-01 00:00:00,0,0.0
41.85,-118.049995,2021-11-01 00:00:00,0,0.0
41.85,-117.95,2021-11-01 00:00:00,0,0.0
41.85,-117.85,2021-11-01 00:00:00,0,0.0
41.85,-117.75,2021-11-01 00:00:00,0,0.0
41.85,-117.649994,2021-11-01 00:00:00,0,0.0
41.85,-117.549995,2021-11-01 00:00:00,0,0.0
41.85,-117.45,2021-11-01 00:00:00,0,0.0
41.85,-117.35,2021-11-01 00:00:00,0,0.0
41.85,-117.25,2021-11-01 00:00:00,0,0.0
41.85,-117.149994,2021-11-01 00:00:00,0,0.0
41.85,-117.049995,2021-11-01 00:00:00,0,0.0
41.85,-116.95,2021-11-01 00:00:00,0,0.0
41.85,-116.85,2021-11-01 00:00:00,0,0.0
41.85,-116.75,2021-11-01 00:00:00,0,0.0
41.85,-116.649994,2021-11-01 00:00:00,0,0.0
41.85,-116.549995,2021-11-01 00:00:00,0,0.0
41.85,-116.45,2021-11-01 00:00:00,0,0.0
41.85,-116.35,2021-11-01 00:00:00,0,0.0
41.85,-116.25,2021-11-01 00:00:00,0,0.0
41.85,-116.149994,2021-11-01 00:00:00,0,0.0
41.85,-116.049995,2021-11-01 00:00:00,0,0.0
41.85,-115.95,2021-11-01 00:00:00,0,0.0
41.85,-115.85,2021-11-01 00:00:00,0,0.0
41.85,-115.75,2021-11-01 00:00:00,0,0.0
41.85,-115.649994,2021-11-01 00:00:00,0,0.0
41.85,-115.549995,2021-11-01 00:00:00,0,0.0
41.85,-115.45,2021-11-01 00:00:00,0,0.0
41.85,-115.35,2021-11-01 00:00:00,0,0.0
41.85,-115.25,2021-11-01 00:00:00,0,0.0
41.85,-115.149994,2021-11-01 00:00:00,0,0.0
41.85,-115.049995,2021-11-01 00:00:00,0,0.0
41.85,-114.95,2021-11-01 00:00:00,0,0.0
41.85,-114.85,2021-11-01 00:00:00,0,0.0
41.85,-114.75,2021-11-01 00:00:00,0,0.0
41.85,-114.649994,2021-11-01 00:00:00,0,0.0
41.85,-114.549995,2021-11-01 00:00:00,0,0.0
41.85,-114.45,2021-11-01 00:00:00,0,0.0
41.85,-114.35,2021-11-01 00:00:00,0,0.0
41.85,-114.25,2021-11-01 00:00:00,0,0.0
41.95,-124.35,2021-11-01 00:00:00,0,0.0
41.95,-124.25,2021-11-01 00:00:00,0,0.0
41.95,-124.149994,2021-11-01 00:00:00,0,0.303
41.95,-124.049995,2021-11-01 00:00:00,0,0.286
41.95,-123.95,2021-11-01 00:00:00,0,0.245
41.95,-123.85,2021-11-01 00:00:00,0,0.23300001
41.95,-123.75,2021-11-01 00:00:00,0,0.215
41.95,-123.649994,2021-11-01 00:00:00,0,0.19800001
41.95,-123.549995,2021-11-01 00:00:00,0,0.18400002
41.95,-123.45,2021-11-01 00:00:00,0,0.16800001
41.95,-123.35,2021-11-01 00:00:00,0,0.15900001
41.95,-123.25,2021-11-01 00:00:00,0,0.14600001
41.95,-123.149994,2021-11-01 00:00:00,0,0.142
41.95,-123.049995,2021-11-01 00:00:00,0,0.127
41.95,-122.95,2021-11-01 00:00:00,0,0.109000005
41.95,-122.85,2021-11-01 00:00:00,0,0.098000005
41.95,-122.75,2021-11-01 00:00:00,0,0.09200001
41.95,-122.649994,2021-11-01 00:00:00,0,0.089
41.95,-122.549995,2021-11-01 00:00:00,0,0.083000004
41.95,-122.45,2021-11-01 00:00:00,0,0.078
41.95,-122.35,2021-11-01 00:00:00,0,0.074
41.95,-122.25,2021-11-01 00:00:00,0,0.07
41.95,-122.149994,2021-11-01 00:00:00,0,0.066
41.95,-122.049995,2021-11-01 00:00:00,0,0.062000003
41.95,-121.95,2021-11-01 00:00:00,0,0.059000004
41.95,-121.85,2021-11-01 00:00:00,0,0.053000003
41.95,-121.75,2021-11-01 00:00:00,0,0.049000002
41.95,-121.649994,2021-11-01 00:00:00,0,0.045
41.95,-121.549995,2021-11-01 00:00:00,0,0.043
41.95,-121.45,2021-11-01 00:00:00,0,0.040000003
41.95,-121.35,2021-11-01 00:00:00,0,0.041
41.95,-121.25,2021-11-01 00:00:00,0,0.039
41.95,-121.149994,2021-11-01 00:00:00,0,0.035
41.95,-121.049995,2021-11-01 00:00:00,0,0.032
41.95,-120.95,2021-11-01 00:00:00,0,0.045
41.95,-120.85,2021-11-01 00:00:00,0,0.043
41.95,-120.75,2021-11-01 00:00:00,0,0.039
41.95,-120.649994,2021-11-01 00:00:00,0,0.038000003
41.95,-120.549995,2021-11-01 00:00:00,0,0.038000003
41.95,-120.45,2021-11-01 00:00:00,0,0.038000003
41.95,-120.35,2021-11-01 00:00:00,0,0.036000002
41.95,-120.25,2021-11-01 00:00:00,0,0.037
41.95,-120.149994,2021-11-01 00:00:00,0,0.036000002
41.95,-120.049995,2021-11-01 00:00:00,0,0.036000002
41.95,-119.95,2021-11-01 00:00:00,0,0.0
41.95,-119.85,2021-11-01 00:00:00,0,0.0
41.95,-119.75,2021-11-01 00:00:00,0,0.0
41.95,-119.649994,2021-11-01 00:00:00,0,0.0
41.95,-119.549995,2021-11-01 00:00:00,0,0.0
41.95,-119.45,2021-11-01 00:00:00,0,0.0
41.95,-119.35,2021-11-01 00:00:00,0,0.0
41.95,-119.25,2021-11-01 00:00:00,0,0.0
41.95,-119.149994,2021-11-01 00:00:00,0,0.0
41.95,-119.049995,2021-11-01 00:00:00,0,0.0
41.95,-118.95,2021-11-01 00:00:00,0,0.0
41.95,-118.85,2021-11-01 00:00:00,0,0.0
41.95,-118.75,2021-11-01 00:00:00,0,0.0
41.95,-118.649994,2021-11-01 00:00:00,0,0.0
41.95,-118.549995,2021-11-01 00:00:00,0,0.0
41.95,-118.45,2021-11-01 00:00:00,0,0.0
41.95,-118.35,2021-11-01 00:00:00,0,0.0
41.95,-118.25,2021-11-01 00:00:00,0,0.0
41.95,-118.149994,2021-11-01 00:00:00,0,0.0
41.95,-118.049995,2021-11-01 00:00:00,0,0.0
41.95,-117.95,2021-11-01 00:00:00,0,0.0
41.95,-117.85,2021-11-01 00:00:00,0,0.0
41.95,-117.75,2021-11-01 00:00:00,0,0.0
41.95,-117.649994,2021-11-01 00:00:00,0,0.0
41.95,-117.549995,2021-11-01 00:00:00,0,0.0
41.95,-117.45,2021-11-01 00:00:00,0,0.0
41.95,-117.35,2021-11-01 00:00:00,0,0.0
41.95,-117.25,2021-11-01 00:00:00,0,0.0
41.95,-117.149994,2021-11-01 00:00:00,0,0.0
41.95,-117.049995,2021-11-01 00:00:00,0,0.0
41.95,-116.95,2021-11-01 00:00:00,0,0.0
41.95,-116.85,2021-11-01 00:00:00,0,0.0
41.95,-116.75,2021-11-01 00:00:00,0,0.0
41.95,-116.649994,2021-11-01 00:00:00,0,0.0
41.95,-116.549995,2021-11-01 00:00:00,0,0.0
41.95,-116.45,2021-11-01 00:00:00,0,0.0
41.95,-116.35,2021-11-01 00:00:00,0,0.0
41.95,-116.25,2021-11-01 00:00:00,0,0.0
41.95,-116.149994,2021-11-01 00:00:00,0,0.0
41.95,-116.049995,2021-11-01 00:00:00,0,0.0
41.95,-115.95,2021-11-01 00:00:00,0,0.0
41.95,-115.85,2021-11-01 00:00:00,0,0.0
41.95,-115.75,2021-11-01 00:00:00,0,0.0
41.95,-115.649994,2021-11-01 00:00:00,0,0.0
41.95,-115.549995,2021-11-01 00:00:00,0,0.0
41.95,-115.45,2021-11-01 00:00:00,0,0.0
41.95,-115.35,2021-11-01 00:00:00,0,0.0
41.95,-115.25,2021-11-01 00:00:00,0,0.0
41.95,-115.149994,2021-11-01 00:00:00,0,0.0
41.95,-115.049995,2021-11-01 00:00:00,0,0.0
41.95,-114.95,2021-11-01 00:00:00,0,0.0
41.95,-114.85,2021-11-01 00:00:00,0,0.0
41.95,-114.75,2021-11-01 00:00:00,0,0.0
41.95,-114.649994,2021-11-01 00:00:00,0,0.0
41.95,-114.549995,2021-11-01 00:00:00,0,0.0
41.95,-114.45,2021-11-01 00:00:00,0,0.0
41.95,-114.35,2021-11-01 00:00:00,0,0.0
41.95,-114.25,2021-11-01 00:00:00,0,0.0
