lat,lon,time,spatial_ref,precipitationCal
32.55,-124.34999,2016-05-26 00:00:00,0,0.0
32.55,-124.25,2016-05-26 00:00:00,0,0.0
32.55,-124.149994,2016-05-26 00:00:00,0,0.0
32.55,-124.049995,2016-05-26 00:00:00,0,0.0
32.55,-123.95,2016-05-26 00:00:00,0,0.0
32.55,-123.84999,2016-05-26 00:00:00,0,0.0
32.55,-123.75,2016-05-26 00:00:00,0,0.0
32.55,-123.649994,2016-05-26 00:00:00,0,0.0
32.55,-123.549995,2016-05-26 00:00:00,0,0.0
32.55,-123.45,2016-05-26 00:00:00,0,0.0
32.55,-123.34999,2016-05-26 00:00:00,0,0.0
32.55,-123.25,2016-05-26 00:00:00,0,0.0
32.55,-123.149994,2016-05-26 00:00:00,0,0.0
32.55,-123.049995,2016-05-26 00:00:00,0,0.0
32.55,-122.95,2016-05-26 00:00:00,0,0.0
32.55,-122.84999,2016-05-26 00:00:00,0,0.0
32.55,-122.75,2016-05-26 00:00:00,0,0.0
32.55,-122.649994,2016-05-26 00:00:00,0,0.0
32.55,-122.549995,2016-05-26 00:00:00,0,0.0
32.55,-122.45,2016-05-26 00:00:00,0,0.0
32.55,-122.34999,2016-05-26 00:00:00,0,0.0
32.55,-122.25,2016-05-26 00:00:00,0,0.0
32.55,-122.149994,2016-05-26 00:00:00,0,0.0
32.55,-122.049995,2016-05-26 00:00:00,0,0.0
32.55,-121.95,2016-05-26 00:00:00,0,0.0
32.55,-121.84999,2016-05-26 00:00:00,0,0.0
32.55,-121.75,2016-05-26 00:00:00,0,0.0
32.55,-121.649994,2016-05-26 00:00:00,0,0.0
32.55,-121.549995,2016-05-26 00:00:00,0,0.0
32.55,-121.45,2016-05-26 00:00:00,0,0.0
32.55,-121.34999,2016-05-26 00:00:00,0,0.0
32.55,-121.25,2016-05-26 00:00:00,0,0.0
32.55,-121.149994,2016-05-26 00:00:00,0,0.0
32.55,-121.049995,2016-05-26 00:00:00,0,0.0
32.55,-120.95,2016-05-26 00:00:00,0,0.0
32.55,-120.84999,2016-05-26 00:00:00,0,0.0
32.55,-120.75,2016-05-26 00:00:00,0,0.0
32.55,-120.649994,2016-05-26 00:00:00,0,0.0
32.55,-120.549995,2016-05-26 00:00:00,0,0.0
32.55,-120.45,2016-05-26 00:00:00,0,0.0
32.55,-120.34999,2016-05-26 00:00:00,0,0.0
32.55,-120.25,2016-05-26 00:00:00,0,0.0
32.55,-120.149994,2016-05-26 00:00:00,0,0.0
32.55,-120.049995,2016-05-26 00:00:00,0,0.0
32.55,-119.95,2016-05-26 00:00:00,0,0.0
32.55,-119.84999,2016-05-26 00:00:00,0,0.0
32.55,-119.75,2016-05-26 00:00:00,0,0.0
32.55,-119.649994,2016-05-26 00:00:00,0,0.0
32.55,-119.549995,2016-05-26 00:00:00,0,0.0
32.55,-119.45,2016-05-26 00:00:00,0,0.0
32.55,-119.34999,2016-05-26 00:00:00,0,0.0
32.55,-119.25,2016-05-26 00:00:00,0,0.0
32.55,-119.149994,2016-05-26 00:00:00,0,0.0
32.55,-119.049995,2016-05-26 00:00:00,0,0.0
32.55,-118.95,2016-05-26 00:00:00,0,0.0
32.55,-118.84999,2016-05-26 00:00:00,0,0.0
32.55,-118.75,2016-05-26 00:00:00,0,0.0
32.55,-118.649994,2016-05-26 00:00:00,0,0.0
32.55,-118.549995,2016-05-26 00:00:00,0,0.0
32.55,-118.45,2016-05-26 00:00:00,0,0.0
32.55,-118.34999,2016-05-26 00:00:00,0,0.0
32.55,-118.25,2016-05-26 00:00:00,0,0.0
32.55,-118.149994,2016-05-26 00:00:00,0,0.0
32.55,-118.049995,2016-05-26 00:00:00,0,0.0
32.55,-117.95,2016-05-26 00:00:00,0,0.0
32.55,-117.84999,2016-05-26 00:00:00,0,0.0
32.55,-117.75,2016-05-26 00:00:00,0,0.0
32.55,-117.649994,2016-05-26 00:00:00,0,0.0
32.55,-117.549995,2016-05-26 00:00:00,0,0.0
32.55,-117.45,2016-05-26 00:00:00,0,0.0
32.55,-117.34999,2016-05-26 00:00:00,0,0.0
32.55,-117.25,2016-05-26 00:00:00,0,0.0
32.55,-117.149994,2016-05-26 00:00:00,0,0.0
32.55,-117.049995,2016-05-26 00:00:00,0,0.0
32.55,-116.95,2016-05-26 00:00:00,0,0.0
32.55,-116.84999,2016-05-26 00:00:00,0,0.0
32.55,-116.75,2016-05-26 00:00:00,0,0.0
32.55,-116.649994,2016-05-26 00:00:00,0,0.0
32.55,-116.549995,2016-05-26 00:00:00,0,0.0
32.55,-116.45,2016-05-26 00:00:00,0,0.0
32.55,-116.34999,2016-05-26 00:00:00,0,0.0
32.55,-116.25,2016-05-26 00:00:00,0,0.0
32.55,-116.149994,2016-05-26 00:00:00,0,0.0
32.55,-116.049995,2016-05-26 00:00:00,0,0.0
32.55,-115.95,2016-05-26 00:00:00,0,0.0
32.55,-115.85,2016-05-26 00:00:00,0,0.0
32.55,-115.74999,2016-05-26 00:00:00,0,0.0
32.55,-115.649994,2016-05-26 00:00:00,0,0.0
32.55,-115.549995,2016-05-26 00:00:00,0,0.0
32.55,-115.45,2016-05-26 00:00:00,0,0.0
32.55,-115.35,2016-05-26 00:00:00,0,0.0
32.55,-115.24999,2016-05-26 00:00:00,0,0.0
32.55,-115.149994,2016-05-26 00:00:00,0,0.0
32.55,-115.049995,2016-05-26 00:00:00,0,0.0
32.55,-114.95,2016-05-26 00:00:00,0,0.0
32.55,-114.85,2016-05-26 00:00:00,0,0.0
32.55,-114.74999,2016-05-26 00:00:00,0,0.0
32.55,-114.649994,2016-05-26 00:00:00,0,0.0
32.55,-114.549995,2016-05-26 00:00:00,0,0.0
32.55,-114.45,2016-05-26 00:00:00,0,0.0
32.55,-114.35,2016-05-26 00:00:00,0,0.0
32.55,-114.24999,2016-05-26 00:00:00,0,0.0
32.649998,-124.34999,2016-05-26 00:00:00,0,0.0
32.649998,-124.25,2016-05-26 00:00:00,0,0.0
32.649998,-124.149994,2016-05-26 00:00:00,0,0.0
32.649998,-124.049995,2016-05-26 00:00:00,0,0.0
32.649998,-123.95,2016-05-26 00:00:00,0,0.0
32.649998,-123.84999,2016-05-26 00:00:00,0,0.0
32.649998,-123.75,2016-05-26 00:00:00,0,0.0
32.649998,-123.649994,2016-05-26 00:00:00,0,0.0
32.649998,-123.549995,2016-05-26 00:00:00,0,0.0
32.649998,-123.45,2016-05-26 00:00:00,0,0.0
32.649998,-123.34999,2016-05-26 00:00:00,0,0.0
32.649998,-123.25,2016-05-26 00:00:00,0,0.0
32.649998,-123.149994,2016-05-26 00:00:00,0,0.0
32.649998,-123.049995,2016-05-26 00:00:00,0,0.0
32.649998,-122.95,2016-05-26 00:00:00,0,0.0
32.649998,-122.84999,2016-05-26 00:00:00,0,0.0
32.649998,-122.75,2016-05-26 00:00:00,0,0.0
32.649998,-122.649994,2016-05-26 00:00:00,0,0.0
32.649998,-122.549995,2016-05-26 00:00:00,0,0.0
32.649998,-122.45,2016-05-26 00:00:00,0,0.0
32.649998,-122.34999,2016-05-26 00:00:00,0,0.0
32.649998,-122.25,2016-05-26 00:00:00,0,0.0
32.649998,-122.149994,2016-05-26 00:00:00,0,0.0
32.649998,-122.049995,2016-05-26 00:00:00,0,0.0
32.649998,-121.95,2016-05-26 00:00:00,0,0.0
32.649998,-121.84999,2016-05-26 00:00:00,0,0.0
32.649998,-121.75,2016-05-26 00:00:00,0,0.0
32.649998,-121.649994,2016-05-26 00:00:00,0,0.0
32.649998,-121.549995,2016-05-26 00:00:00,0,0.0
32.649998,-121.45,2016-05-26 00:00:00,0,0.0
32.649998,-121.34999,2016-05-26 00:00:00,0,0.0
32.649998,-121.25,2016-05-26 00:00:00,0,0.0
32.649998,-121.149994,2016-05-26 00:00:00,0,0.0
32.649998,-121.049995,2016-05-26 00:00:00,0,0.0
32.649998,-120.95,2016-05-26 00:00:00,0,0.0
32.649998,-120.84999,2016-05-26 00:00:00,0,0.0
32.649998,-120.75,2016-05-26 00:00:00,0,0.0
32.649998,-120.649994,2016-05-26 00:00:00,0,0.0
32.649998,-120.549995,2016-05-26 00:00:00,0,0.0
32.649998,-120.45,2016-05-26 00:00:00,0,0.0
32.649998,-120.34999,2016-05-26 00:00:00,0,0.0
32.649998,-120.25,2016-05-26 00:00:00,0,0.0
32.649998,-120.149994,2016-05-26 00:00:00,0,0.0
32.649998,-120.049995,2016-05-26 00:00:00,0,0.0
32.649998,-119.95,2016-05-26 00:00:00,0,0.0
32.649998,-119.84999,2016-05-26 00:00:00,0,0.0
32.649998,-119.75,2016-05-26 00:00:00,0,0.0
32.649998,-119.649994,2016-05-26 00:00:00,0,0.0
32.649998,-119.549995,2016-05-26 00:00:00,0,0.0
32.649998,-119.45,2016-05-26 00:00:00,0,0.0
32.649998,-119.34999,2016-05-26 00:00:00,0,0.0
32.649998,-119.25,2016-05-26 00:00:00,0,0.0
32.649998,-119.149994,2016-05-26 00:00:00,0,0.0
32.649998,-119.049995,2016-05-26 00:00:00,0,0.0
32.649998,-118.95,2016-05-26 00:00:00,0,0.0
32.649998,-118.84999,2016-05-26 00:00:00,0,0.0
32.649998,-118.75,2016-05-26 00:00:00,0,0.0
32.649998,-118.649994,2016-05-26 00:00:00,0,0.0
32.649998,-118.549995,2016-05-26 00:00:00,0,0.0
32.649998,-118.45,2016-05-26 00:00:00,0,0.0
32.649998,-118.34999,2016-05-26 00:00:00,0,0.0
32.649998,-118.25,2016-05-26 00:00:00,0,0.0
32.649998,-118.149994,2016-05-26 00:00:00,0,0.0
32.649998,-118.049995,2016-05-26 00:00:00,0,0.0
32.649998,-117.95,2016-05-26 00:00:00,0,0.0
32.649998,-117.84999,2016-05-26 00:00:00,0,0.0
32.649998,-117.75,2016-05-26 00:00:00,0,0.0
32.649998,-117.649994,2016-05-26 00:00:00,0,0.0
32.649998,-117.549995,2016-05-26 00:00:00,0,0.0
32.649998,-117.45,2016-05-26 00:00:00,0,0.0
32.649998,-117.34999,2016-05-26 00:00:00,0,0.0
32.649998,-117.25,2016-05-26 00:00:00,0,0.0
32.649998,-117.149994,2016-05-26 00:00:00,0,0.0
32.649998,-117.049995,2016-05-26 00:00:00,0,0.0
32.649998,-116.95,2016-05-26 00:00:00,0,0.0
32.649998,-116.84999,2016-05-26 00:00:00,0,0.0
32.649998,-116.75,2016-05-26 00:00:00,0,0.0
32.649998,-116.649994,2016-05-26 00:00:00,0,0.0
32.649998,-116.549995,2016-05-26 00:00:00,0,0.0
32.649998,-116.45,2016-05-26 00:00:00,0,0.0
32.649998,-116.34999,2016-05-26 00:00:00,0,0.0
32.649998,-116.25,2016-05-26 00:00:00,0,0.0
32.649998,-116.149994,2016-05-26 00:00:00,0,0.0
32.649998,-116.049995,2016-05-26 00:00:00,0,0.0
32.649998,-115.95,2016-05-26 00:00:00,0,0.0
32.649998,-115.85,2016-05-26 00:00:00,0,0.0
32.649998,-115.74999,2016-05-26 00:00:00,0,0.0
32.649998,-115.649994,2016-05-26 00:00:00,0,0.0
32.649998,-115.549995,2016-05-26 00:00:00,0,0.0
32.649998,-115.45,2016-05-26 00:00:00,0,0.0
32.649998,-115.35,2016-05-26 00:00:00,0,0.0
32.649998,-115.24999,2016-05-26 00:00:00,0,0.0
32.649998,-115.149994,2016-05-26 00:00:00,0,0.0
32.649998,-115.049995,2016-05-26 00:00:00,0,0.0
32.649998,-114.95,2016-05-26 00:00:00,0,0.0
32.649998,-114.85,2016-05-26 00:00:00,0,0.0
32.649998,-114.74999,2016-05-26 00:00:00,0,0.0
32.649998,-114.649994,2016-05-26 00:00:00,0,0.0
32.649998,-114.549995,2016-05-26 00:00:00,0,0.0
32.649998,-114.45,2016-05-26 00:00:00,0,0.0
32.649998,-114.35,2016-05-26 00:00:00,0,0.0
32.649998,-114.24999,2016-05-26 00:00:00,0,0.0
32.750004,-124.34999,2016-05-26 00:00:00,0,0.0
32.750004,-124.25,2016-05-26 00:00:00,0,0.0
32.750004,-124.149994,2016-05-26 00:00:00,0,0.0
32.750004,-124.049995,2016-05-26 00:00:00,0,0.0
32.750004,-123.95,2016-05-26 00:00:00,0,0.0
32.750004,-123.84999,2016-05-26 00:00:00,0,0.0
32.750004,-123.75,2016-05-26 00:00:00,0,0.0
32.750004,-123.649994,2016-05-26 00:00:00,0,0.0
32.750004,-123.549995,2016-05-26 00:00:00,0,0.0
32.750004,-123.45,2016-05-26 00:00:00,0,0.0
32.750004,-123.34999,2016-05-26 00:00:00,0,0.0
32.750004,-123.25,2016-05-26 00:00:00,0,0.0
32.750004,-123.149994,2016-05-26 00:00:00,0,0.0
32.750004,-123.049995,2016-05-26 00:00:00,0,0.0
32.750004,-122.95,2016-05-26 00:00:00,0,0.0
32.750004,-122.84999,2016-05-26 00:00:00,0,0.0
32.750004,-122.75,2016-05-26 00:00:00,0,0.0
32.750004,-122.649994,2016-05-26 00:00:00,0,0.0
32.750004,-122.549995,2016-05-26 00:00:00,0,0.0
32.750004,-122.45,2016-05-26 00:00:00,0,0.0
32.750004,-122.34999,2016-05-26 00:00:00,0,0.0
32.750004,-122.25,2016-05-26 00:00:00,0,0.0
32.750004,-122.149994,2016-05-26 00:00:00,0,0.0
32.750004,-122.049995,2016-05-26 00:00:00,0,0.0
32.750004,-121.95,2016-05-26 00:00:00,0,0.0
32.750004,-121.84999,2016-05-26 00:00:00,0,0.0
32.750004,-121.75,2016-05-26 00:00:00,0,0.0
32.750004,-121.649994,2016-05-26 00:00:00,0,0.0
32.750004,-121.549995,2016-05-26 00:00:00,0,0.0
32.750004,-121.45,2016-05-26 00:00:00,0,0.0
32.750004,-121.34999,2016-05-26 00:00:00,0,0.0
32.750004,-121.25,2016-05-26 00:00:00,0,0.0
32.750004,-121.149994,2016-05-26 00:00:00,0,0.0
32.750004,-121.049995,2016-05-26 00:00:00,0,0.0
32.750004,-120.95,2016-05-26 00:00:00,0,0.0
32.750004,-120.84999,2016-05-26 00:00:00,0,0.0
32.750004,-120.75,2016-05-26 00:00:00,0,0.0
32.750004,-120.649994,2016-05-26 00:00:00,0,0.0
32.750004,-120.549995,2016-05-26 00:00:00,0,0.0
32.750004,-120.45,2016-05-26 00:00:00,0,0.0
32.750004,-120.34999,2016-05-26 00:00:00,0,0.0
32.750004,-120.25,2016-05-26 00:00:00,0,0.0
32.750004,-120.149994,2016-05-26 00:00:00,0,0.0
32.750004,-120.049995,2016-05-26 00:00:00,0,0.0
32.750004,-119.95,2016-05-26 00:00:00,0,0.0
32.750004,-119.84999,2016-05-26 00:00:00,0,0.0
32.750004,-119.75,2016-05-26 00:00:00,0,0.0
32.750004,-119.649994,2016-05-26 00:00:00,0,0.0
32.750004,-119.549995,2016-05-26 00:00:00,0,0.0
32.750004,-119.45,2016-05-26 00:00:00,0,0.0
32.750004,-119.34999,2016-05-26 00:00:00,0,0.0
32.750004,-119.25,2016-05-26 00:00:00,0,0.0
32.750004,-119.149994,2016-05-26 00:00:00,0,0.0
32.750004,-119.049995,2016-05-26 00:00:00,0,0.0
32.750004,-118.95,2016-05-26 00:00:00,0,0.0
32.750004,-118.84999,2016-05-26 00:00:00,0,0.0
32.750004,-118.75,2016-05-26 00:00:00,0,0.0
32.750004,-118.649994,2016-05-26 00:00:00,0,0.0
32.750004,-118.549995,2016-05-26 00:00:00,0,0.0
32.750004,-118.45,2016-05-26 00:00:00,0,0.0
32.750004,-118.34999,2016-05-26 00:00:00,0,0.0
32.750004,-118.25,2016-05-26 00:00:00,0,0.0
32.750004,-118.149994,2016-05-26 00:00:00,0,0.0
32.750004,-118.049995,2016-05-26 00:00:00,0,0.0
32.750004,-117.95,2016-05-26 00:00:00,0,0.0
32.750004,-117.84999,2016-05-26 00:00:00,0,0.0
32.750004,-117.75,2016-05-26 00:00:00,0,0.0
32.750004,-117.649994,2016-05-26 00:00:00,0,0.0
32.750004,-117.549995,2016-05-26 00:00:00,0,0.0
32.750004,-117.45,2016-05-26 00:00:00,0,0.0
32.750004,-117.34999,2016-05-26 00:00:00,0,0.0
32.750004,-117.25,2016-05-26 00:00:00,0,0.0
32.750004,-117.149994,2016-05-26 00:00:00,0,0.03464304
32.750004,-117.049995,2016-05-26 00:00:00,0,0.0
32.750004,-116.95,2016-05-26 00:00:00,0,0.0
32.750004,-116.84999,2016-05-26 00:00:00,0,0.0
32.750004,-116.75,2016-05-26 00:00:00,0,0.0
32.750004,-116.649994,2016-05-26 00:00:00,0,0.0
32.750004,-116.549995,2016-05-26 00:00:00,0,0.0
32.750004,-116.45,2016-05-26 00:00:00,0,0.0
32.750004,-116.34999,2016-05-26 00:00:00,0,0.0
32.750004,-116.25,2016-05-26 00:00:00,0,0.0
32.750004,-116.149994,2016-05-26 00:00:00,0,0.0
32.750004,-116.049995,2016-05-26 00:00:00,0,0.0
32.750004,-115.95,2016-05-26 00:00:00,0,0.0
32.750004,-115.85,2016-05-26 00:00:00,0,0.0
32.750004,-115.74999,2016-05-26 00:00:00,0,0.0
32.750004,-115.649994,2016-05-26 00:00:00,0,0.0
32.750004,-115.549995,2016-05-26 00:00:00,0,0.0
32.750004,-115.45,2016-05-26 00:00:00,0,0.0
32.750004,-115.35,2016-05-26 00:00:00,0,0.0
32.750004,-115.24999,2016-05-26 00:00:00,0,0.0
32.750004,-115.149994,2016-05-26 00:00:00,0,0.0
32.750004,-115.049995,2016-05-26 00:00:00,0,0.0
32.750004,-114.95,2016-05-26 00:00:00,0,0.0
32.750004,-114.85,2016-05-26 00:00:00,0,0.0
32.750004,-114.74999,2016-05-26 00:00:00,0,0.0
32.750004,-114.649994,2016-05-26 00:00:00,0,0.0
32.750004,-114.549995,2016-05-26 00:00:00,0,0.0
32.750004,-114.45,2016-05-26 00:00:00,0,0.0
32.750004,-114.35,2016-05-26 00:00:00,0,0.0
32.750004,-114.24999,2016-05-26 00:00:00,0,0.0
32.850002,-124.34999,2016-05-26 00:00:00,0,0.0
32.850002,-124.25,2016-05-26 00:00:00,0,0.0
32.850002,-124.149994,2016-05-26 00:00:00,0,0.0
32.850002,-124.049995,2016-05-26 00:00:00,0,0.0
32.850002,-123.95,2016-05-26 00:00:00,0,0.0
32.850002,-123.84999,2016-05-26 00:00:00,0,0.0
32.850002,-123.75,2016-05-26 00:00:00,0,0.0
32.850002,-123.649994,2016-05-26 00:00:00,0,0.0
32.850002,-123.549995,2016-05-26 00:00:00,0,0.0
32.850002,-123.45,2016-05-26 00:00:00,0,0.0
32.850002,-123.34999,2016-05-26 00:00:00,0,0.0
32.850002,-123.25,2016-05-26 00:00:00,0,0.0
32.850002,-123.149994,2016-05-26 00:00:00,0,0.0
32.850002,-123.049995,2016-05-26 00:00:00,0,0.0
32.850002,-122.95,2016-05-26 00:00:00,0,0.0
32.850002,-122.84999,2016-05-26 00:00:00,0,0.0
32.850002,-122.75,2016-05-26 00:00:00,0,0.0
32.850002,-122.649994,2016-05-26 00:00:00,0,0.0
32.850002,-122.549995,2016-05-26 00:00:00,0,0.0
32.850002,-122.45,2016-05-26 00:00:00,0,0.0
32.850002,-122.34999,2016-05-26 00:00:00,0,0.0
32.850002,-122.25,2016-05-26 00:00:00,0,0.0
32.850002,-122.149994,2016-05-26 00:00:00,0,0.0
32.850002,-122.049995,2016-05-26 00:00:00,0,0.0
32.850002,-121.95,2016-05-26 00:00:00,0,0.0
32.850002,-121.84999,2016-05-26 00:00:00,0,0.0
32.850002,-121.75,2016-05-26 00:00:00,0,0.0
32.850002,-121.649994,2016-05-26 00:00:00,0,0.0
32.850002,-121.549995,2016-05-26 00:00:00,0,0.0
32.850002,-121.45,2016-05-26 00:00:00,0,0.0
32.850002,-121.34999,2016-05-26 00:00:00,0,0.0
32.850002,-121.25,2016-05-26 00:00:00,0,0.0
32.850002,-121.149994,2016-05-26 00:00:00,0,0.0
32.850002,-121.049995,2016-05-26 00:00:00,0,0.0
32.850002,-120.95,2016-05-26 00:00:00,0,0.0
32.850002,-120.84999,2016-05-26 00:00:00,0,0.0
32.850002,-120.75,2016-05-26 00:00:00,0,0.0
32.850002,-120.649994,2016-05-26 00:00:00,0,0.0
32.850002,-120.549995,2016-05-26 00:00:00,0,0.0
32.850002,-120.45,2016-05-26 00:00:00,0,0.0
32.850002,-120.34999,2016-05-26 00:00:00,0,0.0
32.850002,-120.25,2016-05-26 00:00:00,0,0.0
32.850002,-120.149994,2016-05-26 00:00:00,0,0.0
32.850002,-120.049995,2016-05-26 00:00:00,0,0.0
32.850002,-119.95,2016-05-26 00:00:00,0,0.0
32.850002,-119.84999,2016-05-26 00:00:00,0,0.0
32.850002,-119.75,2016-05-26 00:00:00,0,0.0
32.850002,-119.649994,2016-05-26 00:00:00,0,0.0
32.850002,-119.549995,2016-05-26 00:00:00,0,0.0
32.850002,-119.45,2016-05-26 00:00:00,0,0.0
32.850002,-119.34999,2016-05-26 00:00:00,0,0.0
32.850002,-119.25,2016-05-26 00:00:00,0,0.0
32.850002,-119.149994,2016-05-26 00:00:00,0,0.0
32.850002,-119.049995,2016-05-26 00:00:00,0,0.0
32.850002,-118.95,2016-05-26 00:00:00,0,0.0
32.850002,-118.84999,2016-05-26 00:00:00,0,0.0
32.850002,-118.75,2016-05-26 00:00:00,0,0.0
32.850002,-118.649994,2016-05-26 00:00:00,0,0.0
32.850002,-118.549995,2016-05-26 00:00:00,0,0.0
32.850002,-118.45,2016-05-26 00:00:00,0,0.0
32.850002,-118.34999,2016-05-26 00:00:00,0,0.0
32.850002,-118.25,2016-05-26 00:00:00,0,0.0
32.850002,-118.149994,2016-05-26 00:00:00,0,0.0
32.850002,-118.049995,2016-05-26 00:00:00,0,0.0
32.850002,-117.95,2016-05-26 00:00:00,0,0.0
32.850002,-117.84999,2016-05-26 00:00:00,0,0.0
32.850002,-117.75,2016-05-26 00:00:00,0,0.0
32.850002,-117.649994,2016-05-26 00:00:00,0,0.0
32.850002,-117.549995,2016-05-26 00:00:00,0,0.0
32.850002,-117.45,2016-05-26 00:00:00,0,0.0
32.850002,-117.34999,2016-05-26 00:00:00,0,0.0
32.850002,-117.25,2016-05-26 00:00:00,0,0.0
32.850002,-117.149994,2016-05-26 00:00:00,0,0.03464304
32.850002,-117.049995,2016-05-26 00:00:00,0,0.0
32.850002,-116.95,2016-05-26 00:00:00,0,0.0
32.850002,-116.84999,2016-05-26 00:00:00,0,0.0
32.850002,-116.75,2016-05-26 00:00:00,0,0.0
32.850002,-116.649994,2016-05-26 00:00:00,0,0.0
32.850002,-116.549995,2016-05-26 00:00:00,0,0.0
32.850002,-116.45,2016-05-26 00:00:00,0,0.0
32.850002,-116.34999,2016-05-26 00:00:00,0,0.0
32.850002,-116.25,2016-05-26 00:00:00,0,0.0
32.850002,-116.149994,2016-05-26 00:00:00,0,0.0
32.850002,-116.049995,2016-05-26 00:00:00,0,0.0
32.850002,-115.95,2016-05-26 00:00:00,0,0.0
32.850002,-115.85,2016-05-26 00:00:00,0,0.0
32.850002,-115.74999,2016-05-26 00:00:00,0,0.0
32.850002,-115.649994,2016-05-26 00:00:00,0,0.0
32.850002,-115.549995,2016-05-26 00:00:00,0,0.0
32.850002,-115.45,2016-05-26 00:00:00,0,0.0
32.850002,-115.35,2016-05-26 00:00:00,0,0.0
32.850002,-115.24999,2016-05-26 00:00:00,0,0.0
32.850002,-115.149994,2016-05-26 00:00:00,0,0.0
32.850002,-115.049995,2016-05-26 00:00:00,0,0.0
32.850002,-114.95,2016-05-26 00:00:00,0,0.0
32.850002,-114.85,2016-05-26 00:00:00,0,0.0
32.850002,-114.74999,2016-05-26 00:00:00,0,0.0
32.850002,-114.649994,2016-05-26 00:00:00,0,0.0
32.850002,-114.549995,2016-05-26 00:00:00,0,0.0
32.850002,-114.45,2016-05-26 00:00:00,0,0.0
32.850002,-114.35,2016-05-26 00:00:00,0,0.0
32.850002,-114.24999,2016-05-26 00:00:00,0,0.0
32.95,-124.34999,2016-05-26 00:00:00,0,0.0
32.95,-124.25,2016-05-26 00:00:00,0,0.0
32.95,-124.149994,2016-05-26 00:00:00,0,0.0
32.95,-124.049995,2016-05-26 00:00:00,0,0.0
32.95,-123.95,2016-05-26 00:00:00,0,0.0
32.95,-123.84999,2016-05-26 00:00:00,0,0.0
32.95,-123.75,2016-05-26 00:00:00,0,0.0
32.95,-123.649994,2016-05-26 00:00:00,0,0.0
32.95,-123.549995,2016-05-26 00:00:00,0,0.0
32.95,-123.45,2016-05-26 00:00:00,0,0.0
32.95,-123.34999,2016-05-26 00:00:00,0,0.0
32.95,-123.25,2016-05-26 00:00:00,0,0.0
32.95,-123.149994,2016-05-26 00:00:00,0,0.0
32.95,-123.049995,2016-05-26 00:00:00,0,0.0
32.95,-122.95,2016-05-26 00:00:00,0,0.0
32.95,-122.84999,2016-05-26 00:00:00,0,0.0
32.95,-122.75,2016-05-26 00:00:00,0,0.0
32.95,-122.649994,2016-05-26 00:00:00,0,0.0
32.95,-122.549995,2016-05-26 00:00:00,0,0.0
32.95,-122.45,2016-05-26 00:00:00,0,0.0
32.95,-122.34999,2016-05-26 00:00:00,0,0.0
32.95,-122.25,2016-05-26 00:00:00,0,0.0
32.95,-122.149994,2016-05-26 00:00:00,0,0.0
32.95,-122.049995,2016-05-26 00:00:00,0,0.0
32.95,-121.95,2016-05-26 00:00:00,0,0.0
32.95,-121.84999,2016-05-26 00:00:00,0,0.0
32.95,-121.75,2016-05-26 00:00:00,0,0.0
32.95,-121.649994,2016-05-26 00:00:00,0,0.0
32.95,-121.549995,2016-05-26 00:00:00,0,0.0
32.95,-121.45,2016-05-26 00:00:00,0,0.0
32.95,-121.34999,2016-05-26 00:00:00,0,0.0
32.95,-121.25,2016-05-26 00:00:00,0,0.0
32.95,-121.149994,2016-05-26 00:00:00,0,0.0
32.95,-121.049995,2016-05-26 00:00:00,0,0.0
32.95,-120.95,2016-05-26 00:00:00,0,0.0
32.95,-120.84999,2016-05-26 00:00:00,0,0.0
32.95,-120.75,2016-05-26 00:00:00,0,0.0
32.95,-120.649994,2016-05-26 00:00:00,0,0.0
32.95,-120.549995,2016-05-26 00:00:00,0,0.0
32.95,-120.45,2016-05-26 00:00:00,0,0.0
32.95,-120.34999,2016-05-26 00:00:00,0,0.0
32.95,-120.25,2016-05-26 00:00:00,0,0.0
32.95,-120.149994,2016-05-26 00:00:00,0,0.0
32.95,-120.049995,2016-05-26 00:00:00,0,0.0
32.95,-119.95,2016-05-26 00:00:00,0,0.0
32.95,-119.84999,2016-05-26 00:00:00,0,0.0
32.95,-119.75,2016-05-26 00:00:00,0,0.0
32.95,-119.649994,2016-05-26 00:00:00,0,0.0
32.95,-119.549995,2016-05-26 00:00:00,0,0.0
32.95,-119.45,2016-05-26 00:00:00,0,0.0
32.95,-119.34999,2016-05-26 00:00:00,0,0.0
32.95,-119.25,2016-05-26 00:00:00,0,0.0
32.95,-119.149994,2016-05-26 00:00:00,0,0.0
32.95,-119.049995,2016-05-26 00:00:00,0,0.0
32.95,-118.95,2016-05-26 00:00:00,0,0.0
32.95,-118.84999,2016-05-26 00:00:00,0,0.0
32.95,-118.75,2016-05-26 00:00:00,0,0.0
32.95,-118.649994,2016-05-26 00:00:00,0,0.0
32.95,-118.549995,2016-05-26 00:00:00,0,0.0
32.95,-118.45,2016-05-26 00:00:00,0,0.0
32.95,-118.34999,2016-05-26 00:00:00,0,0.0
32.95,-118.25,2016-05-26 00:00:00,0,0.0
32.95,-118.149994,2016-05-26 00:00:00,0,0.0
32.95,-118.049995,2016-05-26 00:00:00,0,0.0
32.95,-117.95,2016-05-26 00:00:00,0,0.0
32.95,-117.84999,2016-05-26 00:00:00,0,0.0
32.95,-117.75,2016-05-26 00:00:00,0,0.0
32.95,-117.649994,2016-05-26 00:00:00,0,0.0
32.95,-117.549995,2016-05-26 00:00:00,0,0.0
32.95,-117.45,2016-05-26 00:00:00,0,0.0
32.95,-117.34999,2016-05-26 00:00:00,0,0.0
32.95,-117.25,2016-05-26 00:00:00,0,0.0
32.95,-117.149994,2016-05-26 00:00:00,0,0.0
32.95,-117.049995,2016-05-26 00:00:00,0,0.0
32.95,-116.95,2016-05-26 00:00:00,0,0.0
32.95,-116.84999,2016-05-26 00:00:00,0,0.0
32.95,-116.75,2016-05-26 00:00:00,0,0.0
32.95,-116.649994,2016-05-26 00:00:00,0,0.0
32.95,-116.549995,2016-05-26 00:00:00,0,0.0
32.95,-116.45,2016-05-26 00:00:00,0,0.0
32.95,-116.34999,2016-05-26 00:00:00,0,0.0
32.95,-116.25,2016-05-26 00:00:00,0,0.0
32.95,-116.149994,2016-05-26 00:00:00,0,0.0
32.95,-116.049995,2016-05-26 00:00:00,0,0.0
32.95,-115.95,2016-05-26 00:00:00,0,0.0
32.95,-115.85,2016-05-26 00:00:00,0,0.0
32.95,-115.74999,2016-05-26 00:00:00,0,0.0
32.95,-115.649994,2016-05-26 00:00:00,0,0.0
32.95,-115.549995,2016-05-26 00:00:00,0,0.0
32.95,-115.45,2016-05-26 00:00:00,0,0.0
32.95,-115.35,2016-05-26 00:00:00,0,0.0
32.95,-115.24999,2016-05-26 00:00:00,0,0.0
32.95,-115.149994,2016-05-26 00:00:00,0,0.0
32.95,-115.049995,2016-05-26 00:00:00,0,0.0
32.95,-114.95,2016-05-26 00:00:00,0,0.0
32.95,-114.85,2016-05-26 00:00:00,0,0.0
32.95,-114.74999,2016-05-26 00:00:00,0,0.0
32.95,-114.649994,2016-05-26 00:00:00,0,0.0
32.95,-114.549995,2016-05-26 00:00:00,0,0.0
32.95,-114.45,2016-05-26 00:00:00,0,0.0
32.95,-114.35,2016-05-26 00:00:00,0,0.0
32.95,-114.24999,2016-05-26 00:00:00,0,0.0
33.05,-124.34999,2016-05-26 00:00:00,0,0.0
33.05,-124.25,2016-05-26 00:00:00,0,0.0
33.05,-124.149994,2016-05-26 00:00:00,0,0.0
33.05,-124.049995,2016-05-26 00:00:00,0,0.0
33.05,-123.95,2016-05-26 00:00:00,0,0.0
33.05,-123.84999,2016-05-26 00:00:00,0,0.0
33.05,-123.75,2016-05-26 00:00:00,0,0.0
33.05,-123.649994,2016-05-26 00:00:00,0,0.0
33.05,-123.549995,2016-05-26 00:00:00,0,0.0
33.05,-123.45,2016-05-26 00:00:00,0,0.0
33.05,-123.34999,2016-05-26 00:00:00,0,0.0
33.05,-123.25,2016-05-26 00:00:00,0,0.0
33.05,-123.149994,2016-05-26 00:00:00,0,0.0
33.05,-123.049995,2016-05-26 00:00:00,0,0.0
33.05,-122.95,2016-05-26 00:00:00,0,0.0
33.05,-122.84999,2016-05-26 00:00:00,0,0.0
33.05,-122.75,2016-05-26 00:00:00,0,0.0
33.05,-122.649994,2016-05-26 00:00:00,0,0.0
33.05,-122.549995,2016-05-26 00:00:00,0,0.0
33.05,-122.45,2016-05-26 00:00:00,0,0.0
33.05,-122.34999,2016-05-26 00:00:00,0,0.0
33.05,-122.25,2016-05-26 00:00:00,0,0.0
33.05,-122.149994,2016-05-26 00:00:00,0,0.0
33.05,-122.049995,2016-05-26 00:00:00,0,0.0
33.05,-121.95,2016-05-26 00:00:00,0,0.0
33.05,-121.84999,2016-05-26 00:00:00,0,0.0
33.05,-121.75,2016-05-26 00:00:00,0,0.0
33.05,-121.649994,2016-05-26 00:00:00,0,0.0
33.05,-121.549995,2016-05-26 00:00:00,0,0.0
33.05,-121.45,2016-05-26 00:00:00,0,0.0
33.05,-121.34999,2016-05-26 00:00:00,0,0.0
33.05,-121.25,2016-05-26 00:00:00,0,0.0
33.05,-121.149994,2016-05-26 00:00:00,0,0.0
33.05,-121.049995,2016-05-26 00:00:00,0,0.0
33.05,-120.95,2016-05-26 00:00:00,0,0.0
33.05,-120.84999,2016-05-26 00:00:00,0,0.0
33.05,-120.75,2016-05-26 00:00:00,0,0.0
33.05,-120.649994,2016-05-26 00:00:00,0,0.0
33.05,-120.549995,2016-05-26 00:00:00,0,0.0
33.05,-120.45,2016-05-26 00:00:00,0,0.0
33.05,-120.34999,2016-05-26 00:00:00,0,0.0
33.05,-120.25,2016-05-26 00:00:00,0,0.0
33.05,-120.149994,2016-05-26 00:00:00,0,0.0
33.05,-120.049995,2016-05-26 00:00:00,0,0.0
33.05,-119.95,2016-05-26 00:00:00,0,0.0
33.05,-119.84999,2016-05-26 00:00:00,0,0.0
33.05,-119.75,2016-05-26 00:00:00,0,0.0
33.05,-119.649994,2016-05-26 00:00:00,0,0.0
33.05,-119.549995,2016-05-26 00:00:00,0,0.0
33.05,-119.45,2016-05-26 00:00:00,0,0.0
33.05,-119.34999,2016-05-26 00:00:00,0,0.0
33.05,-119.25,2016-05-26 00:00:00,0,0.0
33.05,-119.149994,2016-05-26 00:00:00,0,0.0
33.05,-119.049995,2016-05-26 00:00:00,0,0.0
33.05,-118.95,2016-05-26 00:00:00,0,0.0
33.05,-118.84999,2016-05-26 00:00:00,0,0.0
33.05,-118.75,2016-05-26 00:00:00,0,0.0
33.05,-118.649994,2016-05-26 00:00:00,0,0.0
33.05,-118.549995,2016-05-26 00:00:00,0,0.0
33.05,-118.45,2016-05-26 00:00:00,0,0.0
33.05,-118.34999,2016-05-26 00:00:00,0,0.0
33.05,-118.25,2016-05-26 00:00:00,0,0.0
33.05,-118.149994,2016-05-26 00:00:00,0,0.0
33.05,-118.049995,2016-05-26 00:00:00,0,0.0
33.05,-117.95,2016-05-26 00:00:00,0,0.0
33.05,-117.84999,2016-05-26 00:00:00,0,0.0
33.05,-117.75,2016-05-26 00:00:00,0,0.0
33.05,-117.649994,2016-05-26 00:00:00,0,0.0
33.05,-117.549995,2016-05-26 00:00:00,0,0.0
33.05,-117.45,2016-05-26 00:00:00,0,0.0
33.05,-117.34999,2016-05-26 00:00:00,0,0.0
33.05,-117.25,2016-05-26 00:00:00,0,0.0
33.05,-117.149994,2016-05-26 00:00:00,0,0.0
33.05,-117.049995,2016-05-26 00:00:00,0,0.0
33.05,-116.95,2016-05-26 00:00:00,0,0.0
33.05,-116.84999,2016-05-26 00:00:00,0,0.0
33.05,-116.75,2016-05-26 00:00:00,0,0.0
33.05,-116.649994,2016-05-26 00:00:00,0,0.0
33.05,-116.549995,2016-05-26 00:00:00,0,0.0
33.05,-116.45,2016-05-26 00:00:00,0,0.0
33.05,-116.34999,2016-05-26 00:00:00,0,0.0
33.05,-116.25,2016-05-26 00:00:00,0,0.0
33.05,-116.149994,2016-05-26 00:00:00,0,0.0
33.05,-116.049995,2016-05-26 00:00:00,0,0.0
33.05,-115.95,2016-05-26 00:00:00,0,0.0
33.05,-115.85,2016-05-26 00:00:00,0,0.0
33.05,-115.74999,2016-05-26 00:00:00,0,0.0
33.05,-115.649994,2016-05-26 00:00:00,0,0.0
33.05,-115.549995,2016-05-26 00:00:00,0,0.0
33.05,-115.45,2016-05-26 00:00:00,0,0.0
33.05,-115.35,2016-05-26 00:00:00,0,0.0
33.05,-115.24999,2016-05-26 00:00:00,0,0.0
33.05,-115.149994,2016-05-26 00:00:00,0,0.0
33.05,-115.049995,2016-05-26 00:00:00,0,0.0
33.05,-114.95,2016-05-26 00:00:00,0,0.0
33.05,-114.85,2016-05-26 00:00:00,0,0.0
33.05,-114.74999,2016-05-26 00:00:00,0,0.0
33.05,-114.649994,2016-05-26 00:00:00,0,0.0
33.05,-114.549995,2016-05-26 00:00:00,0,0.0
33.05,-114.45,2016-05-26 00:00:00,0,0.0
33.05,-114.35,2016-05-26 00:00:00,0,0.0
33.05,-114.24999,2016-05-26 00:00:00,0,0.0
33.149998,-124.34999,2016-05-26 00:00:00,0,0.0
33.149998,-124.25,2016-05-26 00:00:00,0,0.0
33.149998,-124.149994,2016-05-26 00:00:00,0,0.0
33.149998,-124.049995,2016-05-26 00:00:00,0,0.0
33.149998,-123.95,2016-05-26 00:00:00,0,0.0
33.149998,-123.84999,2016-05-26 00:00:00,0,0.0
33.149998,-123.75,2016-05-26 00:00:00,0,0.0
33.149998,-123.649994,2016-05-26 00:00:00,0,0.0
33.149998,-123.549995,2016-05-26 00:00:00,0,0.0
33.149998,-123.45,2016-05-26 00:00:00,0,0.0
33.149998,-123.34999,2016-05-26 00:00:00,0,0.0
33.149998,-123.25,2016-05-26 00:00:00,0,0.0
33.149998,-123.149994,2016-05-26 00:00:00,0,0.0
33.149998,-123.049995,2016-05-26 00:00:00,0,0.0
33.149998,-122.95,2016-05-26 00:00:00,0,0.0
33.149998,-122.84999,2016-05-26 00:00:00,0,0.0
33.149998,-122.75,2016-05-26 00:00:00,0,0.0
33.149998,-122.649994,2016-05-26 00:00:00,0,0.0
33.149998,-122.549995,2016-05-26 00:00:00,0,0.0
33.149998,-122.45,2016-05-26 00:00:00,0,0.0
33.149998,-122.34999,2016-05-26 00:00:00,0,0.0
33.149998,-122.25,2016-05-26 00:00:00,0,0.0
33.149998,-122.149994,2016-05-26 00:00:00,0,0.0
33.149998,-122.049995,2016-05-26 00:00:00,0,0.0
33.149998,-121.95,2016-05-26 00:00:00,0,0.0
33.149998,-121.84999,2016-05-26 00:00:00,0,0.0
33.149998,-121.75,2016-05-26 00:00:00,0,0.0
33.149998,-121.649994,2016-05-26 00:00:00,0,0.0
33.149998,-121.549995,2016-05-26 00:00:00,0,0.0
33.149998,-121.45,2016-05-26 00:00:00,0,0.0
33.149998,-121.34999,2016-05-26 00:00:00,0,0.0
33.149998,-121.25,2016-05-26 00:00:00,0,0.0
33.149998,-121.149994,2016-05-26 00:00:00,0,0.0
33.149998,-121.049995,2016-05-26 00:00:00,0,0.0
33.149998,-120.95,2016-05-26 00:00:00,0,0.0
33.149998,-120.84999,2016-05-26 00:00:00,0,0.0
33.149998,-120.75,2016-05-26 00:00:00,0,0.0
33.149998,-120.649994,2016-05-26 00:00:00,0,0.0
33.149998,-120.549995,2016-05-26 00:00:00,0,0.0
33.149998,-120.45,2016-05-26 00:00:00,0,0.0
33.149998,-120.34999,2016-05-26 00:00:00,0,0.0
33.149998,-120.25,2016-05-26 00:00:00,0,0.0
33.149998,-120.149994,2016-05-26 00:00:00,0,0.0
33.149998,-120.049995,2016-05-26 00:00:00,0,0.0
33.149998,-119.95,2016-05-26 00:00:00,0,0.0
33.149998,-119.84999,2016-05-26 00:00:00,0,0.0
33.149998,-119.75,2016-05-26 00:00:00,0,0.0
33.149998,-119.649994,2016-05-26 00:00:00,0,0.0
33.149998,-119.549995,2016-05-26 00:00:00,0,0.0
33.149998,-119.45,2016-05-26 00:00:00,0,0.0
33.149998,-119.34999,2016-05-26 00:00:00,0,0.0
33.149998,-119.25,2016-05-26 00:00:00,0,0.0
33.149998,-119.149994,2016-05-26 00:00:00,0,0.0
33.149998,-119.049995,2016-05-26 00:00:00,0,0.0
33.149998,-118.95,2016-05-26 00:00:00,0,0.0
33.149998,-118.84999,2016-05-26 00:00:00,0,0.0
33.149998,-118.75,2016-05-26 00:00:00,0,0.0
33.149998,-118.649994,2016-05-26 00:00:00,0,0.0
33.149998,-118.549995,2016-05-26 00:00:00,0,0.0
33.149998,-118.45,2016-05-26 00:00:00,0,0.0
33.149998,-118.34999,2016-05-26 00:00:00,0,0.0
33.149998,-118.25,2016-05-26 00:00:00,0,0.0
33.149998,-118.149994,2016-05-26 00:00:00,0,0.0
33.149998,-118.049995,2016-05-26 00:00:00,0,0.0
33.149998,-117.95,2016-05-26 00:00:00,0,0.0
33.149998,-117.84999,2016-05-26 00:00:00,0,0.0
33.149998,-117.75,2016-05-26 00:00:00,0,0.0
33.149998,-117.649994,2016-05-26 00:00:00,0,0.0
33.149998,-117.549995,2016-05-26 00:00:00,0,0.0
33.149998,-117.45,2016-05-26 00:00:00,0,0.0
33.149998,-117.34999,2016-05-26 00:00:00,0,0.0
33.149998,-117.25,2016-05-26 00:00:00,0,0.0
33.149998,-117.149994,2016-05-26 00:00:00,0,0.0
33.149998,-117.049995,2016-05-26 00:00:00,0,0.0
33.149998,-116.95,2016-05-26 00:00:00,0,0.0
33.149998,-116.84999,2016-05-26 00:00:00,0,0.0
33.149998,-116.75,2016-05-26 00:00:00,0,0.0
33.149998,-116.649994,2016-05-26 00:00:00,0,0.0
33.149998,-116.549995,2016-05-26 00:00:00,0,0.0
33.149998,-116.45,2016-05-26 00:00:00,0,0.0
33.149998,-116.34999,2016-05-26 00:00:00,0,0.04430396
33.149998,-116.25,2016-05-26 00:00:00,0,0.0
33.149998,-116.149994,2016-05-26 00:00:00,0,0.0
33.149998,-116.049995,2016-05-26 00:00:00,0,0.0
33.149998,-115.95,2016-05-26 00:00:00,0,0.0
33.149998,-115.85,2016-05-26 00:00:00,0,0.0
33.149998,-115.74999,2016-05-26 00:00:00,0,0.0
33.149998,-115.649994,2016-05-26 00:00:00,0,0.0
33.149998,-115.549995,2016-05-26 00:00:00,0,0.0
33.149998,-115.45,2016-05-26 00:00:00,0,0.0
33.149998,-115.35,2016-05-26 00:00:00,0,0.0
33.149998,-115.24999,2016-05-26 00:00:00,0,0.0
33.149998,-115.149994,2016-05-26 00:00:00,0,0.0
33.149998,-115.049995,2016-05-26 00:00:00,0,0.0
33.149998,-114.95,2016-05-26 00:00:00,0,0.0
33.149998,-114.85,2016-05-26 00:00:00,0,0.0
33.149998,-114.74999,2016-05-26 00:00:00,0,0.0
33.149998,-114.649994,2016-05-26 00:00:00,0,0.0
33.149998,-114.549995,2016-05-26 00:00:00,0,0.0
33.149998,-114.45,2016-05-26 00:00:00,0,0.0
33.149998,-114.35,2016-05-26 00:00:00,0,0.0
33.149998,-114.24999,2016-05-26 00:00:00,0,0.0
33.250004,-124.34999,2016-05-26 00:00:00,0,0.0
33.250004,-124.25,2016-05-26 00:00:00,0,0.0
33.250004,-124.149994,2016-05-26 00:00:00,0,0.0
33.250004,-124.049995,2016-05-26 00:00:00,0,0.0
33.250004,-123.95,2016-05-26 00:00:00,0,0.0
33.250004,-123.84999,2016-05-26 00:00:00,0,0.0
33.250004,-123.75,2016-05-26 00:00:00,0,0.0
33.250004,-123.649994,2016-05-26 00:00:00,0,0.0
33.250004,-123.549995,2016-05-26 00:00:00,0,0.0
33.250004,-123.45,2016-05-26 00:00:00,0,0.0
33.250004,-123.34999,2016-05-26 00:00:00,0,0.0
33.250004,-123.25,2016-05-26 00:00:00,0,0.0
33.250004,-123.149994,2016-05-26 00:00:00,0,0.0
33.250004,-123.049995,2016-05-26 00:00:00,0,0.0
33.250004,-122.95,2016-05-26 00:00:00,0,0.0
33.250004,-122.84999,2016-05-26 00:00:00,0,0.0
33.250004,-122.75,2016-05-26 00:00:00,0,0.0
33.250004,-122.649994,2016-05-26 00:00:00,0,0.0
33.250004,-122.549995,2016-05-26 00:00:00,0,0.0
33.250004,-122.45,2016-05-26 00:00:00,0,0.0
33.250004,-122.34999,2016-05-26 00:00:00,0,0.0
33.250004,-122.25,2016-05-26 00:00:00,0,0.0
33.250004,-122.149994,2016-05-26 00:00:00,0,0.0
33.250004,-122.049995,2016-05-26 00:00:00,0,0.0
33.250004,-121.95,2016-05-26 00:00:00,0,0.0
33.250004,-121.84999,2016-05-26 00:00:00,0,0.0
33.250004,-121.75,2016-05-26 00:00:00,0,0.0
33.250004,-121.649994,2016-05-26 00:00:00,0,0.0
33.250004,-121.549995,2016-05-26 00:00:00,0,0.0
33.250004,-121.45,2016-05-26 00:00:00,0,0.0
33.250004,-121.34999,2016-05-26 00:00:00,0,0.0
33.250004,-121.25,2016-05-26 00:00:00,0,0.0
33.250004,-121.149994,2016-05-26 00:00:00,0,0.0
33.250004,-121.049995,2016-05-26 00:00:00,0,0.0
33.250004,-120.95,2016-05-26 00:00:00,0,0.0
33.250004,-120.84999,2016-05-26 00:00:00,0,0.0
33.250004,-120.75,2016-05-26 00:00:00,0,0.0
33.250004,-120.649994,2016-05-26 00:00:00,0,0.0
33.250004,-120.549995,2016-05-26 00:00:00,0,0.0
33.250004,-120.45,2016-05-26 00:00:00,0,0.0
33.250004,-120.34999,2016-05-26 00:00:00,0,0.0
33.250004,-120.25,2016-05-26 00:00:00,0,0.0
33.250004,-120.149994,2016-05-26 00:00:00,0,0.0
33.250004,-120.049995,2016-05-26 00:00:00,0,0.0
33.250004,-119.95,2016-05-26 00:00:00,0,0.0
33.250004,-119.84999,2016-05-26 00:00:00,0,0.0
33.250004,-119.75,2016-05-26 00:00:00,0,0.0
33.250004,-119.649994,2016-05-26 00:00:00,0,0.0
33.250004,-119.549995,2016-05-26 00:00:00,0,0.0
33.250004,-119.45,2016-05-26 00:00:00,0,0.0
33.250004,-119.34999,2016-05-26 00:00:00,0,0.0
33.250004,-119.25,2016-05-26 00:00:00,0,0.0
33.250004,-119.149994,2016-05-26 00:00:00,0,0.0
33.250004,-119.049995,2016-05-26 00:00:00,0,0.0
33.250004,-118.95,2016-05-26 00:00:00,0,0.0
33.250004,-118.84999,2016-05-26 00:00:00,0,0.0
33.250004,-118.75,2016-05-26 00:00:00,0,0.0
33.250004,-118.649994,2016-05-26 00:00:00,0,0.0
33.250004,-118.549995,2016-05-26 00:00:00,0,0.0
33.250004,-118.45,2016-05-26 00:00:00,0,0.0
33.250004,-118.34999,2016-05-26 00:00:00,0,0.0
33.250004,-118.25,2016-05-26 00:00:00,0,0.0
33.250004,-118.149994,2016-05-26 00:00:00,0,0.0
33.250004,-118.049995,2016-05-26 00:00:00,0,0.0
33.250004,-117.95,2016-05-26 00:00:00,0,0.0
33.250004,-117.84999,2016-05-26 00:00:00,0,0.0
33.250004,-117.75,2016-05-26 00:00:00,0,0.0
33.250004,-117.649994,2016-05-26 00:00:00,0,0.0
33.250004,-117.549995,2016-05-26 00:00:00,0,0.0
33.250004,-117.45,2016-05-26 00:00:00,0,0.0
33.250004,-117.34999,2016-05-26 00:00:00,0,0.0
33.250004,-117.25,2016-05-26 00:00:00,0,0.0
33.250004,-117.149994,2016-05-26 00:00:00,0,0.0
33.250004,-117.049995,2016-05-26 00:00:00,0,0.0
33.250004,-116.95,2016-05-26 00:00:00,0,0.0
33.250004,-116.84999,2016-05-26 00:00:00,0,0.0
33.250004,-116.75,2016-05-26 00:00:00,0,0.0
33.250004,-116.649994,2016-05-26 00:00:00,0,0.0
33.250004,-116.549995,2016-05-26 00:00:00,0,0.029535973
33.250004,-116.45,2016-05-26 00:00:00,0,0.0
33.250004,-116.34999,2016-05-26 00:00:00,0,0.029535973
33.250004,-116.25,2016-05-26 00:00:00,0,0.0
33.250004,-116.149994,2016-05-26 00:00:00,0,0.0
33.250004,-116.049995,2016-05-26 00:00:00,0,0.0
33.250004,-115.95,2016-05-26 00:00:00,0,0.0
33.250004,-115.85,2016-05-26 00:00:00,0,0.0
33.250004,-115.74999,2016-05-26 00:00:00,0,0.0
33.250004,-115.649994,2016-05-26 00:00:00,0,0.0
33.250004,-115.549995,2016-05-26 00:00:00,0,0.0
33.250004,-115.45,2016-05-26 00:00:00,0,0.0
33.250004,-115.35,2016-05-26 00:00:00,0,0.0
33.250004,-115.24999,2016-05-26 00:00:00,0,0.0
33.250004,-115.149994,2016-05-26 00:00:00,0,0.0
33.250004,-115.049995,2016-05-26 00:00:00,0,0.0
33.250004,-114.95,2016-05-26 00:00:00,0,0.0
33.250004,-114.85,2016-05-26 00:00:00,0,0.0
33.250004,-114.74999,2016-05-26 00:00:00,0,0.0
33.250004,-114.649994,2016-05-26 00:00:00,0,0.0
33.250004,-114.549995,2016-05-26 00:00:00,0,0.0
33.250004,-114.45,2016-05-26 00:00:00,0,0.0
33.250004,-114.35,2016-05-26 00:00:00,0,0.0
33.250004,-114.24999,2016-05-26 00:00:00,0,0.0
33.350002,-124.34999,2016-05-26 00:00:00,0,0.0
33.350002,-124.25,2016-05-26 00:00:00,0,0.0
33.350002,-124.149994,2016-05-26 00:00:00,0,0.0
33.350002,-124.049995,2016-05-26 00:00:00,0,0.0
33.350002,-123.95,2016-05-26 00:00:00,0,0.0
33.350002,-123.84999,2016-05-26 00:00:00,0,0.0
33.350002,-123.75,2016-05-26 00:00:00,0,0.0
33.350002,-123.649994,2016-05-26 00:00:00,0,0.0
33.350002,-123.549995,2016-05-26 00:00:00,0,0.0
33.350002,-123.45,2016-05-26 00:00:00,0,0.0
33.350002,-123.34999,2016-05-26 00:00:00,0,0.0
33.350002,-123.25,2016-05-26 00:00:00,0,0.0
33.350002,-123.149994,2016-05-26 00:00:00,0,0.0
33.350002,-123.049995,2016-05-26 00:00:00,0,0.0
33.350002,-122.95,2016-05-26 00:00:00,0,0.0
33.350002,-122.84999,2016-05-26 00:00:00,0,0.0
33.350002,-122.75,2016-05-26 00:00:00,0,0.0
33.350002,-122.649994,2016-05-26 00:00:00,0,0.0
33.350002,-122.549995,2016-05-26 00:00:00,0,0.0
33.350002,-122.45,2016-05-26 00:00:00,0,0.0
33.350002,-122.34999,2016-05-26 00:00:00,0,0.0
33.350002,-122.25,2016-05-26 00:00:00,0,0.0
33.350002,-122.149994,2016-05-26 00:00:00,0,0.0
33.350002,-122.049995,2016-05-26 00:00:00,0,0.0
33.350002,-121.95,2016-05-26 00:00:00,0,0.0
33.350002,-121.84999,2016-05-26 00:00:00,0,0.0
33.350002,-121.75,2016-05-26 00:00:00,0,0.0
33.350002,-121.649994,2016-05-26 00:00:00,0,0.0
33.350002,-121.549995,2016-05-26 00:00:00,0,0.0
33.350002,-121.45,2016-05-26 00:00:00,0,0.0
33.350002,-121.34999,2016-05-26 00:00:00,0,0.0
33.350002,-121.25,2016-05-26 00:00:00,0,0.0
33.350002,-121.149994,2016-05-26 00:00:00,0,0.0
33.350002,-121.049995,2016-05-26 00:00:00,0,0.0
33.350002,-120.95,2016-05-26 00:00:00,0,0.0
33.350002,-120.84999,2016-05-26 00:00:00,0,0.0
33.350002,-120.75,2016-05-26 00:00:00,0,0.0
33.350002,-120.649994,2016-05-26 00:00:00,0,0.0
33.350002,-120.549995,2016-05-26 00:00:00,0,0.0
33.350002,-120.45,2016-05-26 00:00:00,0,0.0
33.350002,-120.34999,2016-05-26 00:00:00,0,0.0
33.350002,-120.25,2016-05-26 00:00:00,0,0.0
33.350002,-120.149994,2016-05-26 00:00:00,0,0.0
33.350002,-120.049995,2016-05-26 00:00:00,0,0.0
33.350002,-119.95,2016-05-26 00:00:00,0,0.0
33.350002,-119.84999,2016-05-26 00:00:00,0,0.0
33.350002,-119.75,2016-05-26 00:00:00,0,0.0
33.350002,-119.649994,2016-05-26 00:00:00,0,0.0
33.350002,-119.549995,2016-05-26 00:00:00,0,0.0
33.350002,-119.45,2016-05-26 00:00:00,0,0.0
33.350002,-119.34999,2016-05-26 00:00:00,0,0.0
33.350002,-119.25,2016-05-26 00:00:00,0,0.0
33.350002,-119.149994,2016-05-26 00:00:00,0,0.0
33.350002,-119.049995,2016-05-26 00:00:00,0,0.0
33.350002,-118.95,2016-05-26 00:00:00,0,0.0
33.350002,-118.84999,2016-05-26 00:00:00,0,0.0
33.350002,-118.75,2016-05-26 00:00:00,0,0.0
33.350002,-118.649994,2016-05-26 00:00:00,0,0.0
33.350002,-118.549995,2016-05-26 00:00:00,0,0.0
33.350002,-118.45,2016-05-26 00:00:00,0,0.0
33.350002,-118.34999,2016-05-26 00:00:00,0,0.070192024
33.350002,-118.25,2016-05-26 00:00:00,0,0.0
33.350002,-118.149994,2016-05-26 00:00:00,0,0.0
33.350002,-118.049995,2016-05-26 00:00:00,0,0.0
33.350002,-117.95,2016-05-26 00:00:00,0,0.0
33.350002,-117.84999,2016-05-26 00:00:00,0,0.0
33.350002,-117.75,2016-05-26 00:00:00,0,0.0
33.350002,-117.649994,2016-05-26 00:00:00,0,0.0
33.350002,-117.549995,2016-05-26 00:00:00,0,0.0
33.350002,-117.45,2016-05-26 00:00:00,0,0.0
33.350002,-117.34999,2016-05-26 00:00:00,0,0.0
33.350002,-117.25,2016-05-26 00:00:00,0,0.0
33.350002,-117.149994,2016-05-26 00:00:00,0,0.0
33.350002,-117.049995,2016-05-26 00:00:00,0,0.0
33.350002,-116.95,2016-05-26 00:00:00,0,0.0
33.350002,-116.84999,2016-05-26 00:00:00,0,0.0
33.350002,-116.75,2016-05-26 00:00:00,0,0.0
33.350002,-116.649994,2016-05-26 00:00:00,0,0.0
33.350002,-116.549995,2016-05-26 00:00:00,0,0.0
33.350002,-116.45,2016-05-26 00:00:00,0,0.0
33.350002,-116.34999,2016-05-26 00:00:00,0,0.0
33.350002,-116.25,2016-05-26 00:00:00,0,0.0
33.350002,-116.149994,2016-05-26 00:00:00,0,0.0
33.350002,-116.049995,2016-05-26 00:00:00,0,0.0
33.350002,-115.95,2016-05-26 00:00:00,0,0.0
33.350002,-115.85,2016-05-26 00:00:00,0,0.0
33.350002,-115.74999,2016-05-26 00:00:00,0,0.0
33.350002,-115.649994,2016-05-26 00:00:00,0,0.0
33.350002,-115.549995,2016-05-26 00:00:00,0,0.0
33.350002,-115.45,2016-05-26 00:00:00,0,0.0
33.350002,-115.35,2016-05-26 00:00:00,0,0.0
33.350002,-115.24999,2016-05-26 00:00:00,0,0.0
33.350002,-115.149994,2016-05-26 00:00:00,0,0.0
33.350002,-115.049995,2016-05-26 00:00:00,0,0.0
33.350002,-114.95,2016-05-26 00:00:00,0,0.0
33.350002,-114.85,2016-05-26 00:00:00,0,0.0
33.350002,-114.74999,2016-05-26 00:00:00,0,0.0
33.350002,-114.649994,2016-05-26 00:00:00,0,0.0
33.350002,-114.549995,2016-05-26 00:00:00,0,0.0
33.350002,-114.45,2016-05-26 00:00:00,0,0.0
33.350002,-114.35,2016-05-26 00:00:00,0,0.0
33.350002,-114.24999,2016-05-26 00:00:00,0,0.0
33.45,-124.34999,2016-05-26 00:00:00,0,0.0
33.45,-124.25,2016-05-26 00:00:00,0,0.0
33.45,-124.149994,2016-05-26 00:00:00,0,0.0
33.45,-124.049995,2016-05-26 00:00:00,0,0.0
33.45,-123.95,2016-05-26 00:00:00,0,0.0
33.45,-123.84999,2016-05-26 00:00:00,0,0.0
33.45,-123.75,2016-05-26 00:00:00,0,0.0
33.45,-123.649994,2016-05-26 00:00:00,0,0.0
33.45,-123.549995,2016-05-26 00:00:00,0,0.0
33.45,-123.45,2016-05-26 00:00:00,0,0.0
33.45,-123.34999,2016-05-26 00:00:00,0,0.0
33.45,-123.25,2016-05-26 00:00:00,0,0.0
33.45,-123.149994,2016-05-26 00:00:00,0,0.0
33.45,-123.049995,2016-05-26 00:00:00,0,0.0
33.45,-122.95,2016-05-26 00:00:00,0,0.0
33.45,-122.84999,2016-05-26 00:00:00,0,0.0
33.45,-122.75,2016-05-26 00:00:00,0,0.0
33.45,-122.649994,2016-05-26 00:00:00,0,0.0
33.45,-122.549995,2016-05-26 00:00:00,0,0.0
33.45,-122.45,2016-05-26 00:00:00,0,0.0
33.45,-122.34999,2016-05-26 00:00:00,0,0.0
33.45,-122.25,2016-05-26 00:00:00,0,0.0
33.45,-122.149994,2016-05-26 00:00:00,0,0.0
33.45,-122.049995,2016-05-26 00:00:00,0,0.0
33.45,-121.95,2016-05-26 00:00:00,0,0.0
33.45,-121.84999,2016-05-26 00:00:00,0,0.0
33.45,-121.75,2016-05-26 00:00:00,0,0.0
33.45,-121.649994,2016-05-26 00:00:00,0,0.0
33.45,-121.549995,2016-05-26 00:00:00,0,0.0
33.45,-121.45,2016-05-26 00:00:00,0,0.0
33.45,-121.34999,2016-05-26 00:00:00,0,0.0
33.45,-121.25,2016-05-26 00:00:00,0,0.0
33.45,-121.149994,2016-05-26 00:00:00,0,0.0
33.45,-121.049995,2016-05-26 00:00:00,0,0.0
33.45,-120.95,2016-05-26 00:00:00,0,0.0
33.45,-120.84999,2016-05-26 00:00:00,0,0.0
33.45,-120.75,2016-05-26 00:00:00,0,0.0
33.45,-120.649994,2016-05-26 00:00:00,0,0.0
33.45,-120.549995,2016-05-26 00:00:00,0,0.0
33.45,-120.45,2016-05-26 00:00:00,0,0.0
33.45,-120.34999,2016-05-26 00:00:00,0,0.0
33.45,-120.25,2016-05-26 00:00:00,0,0.0
33.45,-120.149994,2016-05-26 00:00:00,0,0.0
33.45,-120.049995,2016-05-26 00:00:00,0,0.0
33.45,-119.95,2016-05-26 00:00:00,0,0.0
33.45,-119.84999,2016-05-26 00:00:00,0,0.0
33.45,-119.75,2016-05-26 00:00:00,0,0.0
33.45,-119.649994,2016-05-26 00:00:00,0,0.0
33.45,-119.549995,2016-05-26 00:00:00,0,0.0
33.45,-119.45,2016-05-26 00:00:00,0,0.0
33.45,-119.34999,2016-05-26 00:00:00,0,0.0
33.45,-119.25,2016-05-26 00:00:00,0,0.0
33.45,-119.149994,2016-05-26 00:00:00,0,0.0
33.45,-119.049995,2016-05-26 00:00:00,0,0.0
33.45,-118.95,2016-05-26 00:00:00,0,0.0
33.45,-118.84999,2016-05-26 00:00:00,0,0.0
33.45,-118.75,2016-05-26 00:00:00,0,0.0
33.45,-118.649994,2016-05-26 00:00:00,0,0.0
33.45,-118.549995,2016-05-26 00:00:00,0,0.0
33.45,-118.45,2016-05-26 00:00:00,0,0.0
33.45,-118.34999,2016-05-26 00:00:00,0,0.0
33.45,-118.25,2016-05-26 00:00:00,0,0.0
33.45,-118.149994,2016-05-26 00:00:00,0,0.0
33.45,-118.049995,2016-05-26 00:00:00,0,0.0
33.45,-117.95,2016-05-26 00:00:00,0,0.0
33.45,-117.84999,2016-05-26 00:00:00,0,0.0
33.45,-117.75,2016-05-26 00:00:00,0,0.0
33.45,-117.649994,2016-05-26 00:00:00,0,0.0
33.45,-117.549995,2016-05-26 00:00:00,0,0.0
33.45,-117.45,2016-05-26 00:00:00,0,0.0
33.45,-117.34999,2016-05-26 00:00:00,0,0.0
33.45,-117.25,2016-05-26 00:00:00,0,0.0
33.45,-117.149994,2016-05-26 00:00:00,0,0.0
33.45,-117.049995,2016-05-26 00:00:00,0,0.0
33.45,-116.95,2016-05-26 00:00:00,0,0.0
33.45,-116.84999,2016-05-26 00:00:00,0,0.0
33.45,-116.75,2016-05-26 00:00:00,0,0.0
33.45,-116.649994,2016-05-26 00:00:00,0,0.0
33.45,-116.549995,2016-05-26 00:00:00,0,0.0
33.45,-116.45,2016-05-26 00:00:00,0,0.0
33.45,-116.34999,2016-05-26 00:00:00,0,0.0
33.45,-116.25,2016-05-26 00:00:00,0,0.0
33.45,-116.149994,2016-05-26 00:00:00,0,0.0
33.45,-116.049995,2016-05-26 00:00:00,0,0.0
33.45,-115.95,2016-05-26 00:00:00,0,0.0
33.45,-115.85,2016-05-26 00:00:00,0,0.0
33.45,-115.74999,2016-05-26 00:00:00,0,0.0
33.45,-115.649994,2016-05-26 00:00:00,0,0.0
33.45,-115.549995,2016-05-26 00:00:00,0,0.0
33.45,-115.45,2016-05-26 00:00:00,0,0.0
33.45,-115.35,2016-05-26 00:00:00,0,0.0
33.45,-115.24999,2016-05-26 00:00:00,0,0.0
33.45,-115.149994,2016-05-26 00:00:00,0,0.0
33.45,-115.049995,2016-05-26 00:00:00,0,0.0
33.45,-114.95,2016-05-26 00:00:00,0,0.0
33.45,-114.85,2016-05-26 00:00:00,0,0.0
33.45,-114.74999,2016-05-26 00:00:00,0,0.0
33.45,-114.649994,2016-05-26 00:00:00,0,0.0
33.45,-114.549995,2016-05-26 00:00:00,0,0.0
33.45,-114.45,2016-05-26 00:00:00,0,0.0
33.45,-114.35,2016-05-26 00:00:00,0,0.0
33.45,-114.24999,2016-05-26 00:00:00,0,0.0
33.55,-124.34999,2016-05-26 00:00:00,0,0.0
33.55,-124.25,2016-05-26 00:00:00,0,0.0
33.55,-124.149994,2016-05-26 00:00:00,0,0.0
33.55,-124.049995,2016-05-26 00:00:00,0,0.0
33.55,-123.95,2016-05-26 00:00:00,0,0.0
33.55,-123.84999,2016-05-26 00:00:00,0,0.0
33.55,-123.75,2016-05-26 00:00:00,0,0.0
33.55,-123.649994,2016-05-26 00:00:00,0,0.0
33.55,-123.549995,2016-05-26 00:00:00,0,0.0
33.55,-123.45,2016-05-26 00:00:00,0,0.0
33.55,-123.34999,2016-05-26 00:00:00,0,0.0
33.55,-123.25,2016-05-26 00:00:00,0,0.0
33.55,-123.149994,2016-05-26 00:00:00,0,0.0
33.55,-123.049995,2016-05-26 00:00:00,0,0.0
33.55,-122.95,2016-05-26 00:00:00,0,0.0
33.55,-122.84999,2016-05-26 00:00:00,0,0.0
33.55,-122.75,2016-05-26 00:00:00,0,0.0
33.55,-122.649994,2016-05-26 00:00:00,0,0.0
33.55,-122.549995,2016-05-26 00:00:00,0,0.0
33.55,-122.45,2016-05-26 00:00:00,0,0.0
33.55,-122.34999,2016-05-26 00:00:00,0,0.0
33.55,-122.25,2016-05-26 00:00:00,0,0.0
33.55,-122.149994,2016-05-26 00:00:00,0,0.0
33.55,-122.049995,2016-05-26 00:00:00,0,0.0
33.55,-121.95,2016-05-26 00:00:00,0,0.0
33.55,-121.84999,2016-05-26 00:00:00,0,0.0
33.55,-121.75,2016-05-26 00:00:00,0,0.0
33.55,-121.649994,2016-05-26 00:00:00,0,0.0
33.55,-121.549995,2016-05-26 00:00:00,0,0.0
33.55,-121.45,2016-05-26 00:00:00,0,0.0
33.55,-121.34999,2016-05-26 00:00:00,0,0.0
33.55,-121.25,2016-05-26 00:00:00,0,0.0
33.55,-121.149994,2016-05-26 00:00:00,0,0.0
33.55,-121.049995,2016-05-26 00:00:00,0,0.0
33.55,-120.95,2016-05-26 00:00:00,0,0.0
33.55,-120.84999,2016-05-26 00:00:00,0,0.0
33.55,-120.75,2016-05-26 00:00:00,0,0.0
33.55,-120.649994,2016-05-26 00:00:00,0,0.0
33.55,-120.549995,2016-05-26 00:00:00,0,0.0
33.55,-120.45,2016-05-26 00:00:00,0,0.0
33.55,-120.34999,2016-05-26 00:00:00,0,0.0
33.55,-120.25,2016-05-26 00:00:00,0,0.0
33.55,-120.149994,2016-05-26 00:00:00,0,0.0
33.55,-120.049995,2016-05-26 00:00:00,0,0.0
33.55,-119.95,2016-05-26 00:00:00,0,0.0
33.55,-119.84999,2016-05-26 00:00:00,0,0.0
33.55,-119.75,2016-05-26 00:00:00,0,0.0
33.55,-119.649994,2016-05-26 00:00:00,0,0.0
33.55,-119.549995,2016-05-26 00:00:00,0,0.0
33.55,-119.45,2016-05-26 00:00:00,0,0.0
33.55,-119.34999,2016-05-26 00:00:00,0,0.0
33.55,-119.25,2016-05-26 00:00:00,0,0.0
33.55,-119.149994,2016-05-26 00:00:00,0,0.0
33.55,-119.049995,2016-05-26 00:00:00,0,0.0
33.55,-118.95,2016-05-26 00:00:00,0,0.0
33.55,-118.84999,2016-05-26 00:00:00,0,0.0
33.55,-118.75,2016-05-26 00:00:00,0,0.0
33.55,-118.649994,2016-05-26 00:00:00,0,0.0
33.55,-118.549995,2016-05-26 00:00:00,0,0.0
33.55,-118.45,2016-05-26 00:00:00,0,0.0
33.55,-118.34999,2016-05-26 00:00:00,0,0.0
33.55,-118.25,2016-05-26 00:00:00,0,0.0
33.55,-118.149994,2016-05-26 00:00:00,0,0.0
33.55,-118.049995,2016-05-26 00:00:00,0,0.0
33.55,-117.95,2016-05-26 00:00:00,0,0.0
33.55,-117.84999,2016-05-26 00:00:00,0,0.0
33.55,-117.75,2016-05-26 00:00:00,0,0.0
33.55,-117.649994,2016-05-26 00:00:00,0,0.0
33.55,-117.549995,2016-05-26 00:00:00,0,0.0
33.55,-117.45,2016-05-26 00:00:00,0,0.0
33.55,-117.34999,2016-05-26 00:00:00,0,0.0
33.55,-117.25,2016-05-26 00:00:00,0,0.0
33.55,-117.149994,2016-05-26 00:00:00,0,0.0
33.55,-117.049995,2016-05-26 00:00:00,0,0.0
33.55,-116.95,2016-05-26 00:00:00,0,0.0
33.55,-116.84999,2016-05-26 00:00:00,0,0.0
33.55,-116.75,2016-05-26 00:00:00,0,0.0
33.55,-116.649994,2016-05-26 00:00:00,0,0.0
33.55,-116.549995,2016-05-26 00:00:00,0,0.0
33.55,-116.45,2016-05-26 00:00:00,0,0.0
33.55,-116.34999,2016-05-26 00:00:00,0,0.0
33.55,-116.25,2016-05-26 00:00:00,0,0.0
33.55,-116.149994,2016-05-26 00:00:00,0,0.0
33.55,-116.049995,2016-05-26 00:00:00,0,0.0
33.55,-115.95,2016-05-26 00:00:00,0,0.0
33.55,-115.85,2016-05-26 00:00:00,0,0.0
33.55,-115.74999,2016-05-26 00:00:00,0,0.0
33.55,-115.649994,2016-05-26 00:00:00,0,0.0
33.55,-115.549995,2016-05-26 00:00:00,0,0.0
33.55,-115.45,2016-05-26 00:00:00,0,0.0
33.55,-115.35,2016-05-26 00:00:00,0,0.0
33.55,-115.24999,2016-05-26 00:00:00,0,0.0
33.55,-115.149994,2016-05-26 00:00:00,0,0.0
33.55,-115.049995,2016-05-26 00:00:00,0,0.0
33.55,-114.95,2016-05-26 00:00:00,0,0.0
33.55,-114.85,2016-05-26 00:00:00,0,0.0
33.55,-114.74999,2016-05-26 00:00:00,0,0.0
33.55,-114.649994,2016-05-26 00:00:00,0,0.0
33.55,-114.549995,2016-05-26 00:00:00,0,0.0
33.55,-114.45,2016-05-26 00:00:00,0,0.0
33.55,-114.35,2016-05-26 00:00:00,0,0.0
33.55,-114.24999,2016-05-26 00:00:00,0,0.0
33.649998,-124.34999,2016-05-26 00:00:00,0,0.0
33.649998,-124.25,2016-05-26 00:00:00,0,0.0
33.649998,-124.149994,2016-05-26 00:00:00,0,0.0
33.649998,-124.049995,2016-05-26 00:00:00,0,0.0
33.649998,-123.95,2016-05-26 00:00:00,0,0.0
33.649998,-123.84999,2016-05-26 00:00:00,0,0.0
33.649998,-123.75,2016-05-26 00:00:00,0,0.0
33.649998,-123.649994,2016-05-26 00:00:00,0,0.0
33.649998,-123.549995,2016-05-26 00:00:00,0,0.0
33.649998,-123.45,2016-05-26 00:00:00,0,0.0
33.649998,-123.34999,2016-05-26 00:00:00,0,0.0
33.649998,-123.25,2016-05-26 00:00:00,0,0.0
33.649998,-123.149994,2016-05-26 00:00:00,0,0.0
33.649998,-123.049995,2016-05-26 00:00:00,0,0.0
33.649998,-122.95,2016-05-26 00:00:00,0,0.0
33.649998,-122.84999,2016-05-26 00:00:00,0,0.0
33.649998,-122.75,2016-05-26 00:00:00,0,0.0
33.649998,-122.649994,2016-05-26 00:00:00,0,0.0
33.649998,-122.549995,2016-05-26 00:00:00,0,0.0
33.649998,-122.45,2016-05-26 00:00:00,0,0.0
33.649998,-122.34999,2016-05-26 00:00:00,0,0.0
33.649998,-122.25,2016-05-26 00:00:00,0,0.0
33.649998,-122.149994,2016-05-26 00:00:00,0,0.0
33.649998,-122.049995,2016-05-26 00:00:00,0,0.0
33.649998,-121.95,2016-05-26 00:00:00,0,0.0
33.649998,-121.84999,2016-05-26 00:00:00,0,0.0
33.649998,-121.75,2016-05-26 00:00:00,0,0.0
33.649998,-121.649994,2016-05-26 00:00:00,0,0.0
33.649998,-121.549995,2016-05-26 00:00:00,0,0.0
33.649998,-121.45,2016-05-26 00:00:00,0,0.0
33.649998,-121.34999,2016-05-26 00:00:00,0,0.0
33.649998,-121.25,2016-05-26 00:00:00,0,0.0
33.649998,-121.149994,2016-05-26 00:00:00,0,0.0
33.649998,-121.049995,2016-05-26 00:00:00,0,0.0
33.649998,-120.95,2016-05-26 00:00:00,0,0.0
33.649998,-120.84999,2016-05-26 00:00:00,0,0.0
33.649998,-120.75,2016-05-26 00:00:00,0,0.0
33.649998,-120.649994,2016-05-26 00:00:00,0,0.0
33.649998,-120.549995,2016-05-26 00:00:00,0,0.0
33.649998,-120.45,2016-05-26 00:00:00,0,0.0
33.649998,-120.34999,2016-05-26 00:00:00,0,0.0
33.649998,-120.25,2016-05-26 00:00:00,0,0.0
33.649998,-120.149994,2016-05-26 00:00:00,0,0.0
33.649998,-120.049995,2016-05-26 00:00:00,0,0.0
33.649998,-119.95,2016-05-26 00:00:00,0,0.0
33.649998,-119.84999,2016-05-26 00:00:00,0,0.0
33.649998,-119.75,2016-05-26 00:00:00,0,0.0
33.649998,-119.649994,2016-05-26 00:00:00,0,0.0
33.649998,-119.549995,2016-05-26 00:00:00,0,0.0
33.649998,-119.45,2016-05-26 00:00:00,0,0.0
33.649998,-119.34999,2016-05-26 00:00:00,0,0.0
33.649998,-119.25,2016-05-26 00:00:00,0,0.0
33.649998,-119.149994,2016-05-26 00:00:00,0,0.0
33.649998,-119.049995,2016-05-26 00:00:00,0,0.0
33.649998,-118.95,2016-05-26 00:00:00,0,0.0
33.649998,-118.84999,2016-05-26 00:00:00,0,0.0
33.649998,-118.75,2016-05-26 00:00:00,0,0.0
33.649998,-118.649994,2016-05-26 00:00:00,0,0.0
33.649998,-118.549995,2016-05-26 00:00:00,0,0.0
33.649998,-118.45,2016-05-26 00:00:00,0,0.0
33.649998,-118.34999,2016-05-26 00:00:00,0,0.0
33.649998,-118.25,2016-05-26 00:00:00,0,0.0
33.649998,-118.149994,2016-05-26 00:00:00,0,0.0
33.649998,-118.049995,2016-05-26 00:00:00,0,0.0
33.649998,-117.95,2016-05-26 00:00:00,0,0.0
33.649998,-117.84999,2016-05-26 00:00:00,0,0.0
33.649998,-117.75,2016-05-26 00:00:00,0,0.0
33.649998,-117.649994,2016-05-26 00:00:00,0,0.0
33.649998,-117.549995,2016-05-26 00:00:00,0,0.0
33.649998,-117.45,2016-05-26 00:00:00,0,0.0
33.649998,-117.34999,2016-05-26 00:00:00,0,0.0
33.649998,-117.25,2016-05-26 00:00:00,0,0.0
33.649998,-117.149994,2016-05-26 00:00:00,0,0.0
33.649998,-117.049995,2016-05-26 00:00:00,0,0.0
33.649998,-116.95,2016-05-26 00:00:00,0,0.0
33.649998,-116.84999,2016-05-26 00:00:00,0,0.76214695
33.649998,-116.75,2016-05-26 00:00:00,0,0.0
33.649998,-116.649994,2016-05-26 00:00:00,0,0.0
33.649998,-116.549995,2016-05-26 00:00:00,0,0.0
33.649998,-116.45,2016-05-26 00:00:00,0,0.0
33.649998,-116.34999,2016-05-26 00:00:00,0,0.0
33.649998,-116.25,2016-05-26 00:00:00,0,0.0
33.649998,-116.149994,2016-05-26 00:00:00,0,0.0
33.649998,-116.049995,2016-05-26 00:00:00,0,0.0
33.649998,-115.95,2016-05-26 00:00:00,0,0.0
33.649998,-115.85,2016-05-26 00:00:00,0,0.0
33.649998,-115.74999,2016-05-26 00:00:00,0,0.0
33.649998,-115.649994,2016-05-26 00:00:00,0,0.0
33.649998,-115.549995,2016-05-26 00:00:00,0,0.0
33.649998,-115.45,2016-05-26 00:00:00,0,0.0
33.649998,-115.35,2016-05-26 00:00:00,0,0.0
33.649998,-115.24999,2016-05-26 00:00:00,0,0.0
33.649998,-115.149994,2016-05-26 00:00:00,0,0.0
33.649998,-115.049995,2016-05-26 00:00:00,0,0.0
33.649998,-114.95,2016-05-26 00:00:00,0,0.0
33.649998,-114.85,2016-05-26 00:00:00,0,0.0
33.649998,-114.74999,2016-05-26 00:00:00,0,0.0
33.649998,-114.649994,2016-05-26 00:00:00,0,0.0
33.649998,-114.549995,2016-05-26 00:00:00,0,0.0
33.649998,-114.45,2016-05-26 00:00:00,0,0.0
33.649998,-114.35,2016-05-26 00:00:00,0,0.0
33.649998,-114.24999,2016-05-26 00:00:00,0,0.0
33.750004,-124.34999,2016-05-26 00:00:00,0,0.0
33.750004,-124.25,2016-05-26 00:00:00,0,0.0
33.750004,-124.149994,2016-05-26 00:00:00,0,0.0
33.750004,-124.049995,2016-05-26 00:00:00,0,0.0
33.750004,-123.95,2016-05-26 00:00:00,0,0.0
33.750004,-123.84999,2016-05-26 00:00:00,0,0.0
33.750004,-123.75,2016-05-26 00:00:00,0,0.0
33.750004,-123.649994,2016-05-26 00:00:00,0,0.0
33.750004,-123.549995,2016-05-26 00:00:00,0,0.0
33.750004,-123.45,2016-05-26 00:00:00,0,0.0
33.750004,-123.34999,2016-05-26 00:00:00,0,0.0
33.750004,-123.25,2016-05-26 00:00:00,0,0.0
33.750004,-123.149994,2016-05-26 00:00:00,0,0.0
33.750004,-123.049995,2016-05-26 00:00:00,0,0.0
33.750004,-122.95,2016-05-26 00:00:00,0,0.0
33.750004,-122.84999,2016-05-26 00:00:00,0,0.0
33.750004,-122.75,2016-05-26 00:00:00,0,0.0
33.750004,-122.649994,2016-05-26 00:00:00,0,0.0
33.750004,-122.549995,2016-05-26 00:00:00,0,0.0
33.750004,-122.45,2016-05-26 00:00:00,0,0.0
33.750004,-122.34999,2016-05-26 00:00:00,0,0.0
33.750004,-122.25,2016-05-26 00:00:00,0,0.0
33.750004,-122.149994,2016-05-26 00:00:00,0,0.0
33.750004,-122.049995,2016-05-26 00:00:00,0,0.0
33.750004,-121.95,2016-05-26 00:00:00,0,0.0
33.750004,-121.84999,2016-05-26 00:00:00,0,0.0
33.750004,-121.75,2016-05-26 00:00:00,0,0.0
33.750004,-121.649994,2016-05-26 00:00:00,0,0.0
33.750004,-121.549995,2016-05-26 00:00:00,0,0.0
33.750004,-121.45,2016-05-26 00:00:00,0,0.0
33.750004,-121.34999,2016-05-26 00:00:00,0,0.0
33.750004,-121.25,2016-05-26 00:00:00,0,0.0
33.750004,-121.149994,2016-05-26 00:00:00,0,0.0
33.750004,-121.049995,2016-05-26 00:00:00,0,0.0
33.750004,-120.95,2016-05-26 00:00:00,0,0.0
33.750004,-120.84999,2016-05-26 00:00:00,0,0.0
33.750004,-120.75,2016-05-26 00:00:00,0,0.0
33.750004,-120.649994,2016-05-26 00:00:00,0,0.0
33.750004,-120.549995,2016-05-26 00:00:00,0,0.0
33.750004,-120.45,2016-05-26 00:00:00,0,0.0
33.750004,-120.34999,2016-05-26 00:00:00,0,0.0
33.750004,-120.25,2016-05-26 00:00:00,0,0.0
33.750004,-120.149994,2016-05-26 00:00:00,0,0.0
33.750004,-120.049995,2016-05-26 00:00:00,0,0.0
33.750004,-119.95,2016-05-26 00:00:00,0,0.0
33.750004,-119.84999,2016-05-26 00:00:00,0,0.0
33.750004,-119.75,2016-05-26 00:00:00,0,0.0
33.750004,-119.649994,2016-05-26 00:00:00,0,0.0
33.750004,-119.549995,2016-05-26 00:00:00,0,0.0
33.750004,-119.45,2016-05-26 00:00:00,0,0.0
33.750004,-119.34999,2016-05-26 00:00:00,0,0.0
33.750004,-119.25,2016-05-26 00:00:00,0,0.0
33.750004,-119.149994,2016-05-26 00:00:00,0,0.0
33.750004,-119.049995,2016-05-26 00:00:00,0,0.0
33.750004,-118.95,2016-05-26 00:00:00,0,0.0
33.750004,-118.84999,2016-05-26 00:00:00,0,0.0
33.750004,-118.75,2016-05-26 00:00:00,0,0.0
33.750004,-118.649994,2016-05-26 00:00:00,0,0.0
33.750004,-118.549995,2016-05-26 00:00:00,0,0.0
33.750004,-118.45,2016-05-26 00:00:00,0,0.0
33.750004,-118.34999,2016-05-26 00:00:00,0,0.0
33.750004,-118.25,2016-05-26 00:00:00,0,0.0
33.750004,-118.149994,2016-05-26 00:00:00,0,0.0
33.750004,-118.049995,2016-05-26 00:00:00,0,0.0
33.750004,-117.95,2016-05-26 00:00:00,0,0.0
33.750004,-117.84999,2016-05-26 00:00:00,0,0.0
33.750004,-117.75,2016-05-26 00:00:00,0,0.0
33.750004,-117.649994,2016-05-26 00:00:00,0,0.0
33.750004,-117.549995,2016-05-26 00:00:00,0,0.0
33.750004,-117.45,2016-05-26 00:00:00,0,0.0
33.750004,-117.34999,2016-05-26 00:00:00,0,0.0
33.750004,-117.25,2016-05-26 00:00:00,0,0.0
33.750004,-117.149994,2016-05-26 00:00:00,0,0.0
33.750004,-117.049995,2016-05-26 00:00:00,0,0.0
33.750004,-116.95,2016-05-26 00:00:00,0,0.0
33.750004,-116.84999,2016-05-26 00:00:00,0,0.0
33.750004,-116.75,2016-05-26 00:00:00,0,0.0
33.750004,-116.649994,2016-05-26 00:00:00,0,0.0
33.750004,-116.549995,2016-05-26 00:00:00,0,0.0
33.750004,-116.45,2016-05-26 00:00:00,0,0.0
33.750004,-116.34999,2016-05-26 00:00:00,0,0.0
33.750004,-116.25,2016-05-26 00:00:00,0,0.0
33.750004,-116.149994,2016-05-26 00:00:00,0,0.0
33.750004,-116.049995,2016-05-26 00:00:00,0,0.0
33.750004,-115.95,2016-05-26 00:00:00,0,0.0
33.750004,-115.85,2016-05-26 00:00:00,0,0.0
33.750004,-115.74999,2016-05-26 00:00:00,0,0.0
33.750004,-115.649994,2016-05-26 00:00:00,0,0.0
33.750004,-115.549995,2016-05-26 00:00:00,0,0.0
33.750004,-115.45,2016-05-26 00:00:00,0,0.0
33.750004,-115.35,2016-05-26 00:00:00,0,0.0
33.750004,-115.24999,2016-05-26 00:00:00,0,0.0
33.750004,-115.149994,2016-05-26 00:00:00,0,0.0
33.750004,-115.049995,2016-05-26 00:00:00,0,0.0
33.750004,-114.95,2016-05-26 00:00:00,0,0.0
33.750004,-114.85,2016-05-26 00:00:00,0,0.0
33.750004,-114.74999,2016-05-26 00:00:00,0,0.0
33.750004,-114.649994,2016-05-26 00:00:00,0,0.0
33.750004,-114.549995,2016-05-26 00:00:00,0,0.0
33.750004,-114.45,2016-05-26 00:00:00,0,0.0
33.750004,-114.35,2016-05-26 00:00:00,0,0.0
33.750004,-114.24999,2016-05-26 00:00:00,0,0.0
33.850002,-124.34999,2016-05-26 00:00:00,0,0.0
33.850002,-124.25,2016-05-26 00:00:00,0,0.0
33.850002,-124.149994,2016-05-26 00:00:00,0,0.0
33.850002,-124.049995,2016-05-26 00:00:00,0,0.0
33.850002,-123.95,2016-05-26 00:00:00,0,0.0
33.850002,-123.84999,2016-05-26 00:00:00,0,0.0
33.850002,-123.75,2016-05-26 00:00:00,0,0.0
33.850002,-123.649994,2016-05-26 00:00:00,0,0.0
33.850002,-123.549995,2016-05-26 00:00:00,0,0.0
33.850002,-123.45,2016-05-26 00:00:00,0,0.0
33.850002,-123.34999,2016-05-26 00:00:00,0,0.0
33.850002,-123.25,2016-05-26 00:00:00,0,0.0
33.850002,-123.149994,2016-05-26 00:00:00,0,0.0
33.850002,-123.049995,2016-05-26 00:00:00,0,0.0
33.850002,-122.95,2016-05-26 00:00:00,0,0.0
33.850002,-122.84999,2016-05-26 00:00:00,0,0.0
33.850002,-122.75,2016-05-26 00:00:00,0,0.0
33.850002,-122.649994,2016-05-26 00:00:00,0,0.0
33.850002,-122.549995,2016-05-26 00:00:00,0,0.0
33.850002,-122.45,2016-05-26 00:00:00,0,0.0
33.850002,-122.34999,2016-05-26 00:00:00,0,0.0
33.850002,-122.25,2016-05-26 00:00:00,0,0.0
33.850002,-122.149994,2016-05-26 00:00:00,0,0.0
33.850002,-122.049995,2016-05-26 00:00:00,0,0.0
33.850002,-121.95,2016-05-26 00:00:00,0,0.0
33.850002,-121.84999,2016-05-26 00:00:00,0,0.0
33.850002,-121.75,2016-05-26 00:00:00,0,0.0
33.850002,-121.649994,2016-05-26 00:00:00,0,0.0
33.850002,-121.549995,2016-05-26 00:00:00,0,0.0
33.850002,-121.45,2016-05-26 00:00:00,0,0.0
33.850002,-121.34999,2016-05-26 00:00:00,0,0.0
33.850002,-121.25,2016-05-26 00:00:00,0,0.0
33.850002,-121.149994,2016-05-26 00:00:00,0,0.0
33.850002,-121.049995,2016-05-26 00:00:00,0,0.0
33.850002,-120.95,2016-05-26 00:00:00,0,0.0
33.850002,-120.84999,2016-05-26 00:00:00,0,0.0
33.850002,-120.75,2016-05-26 00:00:00,0,0.0
33.850002,-120.649994,2016-05-26 00:00:00,0,0.0
33.850002,-120.549995,2016-05-26 00:00:00,0,0.0
33.850002,-120.45,2016-05-26 00:00:00,0,0.0
33.850002,-120.34999,2016-05-26 00:00:00,0,0.0
33.850002,-120.25,2016-05-26 00:00:00,0,0.0
33.850002,-120.149994,2016-05-26 00:00:00,0,0.0
33.850002,-120.049995,2016-05-26 00:00:00,0,0.0
33.850002,-119.95,2016-05-26 00:00:00,0,0.0
33.850002,-119.84999,2016-05-26 00:00:00,0,0.0
33.850002,-119.75,2016-05-26 00:00:00,0,0.0
33.850002,-119.649994,2016-05-26 00:00:00,0,0.0
33.850002,-119.549995,2016-05-26 00:00:00,0,0.0
33.850002,-119.45,2016-05-26 00:00:00,0,0.0
33.850002,-119.34999,2016-05-26 00:00:00,0,0.0
33.850002,-119.25,2016-05-26 00:00:00,0,0.0
33.850002,-119.149994,2016-05-26 00:00:00,0,0.0
33.850002,-119.049995,2016-05-26 00:00:00,0,0.0
33.850002,-118.95,2016-05-26 00:00:00,0,0.0
33.850002,-118.84999,2016-05-26 00:00:00,0,0.0
33.850002,-118.75,2016-05-26 00:00:00,0,0.0
33.850002,-118.649994,2016-05-26 00:00:00,0,0.0
33.850002,-118.549995,2016-05-26 00:00:00,0,0.0
33.850002,-118.45,2016-05-26 00:00:00,0,0.0
33.850002,-118.34999,2016-05-26 00:00:00,0,0.0
33.850002,-118.25,2016-05-26 00:00:00,0,0.0
33.850002,-118.149994,2016-05-26 00:00:00,0,0.0
33.850002,-118.049995,2016-05-26 00:00:00,0,0.0
33.850002,-117.95,2016-05-26 00:00:00,0,0.0
33.850002,-117.84999,2016-05-26 00:00:00,0,0.0
33.850002,-117.75,2016-05-26 00:00:00,0,0.0
33.850002,-117.649994,2016-05-26 00:00:00,0,0.0
33.850002,-117.549995,2016-05-26 00:00:00,0,0.0
33.850002,-117.45,2016-05-26 00:00:00,0,0.0
33.850002,-117.34999,2016-05-26 00:00:00,0,0.08860792
33.850002,-117.25,2016-05-26 00:00:00,0,0.0
33.850002,-117.149994,2016-05-26 00:00:00,0,0.0
33.850002,-117.049995,2016-05-26 00:00:00,0,0.0
33.850002,-116.95,2016-05-26 00:00:00,0,0.0
33.850002,-116.84999,2016-05-26 00:00:00,0,0.0
33.850002,-116.75,2016-05-26 00:00:00,0,0.0
33.850002,-116.649994,2016-05-26 00:00:00,0,0.0
33.850002,-116.549995,2016-05-26 00:00:00,0,0.0
33.850002,-116.45,2016-05-26 00:00:00,0,0.0
33.850002,-116.34999,2016-05-26 00:00:00,0,0.0
33.850002,-116.25,2016-05-26 00:00:00,0,0.0
33.850002,-116.149994,2016-05-26 00:00:00,0,0.0
33.850002,-116.049995,2016-05-26 00:00:00,0,0.0
33.850002,-115.95,2016-05-26 00:00:00,0,0.0
33.850002,-115.85,2016-05-26 00:00:00,0,0.0
33.850002,-115.74999,2016-05-26 00:00:00,0,0.0
33.850002,-115.649994,2016-05-26 00:00:00,0,0.0
33.850002,-115.549995,2016-05-26 00:00:00,0,0.0
33.850002,-115.45,2016-05-26 00:00:00,0,0.0
33.850002,-115.35,2016-05-26 00:00:00,0,0.0
33.850002,-115.24999,2016-05-26 00:00:00,0,0.0
33.850002,-115.149994,2016-05-26 00:00:00,0,0.0
33.850002,-115.049995,2016-05-26 00:00:00,0,0.0
33.850002,-114.95,2016-05-26 00:00:00,0,0.0
33.850002,-114.85,2016-05-26 00:00:00,0,0.0
33.850002,-114.74999,2016-05-26 00:00:00,0,0.0
33.850002,-114.649994,2016-05-26 00:00:00,0,0.06666399
33.850002,-114.549995,2016-05-26 00:00:00,0,0.0
33.850002,-114.45,2016-05-26 00:00:00,0,0.0
33.850002,-114.35,2016-05-26 00:00:00,0,0.0
33.850002,-114.24999,2016-05-26 00:00:00,0,0.0
33.95,-124.34999,2016-05-26 00:00:00,0,0.0
33.95,-124.25,2016-05-26 00:00:00,0,0.0
33.95,-124.149994,2016-05-26 00:00:00,0,0.0
33.95,-124.049995,2016-05-26 00:00:00,0,0.0
33.95,-123.95,2016-05-26 00:00:00,0,0.0
33.95,-123.84999,2016-05-26 00:00:00,0,0.0
33.95,-123.75,2016-05-26 00:00:00,0,0.0
33.95,-123.649994,2016-05-26 00:00:00,0,0.0
33.95,-123.549995,2016-05-26 00:00:00,0,0.0
33.95,-123.45,2016-05-26 00:00:00,0,0.0
33.95,-123.34999,2016-05-26 00:00:00,0,0.0
33.95,-123.25,2016-05-26 00:00:00,0,0.0
33.95,-123.149994,2016-05-26 00:00:00,0,0.0
33.95,-123.049995,2016-05-26 00:00:00,0,0.0
33.95,-122.95,2016-05-26 00:00:00,0,0.0
33.95,-122.84999,2016-05-26 00:00:00,0,0.0
33.95,-122.75,2016-05-26 00:00:00,0,0.0
33.95,-122.649994,2016-05-26 00:00:00,0,0.0
33.95,-122.549995,2016-05-26 00:00:00,0,0.0
33.95,-122.45,2016-05-26 00:00:00,0,0.0
33.95,-122.34999,2016-05-26 00:00:00,0,0.0
33.95,-122.25,2016-05-26 00:00:00,0,0.0
33.95,-122.149994,2016-05-26 00:00:00,0,0.0
33.95,-122.049995,2016-05-26 00:00:00,0,0.0
33.95,-121.95,2016-05-26 00:00:00,0,0.0
33.95,-121.84999,2016-05-26 00:00:00,0,0.0
33.95,-121.75,2016-05-26 00:00:00,0,0.0
33.95,-121.649994,2016-05-26 00:00:00,0,0.0
33.95,-121.549995,2016-05-26 00:00:00,0,0.0
33.95,-121.45,2016-05-26 00:00:00,0,0.0
33.95,-121.34999,2016-05-26 00:00:00,0,0.0
33.95,-121.25,2016-05-26 00:00:00,0,0.0
33.95,-121.149994,2016-05-26 00:00:00,0,0.0
33.95,-121.049995,2016-05-26 00:00:00,0,0.0
33.95,-120.95,2016-05-26 00:00:00,0,0.0
33.95,-120.84999,2016-05-26 00:00:00,0,0.0
33.95,-120.75,2016-05-26 00:00:00,0,0.0
33.95,-120.649994,2016-05-26 00:00:00,0,0.0
33.95,-120.549995,2016-05-26 00:00:00,0,0.0
33.95,-120.45,2016-05-26 00:00:00,0,0.0
33.95,-120.34999,2016-05-26 00:00:00,0,0.0
33.95,-120.25,2016-05-26 00:00:00,0,0.0
33.95,-120.149994,2016-05-26 00:00:00,0,0.0
33.95,-120.049995,2016-05-26 00:00:00,0,0.3291089
33.95,-119.95,2016-05-26 00:00:00,0,0.0
33.95,-119.84999,2016-05-26 00:00:00,0,0.0
33.95,-119.75,2016-05-26 00:00:00,0,0.0
33.95,-119.649994,2016-05-26 00:00:00,0,0.0
33.95,-119.549995,2016-05-26 00:00:00,0,0.0
33.95,-119.45,2016-05-26 00:00:00,0,0.0
33.95,-119.34999,2016-05-26 00:00:00,0,0.0
33.95,-119.25,2016-05-26 00:00:00,0,0.0
33.95,-119.149994,2016-05-26 00:00:00,0,0.0
33.95,-119.049995,2016-05-26 00:00:00,0,0.0
33.95,-118.95,2016-05-26 00:00:00,0,0.0
33.95,-118.84999,2016-05-26 00:00:00,0,0.0
33.95,-118.75,2016-05-26 00:00:00,0,0.0
33.95,-118.649994,2016-05-26 00:00:00,0,0.0
33.95,-118.549995,2016-05-26 00:00:00,0,0.0
33.95,-118.45,2016-05-26 00:00:00,0,0.0
33.95,-118.34999,2016-05-26 00:00:00,0,0.0
33.95,-118.25,2016-05-26 00:00:00,0,0.0
33.95,-118.149994,2016-05-26 00:00:00,0,0.0
33.95,-118.049995,2016-05-26 00:00:00,0,0.0
33.95,-117.95,2016-05-26 00:00:00,0,0.0
33.95,-117.84999,2016-05-26 00:00:00,0,0.0
33.95,-117.75,2016-05-26 00:00:00,0,0.0
33.95,-117.649994,2016-05-26 00:00:00,0,0.0
33.95,-117.549995,2016-05-26 00:00:00,0,0.0
33.95,-117.45,2016-05-26 00:00:00,0,0.0
33.95,-117.34999,2016-05-26 00:00:00,0,0.0
33.95,-117.25,2016-05-26 00:00:00,0,0.0
33.95,-117.149994,2016-05-26 00:00:00,0,0.0
33.95,-117.049995,2016-05-26 00:00:00,0,0.0
33.95,-116.95,2016-05-26 00:00:00,0,0.0
33.95,-116.84999,2016-05-26 00:00:00,0,0.0
33.95,-116.75,2016-05-26 00:00:00,0,0.0
33.95,-116.649994,2016-05-26 00:00:00,0,0.0
33.95,-116.549995,2016-05-26 00:00:00,0,0.0
33.95,-116.45,2016-05-26 00:00:00,0,0.014067074
33.95,-116.34999,2016-05-26 00:00:00,0,0.03651369
33.95,-116.25,2016-05-26 00:00:00,0,0.03651369
33.95,-116.149994,2016-05-26 00:00:00,0,0.09617193
33.95,-116.049995,2016-05-26 00:00:00,0,1.2689388
33.95,-115.95,2016-05-26 00:00:00,0,4.8772254
33.95,-115.85,2016-05-26 00:00:00,0,0.0002282188
33.95,-115.74999,2016-05-26 00:00:00,0,0.0015214586
33.95,-115.649994,2016-05-26 00:00:00,0,0.002206115
33.95,-115.549995,2016-05-26 00:00:00,0,0.026387438
33.95,-115.45,2016-05-26 00:00:00,0,0.60261124
33.95,-115.35,2016-05-26 00:00:00,0,0.0004944741
33.95,-115.24999,2016-05-26 00:00:00,0,3.803647e-05
33.95,-115.149994,2016-05-26 00:00:00,0,0.0
33.95,-115.049995,2016-05-26 00:00:00,0,0.0
33.95,-114.95,2016-05-26 00:00:00,0,0.0
33.95,-114.85,2016-05-26 00:00:00,0,0.0
33.95,-114.74999,2016-05-26 00:00:00,0,0.0
33.95,-114.649994,2016-05-26 00:00:00,0,0.0
33.95,-114.549995,2016-05-26 00:00:00,0,0.10954106
33.95,-114.45,2016-05-26 00:00:00,0,0.0
33.95,-114.35,2016-05-26 00:00:00,0,0.0
33.95,-114.24999,2016-05-26 00:00:00,0,0.0
34.05,-124.34999,2016-05-26 00:00:00,0,0.0
34.05,-124.25,2016-05-26 00:00:00,0,0.0
34.05,-124.149994,2016-05-26 00:00:00,0,0.0
34.05,-124.049995,2016-05-26 00:00:00,0,0.0
34.05,-123.95,2016-05-26 00:00:00,0,0.0
34.05,-123.84999,2016-05-26 00:00:00,0,0.0
34.05,-123.75,2016-05-26 00:00:00,0,0.0
34.05,-123.649994,2016-05-26 00:00:00,0,0.0
34.05,-123.549995,2016-05-26 00:00:00,0,0.0
34.05,-123.45,2016-05-26 00:00:00,0,0.0
34.05,-123.34999,2016-05-26 00:00:00,0,0.0
34.05,-123.25,2016-05-26 00:00:00,0,0.0
34.05,-123.149994,2016-05-26 00:00:00,0,0.0
34.05,-123.049995,2016-05-26 00:00:00,0,0.0
34.05,-122.95,2016-05-26 00:00:00,0,0.0
34.05,-122.84999,2016-05-26 00:00:00,0,0.0
34.05,-122.75,2016-05-26 00:00:00,0,0.0
34.05,-122.649994,2016-05-26 00:00:00,0,0.0
34.05,-122.549995,2016-05-26 00:00:00,0,0.0
34.05,-122.45,2016-05-26 00:00:00,0,0.0
34.05,-122.34999,2016-05-26 00:00:00,0,0.0
34.05,-122.25,2016-05-26 00:00:00,0,0.0
34.05,-122.149994,2016-05-26 00:00:00,0,0.0
34.05,-122.049995,2016-05-26 00:00:00,0,0.0
34.05,-121.95,2016-05-26 00:00:00,0,0.0
34.05,-121.84999,2016-05-26 00:00:00,0,0.0
34.05,-121.75,2016-05-26 00:00:00,0,0.0
34.05,-121.649994,2016-05-26 00:00:00,0,0.0
34.05,-121.549995,2016-05-26 00:00:00,0,0.0
34.05,-121.45,2016-05-26 00:00:00,0,0.0
34.05,-121.34999,2016-05-26 00:00:00,0,0.0
34.05,-121.25,2016-05-26 00:00:00,0,0.0
34.05,-121.149994,2016-05-26 00:00:00,0,0.0
34.05,-121.049995,2016-05-26 00:00:00,0,0.0
34.05,-120.95,2016-05-26 00:00:00,0,0.0
34.05,-120.84999,2016-05-26 00:00:00,0,0.0
34.05,-120.75,2016-05-26 00:00:00,0,0.0
34.05,-120.649994,2016-05-26 00:00:00,0,0.0
34.05,-120.549995,2016-05-26 00:00:00,0,0.0
34.05,-120.45,2016-05-26 00:00:00,0,0.0
34.05,-120.34999,2016-05-26 00:00:00,0,0.0
34.05,-120.25,2016-05-26 00:00:00,0,0.0
34.05,-120.149994,2016-05-26 00:00:00,0,0.0
34.05,-120.049995,2016-05-26 00:00:00,0,0.0
34.05,-119.95,2016-05-26 00:00:00,0,0.0
34.05,-119.84999,2016-05-26 00:00:00,0,0.0
34.05,-119.75,2016-05-26 00:00:00,0,0.0
34.05,-119.649994,2016-05-26 00:00:00,0,0.0
34.05,-119.549995,2016-05-26 00:00:00,0,0.0
34.05,-119.45,2016-05-26 00:00:00,0,0.0
34.05,-119.34999,2016-05-26 00:00:00,0,0.0
34.05,-119.25,2016-05-26 00:00:00,0,0.0
34.05,-119.149994,2016-05-26 00:00:00,0,0.0
34.05,-119.049995,2016-05-26 00:00:00,0,0.0
34.05,-118.95,2016-05-26 00:00:00,0,0.0
34.05,-118.84999,2016-05-26 00:00:00,0,0.0
34.05,-118.75,2016-05-26 00:00:00,0,0.0
34.05,-118.649994,2016-05-26 00:00:00,0,0.0
34.05,-118.549995,2016-05-26 00:00:00,0,0.0
34.05,-118.45,2016-05-26 00:00:00,0,0.0
34.05,-118.34999,2016-05-26 00:00:00,0,0.0
34.05,-118.25,2016-05-26 00:00:00,0,0.0
34.05,-118.149994,2016-05-26 00:00:00,0,0.0
34.05,-118.049995,2016-05-26 00:00:00,0,0.0
34.05,-117.95,2016-05-26 00:00:00,0,0.0
34.05,-117.84999,2016-05-26 00:00:00,0,0.0
34.05,-117.75,2016-05-26 00:00:00,0,0.0
34.05,-117.649994,2016-05-26 00:00:00,0,0.0
34.05,-117.549995,2016-05-26 00:00:00,0,0.0
34.05,-117.45,2016-05-26 00:00:00,0,0.0
34.05,-117.34999,2016-05-26 00:00:00,0,0.20785826
34.05,-117.25,2016-05-26 00:00:00,0,0.0
34.05,-117.149994,2016-05-26 00:00:00,0,0.0
34.05,-117.049995,2016-05-26 00:00:00,0,0.0
34.05,-116.95,2016-05-26 00:00:00,0,0.0
34.05,-116.84999,2016-05-26 00:00:00,0,0.12660366
34.05,-116.75,2016-05-26 00:00:00,0,0.67932737
34.05,-116.649994,2016-05-26 00:00:00,0,0.0
34.05,-116.549995,2016-05-26 00:00:00,0,0.042201225
34.05,-116.45,2016-05-26 00:00:00,0,0.40165058
34.05,-116.34999,2016-05-26 00:00:00,0,0.41641852
34.05,-116.25,2016-05-26 00:00:00,0,0.08892323
34.05,-116.149994,2016-05-26 00:00:00,0,0.0031333207
34.05,-116.049995,2016-05-26 00:00:00,0,0.0067198887
34.05,-115.95,2016-05-26 00:00:00,0,0.065721706
34.05,-115.85,2016-05-26 00:00:00,0,0.006913131
34.05,-115.74999,2016-05-26 00:00:00,0,0.28940004
34.05,-115.649994,2016-05-26 00:00:00,0,0.4796785
34.05,-115.549995,2016-05-26 00:00:00,0,0.62842
34.05,-115.45,2016-05-26 00:00:00,0,0.62513083
34.05,-115.35,2016-05-26 00:00:00,0,0.3003865
34.05,-115.24999,2016-05-26 00:00:00,0,0.0007036746
34.05,-115.149994,2016-05-26 00:00:00,0,0.0
34.05,-115.049995,2016-05-26 00:00:00,0,0.0
34.05,-114.95,2016-05-26 00:00:00,0,0.0
34.05,-114.85,2016-05-26 00:00:00,0,0.0
34.05,-114.74999,2016-05-26 00:00:00,0,0.0
34.05,-114.649994,2016-05-26 00:00:00,0,0.0
34.05,-114.549995,2016-05-26 00:00:00,0,0.0
34.05,-114.45,2016-05-26 00:00:00,0,0.0
34.05,-114.35,2016-05-26 00:00:00,0,0.0
34.05,-114.24999,2016-05-26 00:00:00,0,0.0
34.149998,-124.34999,2016-05-26 00:00:00,0,0.0
34.149998,-124.25,2016-05-26 00:00:00,0,0.0
34.149998,-124.149994,2016-05-26 00:00:00,0,0.0
34.149998,-124.049995,2016-05-26 00:00:00,0,0.0
34.149998,-123.95,2016-05-26 00:00:00,0,0.0
34.149998,-123.84999,2016-05-26 00:00:00,0,0.0
34.149998,-123.75,2016-05-26 00:00:00,0,0.0
34.149998,-123.649994,2016-05-26 00:00:00,0,0.0
34.149998,-123.549995,2016-05-26 00:00:00,0,0.0
34.149998,-123.45,2016-05-26 00:00:00,0,0.0
34.149998,-123.34999,2016-05-26 00:00:00,0,0.0
34.149998,-123.25,2016-05-26 00:00:00,0,0.0
34.149998,-123.149994,2016-05-26 00:00:00,0,0.0
34.149998,-123.049995,2016-05-26 00:00:00,0,0.0
34.149998,-122.95,2016-05-26 00:00:00,0,0.0
34.149998,-122.84999,2016-05-26 00:00:00,0,0.0
34.149998,-122.75,2016-05-26 00:00:00,0,0.0
34.149998,-122.649994,2016-05-26 00:00:00,0,0.0
34.149998,-122.549995,2016-05-26 00:00:00,0,0.0
34.149998,-122.45,2016-05-26 00:00:00,0,0.0
34.149998,-122.34999,2016-05-26 00:00:00,0,0.0
34.149998,-122.25,2016-05-26 00:00:00,0,0.0
34.149998,-122.149994,2016-05-26 00:00:00,0,0.0
34.149998,-122.049995,2016-05-26 00:00:00,0,0.0
34.149998,-121.95,2016-05-26 00:00:00,0,0.0
34.149998,-121.84999,2016-05-26 00:00:00,0,0.0
34.149998,-121.75,2016-05-26 00:00:00,0,0.0
34.149998,-121.649994,2016-05-26 00:00:00,0,0.0
34.149998,-121.549995,2016-05-26 00:00:00,0,0.0
34.149998,-121.45,2016-05-26 00:00:00,0,0.0
34.149998,-121.34999,2016-05-26 00:00:00,0,0.0
34.149998,-121.25,2016-05-26 00:00:00,0,0.0
34.149998,-121.149994,2016-05-26 00:00:00,0,0.0
34.149998,-121.049995,2016-05-26 00:00:00,0,0.0
34.149998,-120.95,2016-05-26 00:00:00,0,0.0
34.149998,-120.84999,2016-05-26 00:00:00,0,0.0
34.149998,-120.75,2016-05-26 00:00:00,0,0.0
34.149998,-120.649994,2016-05-26 00:00:00,0,0.0
34.149998,-120.549995,2016-05-26 00:00:00,0,0.0
34.149998,-120.45,2016-05-26 00:00:00,0,0.0
34.149998,-120.34999,2016-05-26 00:00:00,0,0.0
34.149998,-120.25,2016-05-26 00:00:00,0,0.0
34.149998,-120.149994,2016-05-26 00:00:00,0,0.0
34.149998,-120.049995,2016-05-26 00:00:00,0,0.0
34.149998,-119.95,2016-05-26 00:00:00,0,0.0
34.149998,-119.84999,2016-05-26 00:00:00,0,0.0
34.149998,-119.75,2016-05-26 00:00:00,0,0.0
34.149998,-119.649994,2016-05-26 00:00:00,0,0.0
34.149998,-119.549995,2016-05-26 00:00:00,0,0.0
34.149998,-119.45,2016-05-26 00:00:00,0,0.0
34.149998,-119.34999,2016-05-26 00:00:00,0,0.0
34.149998,-119.25,2016-05-26 00:00:00,0,0.0
34.149998,-119.149994,2016-05-26 00:00:00,0,0.0
34.149998,-119.049995,2016-05-26 00:00:00,0,0.0
34.149998,-118.95,2016-05-26 00:00:00,0,0.0
34.149998,-118.84999,2016-05-26 00:00:00,0,0.0
34.149998,-118.75,2016-05-26 00:00:00,0,0.0
34.149998,-118.649994,2016-05-26 00:00:00,0,0.0
34.149998,-118.549995,2016-05-26 00:00:00,0,0.0
34.149998,-118.45,2016-05-26 00:00:00,0,0.0
34.149998,-118.34999,2016-05-26 00:00:00,0,0.0
34.149998,-118.25,2016-05-26 00:00:00,0,0.0
34.149998,-118.149994,2016-05-26 00:00:00,0,0.0
34.149998,-118.049995,2016-05-26 00:00:00,0,0.0
34.149998,-117.95,2016-05-26 00:00:00,0,0.0
34.149998,-117.84999,2016-05-26 00:00:00,0,0.0
34.149998,-117.75,2016-05-26 00:00:00,0,0.0
34.149998,-117.649994,2016-05-26 00:00:00,0,0.0
34.149998,-117.549995,2016-05-26 00:00:00,0,0.0
34.149998,-117.45,2016-05-26 00:00:00,0,0.0
34.149998,-117.34999,2016-05-26 00:00:00,0,0.0
34.149998,-117.25,2016-05-26 00:00:00,0,0.0
34.149998,-117.149994,2016-05-26 00:00:00,0,0.0
34.149998,-117.049995,2016-05-26 00:00:00,0,0.08440245
34.149998,-116.95,2016-05-26 00:00:00,0,0.15822598
34.149998,-116.84999,2016-05-26 00:00:00,0,0.0
34.149998,-116.75,2016-05-26 00:00:00,0,1.1223669
34.149998,-116.649994,2016-05-26 00:00:00,0,0.103375904
34.149998,-116.549995,2016-05-26 00:00:00,0,0.32229894
34.149998,-116.45,2016-05-26 00:00:00,0,0.45060363
34.149998,-116.34999,2016-05-26 00:00:00,0,0.14791635
34.149998,-116.25,2016-05-26 00:00:00,0,0.018630447
34.149998,-116.149994,2016-05-26 00:00:00,0,0.023076218
34.149998,-116.049995,2016-05-26 00:00:00,0,4.2753253
34.149998,-115.95,2016-05-26 00:00:00,0,4.305079
34.149998,-115.85,2016-05-26 00:00:00,0,0.040429913
34.149998,-115.74999,2016-05-26 00:00:00,0,9.550234
34.149998,-115.649994,2016-05-26 00:00:00,0,10.704045
34.149998,-115.549995,2016-05-26 00:00:00,0,10.0004835
34.149998,-115.45,2016-05-26 00:00:00,0,0.69149864
34.149998,-115.35,2016-05-26 00:00:00,0,0.02328077
34.149998,-115.24999,2016-05-26 00:00:00,0,0.0027196074
34.149998,-115.149994,2016-05-26 00:00:00,0,0.00015214588
34.149998,-115.049995,2016-05-26 00:00:00,0,0.0
34.149998,-114.95,2016-05-26 00:00:00,0,0.0
34.149998,-114.85,2016-05-26 00:00:00,0,0.0
34.149998,-114.74999,2016-05-26 00:00:00,0,0.0
34.149998,-114.649994,2016-05-26 00:00:00,0,0.0
34.149998,-114.549995,2016-05-26 00:00:00,0,0.0
34.149998,-114.45,2016-05-26 00:00:00,0,0.0
34.149998,-114.35,2016-05-26 00:00:00,0,0.0
34.149998,-114.24999,2016-05-26 00:00:00,0,0.0
34.250004,-124.34999,2016-05-26 00:00:00,0,0.0
34.250004,-124.25,2016-05-26 00:00:00,0,0.0
34.250004,-124.149994,2016-05-26 00:00:00,0,0.0
34.250004,-124.049995,2016-05-26 00:00:00,0,0.0
34.250004,-123.95,2016-05-26 00:00:00,0,0.0
34.250004,-123.84999,2016-05-26 00:00:00,0,0.0
34.250004,-123.75,2016-05-26 00:00:00,0,0.0
34.250004,-123.649994,2016-05-26 00:00:00,0,0.0
34.250004,-123.549995,2016-05-26 00:00:00,0,0.0
34.250004,-123.45,2016-05-26 00:00:00,0,0.0
34.250004,-123.34999,2016-05-26 00:00:00,0,0.0
34.250004,-123.25,2016-05-26 00:00:00,0,0.0
34.250004,-123.149994,2016-05-26 00:00:00,0,0.0
34.250004,-123.049995,2016-05-26 00:00:00,0,0.0
34.250004,-122.95,2016-05-26 00:00:00,0,0.0
34.250004,-122.84999,2016-05-26 00:00:00,0,0.0
34.250004,-122.75,2016-05-26 00:00:00,0,0.0
34.250004,-122.649994,2016-05-26 00:00:00,0,0.0
34.250004,-122.549995,2016-05-26 00:00:00,0,0.0
34.250004,-122.45,2016-05-26 00:00:00,0,0.0
34.250004,-122.34999,2016-05-26 00:00:00,0,0.0
34.250004,-122.25,2016-05-26 00:00:00,0,0.0
34.250004,-122.149994,2016-05-26 00:00:00,0,0.0
34.250004,-122.049995,2016-05-26 00:00:00,0,0.0
34.250004,-121.95,2016-05-26 00:00:00,0,0.0
34.250004,-121.84999,2016-05-26 00:00:00,0,0.0
34.250004,-121.75,2016-05-26 00:00:00,0,0.0
34.250004,-121.649994,2016-05-26 00:00:00,0,0.0
34.250004,-121.549995,2016-05-26 00:00:00,0,0.0
34.250004,-121.45,2016-05-26 00:00:00,0,0.0
34.250004,-121.34999,2016-05-26 00:00:00,0,0.0
34.250004,-121.25,2016-05-26 00:00:00,0,0.0
34.250004,-121.149994,2016-05-26 00:00:00,0,0.0
34.250004,-121.049995,2016-05-26 00:00:00,0,0.0
34.250004,-120.95,2016-05-26 00:00:00,0,0.0
34.250004,-120.84999,2016-05-26 00:00:00,0,0.0
34.250004,-120.75,2016-05-26 00:00:00,0,0.0
34.250004,-120.649994,2016-05-26 00:00:00,0,0.0
34.250004,-120.549995,2016-05-26 00:00:00,0,0.0
34.250004,-120.45,2016-05-26 00:00:00,0,0.0
34.250004,-120.34999,2016-05-26 00:00:00,0,0.0
34.250004,-120.25,2016-05-26 00:00:00,0,0.0
34.250004,-120.149994,2016-05-26 00:00:00,0,0.0
34.250004,-120.049995,2016-05-26 00:00:00,0,0.0
34.250004,-119.95,2016-05-26 00:00:00,0,0.0
34.250004,-119.84999,2016-05-26 00:00:00,0,0.0
34.250004,-119.75,2016-05-26 00:00:00,0,0.0
34.250004,-119.649994,2016-05-26 00:00:00,0,0.0
34.250004,-119.549995,2016-05-26 00:00:00,0,0.0
34.250004,-119.45,2016-05-26 00:00:00,0,0.0
34.250004,-119.34999,2016-05-26 00:00:00,0,0.0
34.250004,-119.25,2016-05-26 00:00:00,0,0.0
34.250004,-119.149994,2016-05-26 00:00:00,0,0.0
34.250004,-119.049995,2016-05-26 00:00:00,0,0.0
34.250004,-118.95,2016-05-26 00:00:00,0,0.0
34.250004,-118.84999,2016-05-26 00:00:00,0,0.0
34.250004,-118.75,2016-05-26 00:00:00,0,0.0
34.250004,-118.649994,2016-05-26 00:00:00,0,0.0
34.250004,-118.549995,2016-05-26 00:00:00,0,0.0
34.250004,-118.45,2016-05-26 00:00:00,0,0.0
34.250004,-118.34999,2016-05-26 00:00:00,0,0.0
34.250004,-118.25,2016-05-26 00:00:00,0,0.0
34.250004,-118.149994,2016-05-26 00:00:00,0,0.0
34.250004,-118.049995,2016-05-26 00:00:00,0,0.0
34.250004,-117.95,2016-05-26 00:00:00,0,0.0
34.250004,-117.84999,2016-05-26 00:00:00,0,0.0
34.250004,-117.75,2016-05-26 00:00:00,0,0.0
34.250004,-117.649994,2016-05-26 00:00:00,0,0.0
34.250004,-117.549995,2016-05-26 00:00:00,0,0.0
34.250004,-117.45,2016-05-26 00:00:00,0,0.0
34.250004,-117.34999,2016-05-26 00:00:00,0,0.0
34.250004,-117.25,2016-05-26 00:00:00,0,0.11064075
34.250004,-117.149994,2016-05-26 00:00:00,0,0.09657368
34.250004,-117.049995,2016-05-26 00:00:00,0,0.08440245
34.250004,-116.95,2016-05-26 00:00:00,0,0.22856137
34.250004,-116.84999,2016-05-26 00:00:00,0,0.15822598
34.250004,-116.75,2016-05-26 00:00:00,0,0.0
34.250004,-116.649994,2016-05-26 00:00:00,0,0.0
34.250004,-116.549995,2016-05-26 00:00:00,0,0.30753097
34.250004,-116.45,2016-05-26 00:00:00,0,0.40571335
34.250004,-116.34999,2016-05-26 00:00:00,0,0.016108023
34.250004,-116.25,2016-05-26 00:00:00,0,0.01403097
34.250004,-116.149994,2016-05-26 00:00:00,0,0.05356205
34.250004,-116.049995,2016-05-26 00:00:00,0,4.24026
34.250004,-115.95,2016-05-26 00:00:00,0,4.335852
34.250004,-115.85,2016-05-26 00:00:00,0,4.321634
34.250004,-115.74999,2016-05-26 00:00:00,0,9.663387
34.250004,-115.649994,2016-05-26 00:00:00,0,10.4409
34.250004,-115.549995,2016-05-26 00:00:00,0,9.908803
34.250004,-115.45,2016-05-26 00:00:00,0,0.5010513
34.250004,-115.35,2016-05-26 00:00:00,0,0.018942162
34.250004,-115.24999,2016-05-26 00:00:00,0,0.0016355682
34.250004,-115.149994,2016-05-26 00:00:00,0,0.0
34.250004,-115.049995,2016-05-26 00:00:00,0,0.0
34.250004,-114.95,2016-05-26 00:00:00,0,0.0
34.250004,-114.85,2016-05-26 00:00:00,0,0.0
34.250004,-114.74999,2016-05-26 00:00:00,0,0.0
34.250004,-114.649994,2016-05-26 00:00:00,0,0.0
34.250004,-114.549995,2016-05-26 00:00:00,0,0.0
34.250004,-114.45,2016-05-26 00:00:00,0,0.0
34.250004,-114.35,2016-05-26 00:00:00,0,0.0
34.250004,-114.24999,2016-05-26 00:00:00,0,0.0
34.350002,-124.34999,2016-05-26 00:00:00,0,0.0
34.350002,-124.25,2016-05-26 00:00:00,0,0.0
34.350002,-124.149994,2016-05-26 00:00:00,0,0.0
34.350002,-124.049995,2016-05-26 00:00:00,0,0.0
34.350002,-123.95,2016-05-26 00:00:00,0,0.0
34.350002,-123.84999,2016-05-26 00:00:00,0,0.0
34.350002,-123.75,2016-05-26 00:00:00,0,0.0
34.350002,-123.649994,2016-05-26 00:00:00,0,0.0
34.350002,-123.549995,2016-05-26 00:00:00,0,0.0
34.350002,-123.45,2016-05-26 00:00:00,0,0.0
34.350002,-123.34999,2016-05-26 00:00:00,0,0.0
34.350002,-123.25,2016-05-26 00:00:00,0,0.0
34.350002,-123.149994,2016-05-26 00:00:00,0,0.0
34.350002,-123.049995,2016-05-26 00:00:00,0,0.0
34.350002,-122.95,2016-05-26 00:00:00,0,0.0
34.350002,-122.84999,2016-05-26 00:00:00,0,0.0
34.350002,-122.75,2016-05-26 00:00:00,0,0.0
34.350002,-122.649994,2016-05-26 00:00:00,0,0.0
34.350002,-122.549995,2016-05-26 00:00:00,0,0.0
34.350002,-122.45,2016-05-26 00:00:00,0,0.0
34.350002,-122.34999,2016-05-26 00:00:00,0,0.0
34.350002,-122.25,2016-05-26 00:00:00,0,0.0
34.350002,-122.149994,2016-05-26 00:00:00,0,0.0
34.350002,-122.049995,2016-05-26 00:00:00,0,0.0
34.350002,-121.95,2016-05-26 00:00:00,0,0.0
34.350002,-121.84999,2016-05-26 00:00:00,0,0.0
34.350002,-121.75,2016-05-26 00:00:00,0,0.0
34.350002,-121.649994,2016-05-26 00:00:00,0,0.0
34.350002,-121.549995,2016-05-26 00:00:00,0,0.0
34.350002,-121.45,2016-05-26 00:00:00,0,0.0
34.350002,-121.34999,2016-05-26 00:00:00,0,0.0
34.350002,-121.25,2016-05-26 00:00:00,0,0.0
34.350002,-121.149994,2016-05-26 00:00:00,0,0.0
34.350002,-121.049995,2016-05-26 00:00:00,0,0.0
34.350002,-120.95,2016-05-26 00:00:00,0,0.0
34.350002,-120.84999,2016-05-26 00:00:00,0,0.0
34.350002,-120.75,2016-05-26 00:00:00,0,0.0
34.350002,-120.649994,2016-05-26 00:00:00,0,0.0
34.350002,-120.549995,2016-05-26 00:00:00,0,0.0
34.350002,-120.45,2016-05-26 00:00:00,0,0.0
34.350002,-120.34999,2016-05-26 00:00:00,0,0.0
34.350002,-120.25,2016-05-26 00:00:00,0,0.0
34.350002,-120.149994,2016-05-26 00:00:00,0,0.0
34.350002,-120.049995,2016-05-26 00:00:00,0,0.0
34.350002,-119.95,2016-05-26 00:00:00,0,0.0
34.350002,-119.84999,2016-05-26 00:00:00,0,0.0
34.350002,-119.75,2016-05-26 00:00:00,0,0.0
34.350002,-119.649994,2016-05-26 00:00:00,0,0.0
34.350002,-119.549995,2016-05-26 00:00:00,0,0.0
34.350002,-119.45,2016-05-26 00:00:00,0,0.0
34.350002,-119.34999,2016-05-26 00:00:00,0,0.0
34.350002,-119.25,2016-05-26 00:00:00,0,0.0
34.350002,-119.149994,2016-05-26 00:00:00,0,0.0
34.350002,-119.049995,2016-05-26 00:00:00,0,0.0
34.350002,-118.95,2016-05-26 00:00:00,0,0.0
34.350002,-118.84999,2016-05-26 00:00:00,0,0.0
34.350002,-118.75,2016-05-26 00:00:00,0,0.0
34.350002,-118.649994,2016-05-26 00:00:00,0,0.0
34.350002,-118.549995,2016-05-26 00:00:00,0,0.0
34.350002,-118.45,2016-05-26 00:00:00,0,0.0
34.350002,-118.34999,2016-05-26 00:00:00,0,0.0
34.350002,-118.25,2016-05-26 00:00:00,0,0.0
34.350002,-118.149994,2016-05-26 00:00:00,0,0.0
34.350002,-118.049995,2016-05-26 00:00:00,0,0.0
34.350002,-117.95,2016-05-26 00:00:00,0,0.0
34.350002,-117.84999,2016-05-26 00:00:00,0,0.0
34.350002,-117.75,2016-05-26 00:00:00,0,0.0
34.350002,-117.649994,2016-05-26 00:00:00,0,0.0
34.350002,-117.549995,2016-05-26 00:00:00,0,0.0
34.350002,-117.45,2016-05-26 00:00:00,0,0.048684917
34.350002,-117.34999,2016-05-26 00:00:00,0,0.26776707
34.350002,-117.25,2016-05-26 00:00:00,0,0.36594942
34.350002,-117.149994,2016-05-26 00:00:00,0,0.40165058
34.350002,-117.049995,2016-05-26 00:00:00,0,0.8131295
34.350002,-116.95,2016-05-26 00:00:00,0,1.8505383
34.350002,-116.84999,2016-05-26 00:00:00,0,0.0
34.350002,-116.75,2016-05-26 00:00:00,0,0.0
34.350002,-116.649994,2016-05-26 00:00:00,0,0.0
34.350002,-116.549995,2016-05-26 00:00:00,0,0.029535973
34.350002,-116.45,2016-05-26 00:00:00,0,0.0
34.350002,-116.34999,2016-05-26 00:00:00,0,2.0231996
34.350002,-116.25,2016-05-26 00:00:00,0,1.9866993
34.350002,-116.149994,2016-05-26 00:00:00,0,6.2895417
34.350002,-116.049995,2016-05-26 00:00:00,0,6.236099
34.350002,-115.95,2016-05-26 00:00:00,0,6.2863874
34.350002,-115.85,2016-05-26 00:00:00,0,5.091578
34.350002,-115.74999,2016-05-26 00:00:00,0,8.83976
34.350002,-115.649994,2016-05-26 00:00:00,0,14.359377
34.350002,-115.549995,2016-05-26 00:00:00,0,1.6419244
34.350002,-115.45,2016-05-26 00:00:00,0,0.105428144
34.350002,-115.35,2016-05-26 00:00:00,0,0.020841803
34.350002,-115.24999,2016-05-26 00:00:00,0,0.0023962974
34.350002,-115.149994,2016-05-26 00:00:00,0,0.0
34.350002,-115.049995,2016-05-26 00:00:00,0,0.0
34.350002,-114.95,2016-05-26 00:00:00,0,0.0
34.350002,-114.85,2016-05-26 00:00:00,0,0.0
34.350002,-114.74999,2016-05-26 00:00:00,0,0.0
34.350002,-114.649994,2016-05-26 00:00:00,0,0.0
34.350002,-114.549995,2016-05-26 00:00:00,0,0.0
34.350002,-114.45,2016-05-26 00:00:00,0,0.0
34.350002,-114.35,2016-05-26 00:00:00,0,0.0
34.350002,-114.24999,2016-05-26 00:00:00,0,0.0
34.45,-124.34999,2016-05-26 00:00:00,0,0.0
34.45,-124.25,2016-05-26 00:00:00,0,0.0
34.45,-124.149994,2016-05-26 00:00:00,0,0.0
34.45,-124.049995,2016-05-26 00:00:00,0,0.0
34.45,-123.95,2016-05-26 00:00:00,0,0.0
34.45,-123.84999,2016-05-26 00:00:00,0,0.0
34.45,-123.75,2016-05-26 00:00:00,0,0.0
34.45,-123.649994,2016-05-26 00:00:00,0,0.0
34.45,-123.549995,2016-05-26 00:00:00,0,0.0
34.45,-123.45,2016-05-26 00:00:00,0,0.0
34.45,-123.34999,2016-05-26 00:00:00,0,0.0
34.45,-123.25,2016-05-26 00:00:00,0,0.0
34.45,-123.149994,2016-05-26 00:00:00,0,0.0
34.45,-123.049995,2016-05-26 00:00:00,0,0.0
34.45,-122.95,2016-05-26 00:00:00,0,0.0
34.45,-122.84999,2016-05-26 00:00:00,0,0.0
34.45,-122.75,2016-05-26 00:00:00,0,0.0
34.45,-122.649994,2016-05-26 00:00:00,0,0.0
34.45,-122.549995,2016-05-26 00:00:00,0,0.0
34.45,-122.45,2016-05-26 00:00:00,0,0.0
34.45,-122.34999,2016-05-26 00:00:00,0,0.0
34.45,-122.25,2016-05-26 00:00:00,0,0.0
34.45,-122.149994,2016-05-26 00:00:00,0,0.0
34.45,-122.049995,2016-05-26 00:00:00,0,0.0
34.45,-121.95,2016-05-26 00:00:00,0,0.0
34.45,-121.84999,2016-05-26 00:00:00,0,0.0
34.45,-121.75,2016-05-26 00:00:00,0,0.0
34.45,-121.649994,2016-05-26 00:00:00,0,0.0
34.45,-121.549995,2016-05-26 00:00:00,0,0.0
34.45,-121.45,2016-05-26 00:00:00,0,0.0
34.45,-121.34999,2016-05-26 00:00:00,0,0.0
34.45,-121.25,2016-05-26 00:00:00,0,0.0
34.45,-121.149994,2016-05-26 00:00:00,0,0.0
34.45,-121.049995,2016-05-26 00:00:00,0,0.0
34.45,-120.95,2016-05-26 00:00:00,0,0.0
34.45,-120.84999,2016-05-26 00:00:00,0,0.0
34.45,-120.75,2016-05-26 00:00:00,0,0.0
34.45,-120.649994,2016-05-26 00:00:00,0,0.0
34.45,-120.549995,2016-05-26 00:00:00,0,0.0
34.45,-120.45,2016-05-26 00:00:00,0,0.0
34.45,-120.34999,2016-05-26 00:00:00,0,0.0
34.45,-120.25,2016-05-26 00:00:00,0,0.0
34.45,-120.149994,2016-05-26 00:00:00,0,0.0
34.45,-120.049995,2016-05-26 00:00:00,0,0.0
34.45,-119.95,2016-05-26 00:00:00,0,0.0
34.45,-119.84999,2016-05-26 00:00:00,0,0.0
34.45,-119.75,2016-05-26 00:00:00,0,0.0
34.45,-119.649994,2016-05-26 00:00:00,0,0.0
34.45,-119.549995,2016-05-26 00:00:00,0,0.0
34.45,-119.45,2016-05-26 00:00:00,0,0.0
34.45,-119.34999,2016-05-26 00:00:00,0,0.0
34.45,-119.25,2016-05-26 00:00:00,0,0.0
34.45,-119.149994,2016-05-26 00:00:00,0,0.0
34.45,-119.049995,2016-05-26 00:00:00,0,0.0
34.45,-118.95,2016-05-26 00:00:00,0,0.0
34.45,-118.84999,2016-05-26 00:00:00,0,0.0
34.45,-118.75,2016-05-26 00:00:00,0,0.0
34.45,-118.649994,2016-05-26 00:00:00,0,0.0
34.45,-118.549995,2016-05-26 00:00:00,0,0.0
34.45,-118.45,2016-05-26 00:00:00,0,0.0
34.45,-118.34999,2016-05-26 00:00:00,0,0.0
34.45,-118.25,2016-05-26 00:00:00,0,0.0
34.45,-118.149994,2016-05-26 00:00:00,0,0.0
34.45,-118.049995,2016-05-26 00:00:00,0,0.0
34.45,-117.95,2016-05-26 00:00:00,0,0.0
34.45,-117.84999,2016-05-26 00:00:00,0,0.0
34.45,-117.75,2016-05-26 00:00:00,0,0.0
34.45,-117.649994,2016-05-26 00:00:00,0,0.50211155
34.45,-117.549995,2016-05-26 00:00:00,0,0.0
34.45,-117.45,2016-05-26 00:00:00,0,0.13988961
34.45,-117.34999,2016-05-26 00:00:00,0,0.24066874
34.45,-117.25,2016-05-26 00:00:00,0,0.07383993
34.45,-117.149994,2016-05-26 00:00:00,0,0.07383993
34.45,-117.049995,2016-05-26 00:00:00,0,0.24504972
34.45,-116.95,2016-05-26 00:00:00,0,0.34492105
34.45,-116.84999,2016-05-26 00:00:00,0,0.0
34.45,-116.75,2016-05-26 00:00:00,0,0.0
34.45,-116.649994,2016-05-26 00:00:00,0,0.13291188
34.45,-116.549995,2016-05-26 00:00:00,0,0.057670124
34.45,-116.45,2016-05-26 00:00:00,0,1.9489185
34.45,-116.34999,2016-05-26 00:00:00,0,1.9636114
34.45,-116.25,2016-05-26 00:00:00,0,2.8900497
34.45,-116.149994,2016-05-26 00:00:00,0,6.8056464
34.45,-116.049995,2016-05-26 00:00:00,0,5.8018856
34.45,-115.95,2016-05-26 00:00:00,0,5.944285
34.45,-115.85,2016-05-26 00:00:00,0,5.1594214
34.45,-115.74999,2016-05-26 00:00:00,0,15.563571
34.45,-115.649994,2016-05-26 00:00:00,0,9.346293
34.45,-115.549995,2016-05-26 00:00:00,0,6.4504375
34.45,-115.45,2016-05-26 00:00:00,0,1.2722435
34.45,-115.35,2016-05-26 00:00:00,0,0.41912007
34.45,-115.24999,2016-05-26 00:00:00,0,0.4095349
34.45,-115.149994,2016-05-26 00:00:00,0,0.40801343
34.45,-115.049995,2016-05-26 00:00:00,0,0.0
34.45,-114.95,2016-05-26 00:00:00,0,0.0
34.45,-114.85,2016-05-26 00:00:00,0,0.0
34.45,-114.74999,2016-05-26 00:00:00,0,0.0
34.45,-114.649994,2016-05-26 00:00:00,0,0.0
34.45,-114.549995,2016-05-26 00:00:00,0,0.0
34.45,-114.45,2016-05-26 00:00:00,0,0.0
34.45,-114.35,2016-05-26 00:00:00,0,0.0
34.45,-114.24999,2016-05-26 00:00:00,0,0.0
34.55,-124.34999,2016-05-26 00:00:00,0,0.0
34.55,-124.25,2016-05-26 00:00:00,0,0.0
34.55,-124.149994,2016-05-26 00:00:00,0,0.0
34.55,-124.049995,2016-05-26 00:00:00,0,0.0
34.55,-123.95,2016-05-26 00:00:00,0,0.0
34.55,-123.84999,2016-05-26 00:00:00,0,0.0
34.55,-123.75,2016-05-26 00:00:00,0,0.0
34.55,-123.649994,2016-05-26 00:00:00,0,0.0
34.55,-123.549995,2016-05-26 00:00:00,0,0.0
34.55,-123.45,2016-05-26 00:00:00,0,0.0
34.55,-123.34999,2016-05-26 00:00:00,0,0.0
34.55,-123.25,2016-05-26 00:00:00,0,0.0
34.55,-123.149994,2016-05-26 00:00:00,0,0.0
34.55,-123.049995,2016-05-26 00:00:00,0,0.0
34.55,-122.95,2016-05-26 00:00:00,0,0.0
34.55,-122.84999,2016-05-26 00:00:00,0,0.0
34.55,-122.75,2016-05-26 00:00:00,0,0.0
34.55,-122.649994,2016-05-26 00:00:00,0,0.0
34.55,-122.549995,2016-05-26 00:00:00,0,0.0
34.55,-122.45,2016-05-26 00:00:00,0,0.0
34.55,-122.34999,2016-05-26 00:00:00,0,0.0
34.55,-122.25,2016-05-26 00:00:00,0,0.0
34.55,-122.149994,2016-05-26 00:00:00,0,0.0
34.55,-122.049995,2016-05-26 00:00:00,0,0.0
34.55,-121.95,2016-05-26 00:00:00,0,0.0
34.55,-121.84999,2016-05-26 00:00:00,0,0.0
34.55,-121.75,2016-05-26 00:00:00,0,0.0
34.55,-121.649994,2016-05-26 00:00:00,0,0.0
34.55,-121.549995,2016-05-26 00:00:00,0,0.0
34.55,-121.45,2016-05-26 00:00:00,0,0.0
34.55,-121.34999,2016-05-26 00:00:00,0,0.0
34.55,-121.25,2016-05-26 00:00:00,0,0.0
34.55,-121.149994,2016-05-26 00:00:00,0,0.0
34.55,-121.049995,2016-05-26 00:00:00,0,0.0
34.55,-120.95,2016-05-26 00:00:00,0,0.0
34.55,-120.84999,2016-05-26 00:00:00,0,0.0
34.55,-120.75,2016-05-26 00:00:00,0,0.0
34.55,-120.649994,2016-05-26 00:00:00,0,0.0
34.55,-120.549995,2016-05-26 00:00:00,0,0.0
34.55,-120.45,2016-05-26 00:00:00,0,0.0
34.55,-120.34999,2016-05-26 00:00:00,0,0.0
34.55,-120.25,2016-05-26 00:00:00,0,0.0
34.55,-120.149994,2016-05-26 00:00:00,0,0.0
34.55,-120.049995,2016-05-26 00:00:00,0,0.0
34.55,-119.95,2016-05-26 00:00:00,0,0.0
34.55,-119.84999,2016-05-26 00:00:00,0,0.0
34.55,-119.75,2016-05-26 00:00:00,0,0.0
34.55,-119.649994,2016-05-26 00:00:00,0,0.0
34.55,-119.549995,2016-05-26 00:00:00,0,0.0
34.55,-119.45,2016-05-26 00:00:00,0,0.0
34.55,-119.34999,2016-05-26 00:00:00,0,0.0
34.55,-119.25,2016-05-26 00:00:00,0,0.0
34.55,-119.149994,2016-05-26 00:00:00,0,0.0
34.55,-119.049995,2016-05-26 00:00:00,0,0.0
34.55,-118.95,2016-05-26 00:00:00,0,0.0
34.55,-118.84999,2016-05-26 00:00:00,0,0.0
34.55,-118.75,2016-05-26 00:00:00,0,0.0
34.55,-118.649994,2016-05-26 00:00:00,0,0.0
34.55,-118.549995,2016-05-26 00:00:00,0,0.0
34.55,-118.45,2016-05-26 00:00:00,0,0.0
34.55,-118.34999,2016-05-26 00:00:00,0,0.0
34.55,-118.25,2016-05-26 00:00:00,0,0.0
34.55,-118.149994,2016-05-26 00:00:00,0,0.0
34.55,-118.049995,2016-05-26 00:00:00,0,0.0
34.55,-117.95,2016-05-26 00:00:00,0,0.0
34.55,-117.84999,2016-05-26 00:00:00,0,0.0
34.55,-117.75,2016-05-26 00:00:00,0,0.0
34.55,-117.649994,2016-05-26 00:00:00,0,0.0
34.55,-117.549995,2016-05-26 00:00:00,0,0.0
34.55,-117.45,2016-05-26 00:00:00,0,0.0
34.55,-117.34999,2016-05-26 00:00:00,0,0.0
34.55,-117.25,2016-05-26 00:00:00,0,0.0
34.55,-117.149994,2016-05-26 00:00:00,0,0.0
34.55,-117.049995,2016-05-26 00:00:00,0,0.0
34.55,-116.95,2016-05-26 00:00:00,0,0.0
34.55,-116.84999,2016-05-26 00:00:00,0,0.0
34.55,-116.75,2016-05-26 00:00:00,0,0.0
34.55,-116.649994,2016-05-26 00:00:00,0,0.0
34.55,-116.549995,2016-05-26 00:00:00,0,0.059071947
34.55,-116.45,2016-05-26 00:00:00,0,0.0
34.55,-116.34999,2016-05-26 00:00:00,0,0.0
34.55,-116.25,2016-05-26 00:00:00,0,2.6660535
34.55,-116.149994,2016-05-26 00:00:00,0,1.1072767
34.55,-116.049995,2016-05-26 00:00:00,0,1.2398524
34.55,-115.95,2016-05-26 00:00:00,0,0.36256823
34.55,-115.85,2016-05-26 00:00:00,0,2.4208705
34.55,-115.74999,2016-05-26 00:00:00,0,21.050653
34.55,-115.649994,2016-05-26 00:00:00,0,23.757036
34.55,-115.549995,2016-05-26 00:00:00,0,18.659365
34.55,-115.45,2016-05-26 00:00:00,0,2.1765385
34.55,-115.35,2016-05-26 00:00:00,0,1.9959148
34.55,-115.24999,2016-05-26 00:00:00,0,0.00048573792
34.55,-115.149994,2016-05-26 00:00:00,0,0.48458987
34.55,-115.049995,2016-05-26 00:00:00,0,0.0
34.55,-114.95,2016-05-26 00:00:00,0,0.0
34.55,-114.85,2016-05-26 00:00:00,0,0.0
34.55,-114.74999,2016-05-26 00:00:00,0,0.0
34.55,-114.649994,2016-05-26 00:00:00,0,0.0
34.55,-114.549995,2016-05-26 00:00:00,0,0.0
34.55,-114.45,2016-05-26 00:00:00,0,0.0
34.55,-114.35,2016-05-26 00:00:00,0,0.0
34.55,-114.24999,2016-05-26 00:00:00,0,0.0
34.649998,-124.34999,2016-05-26 00:00:00,0,0.0
34.649998,-124.25,2016-05-26 00:00:00,0,0.0
34.649998,-124.149994,2016-05-26 00:00:00,0,0.0
34.649998,-124.049995,2016-05-26 00:00:00,0,0.0
34.649998,-123.95,2016-05-26 00:00:00,0,0.0
34.649998,-123.84999,2016-05-26 00:00:00,0,0.0
34.649998,-123.75,2016-05-26 00:00:00,0,0.0
34.649998,-123.649994,2016-05-26 00:00:00,0,0.0
34.649998,-123.549995,2016-05-26 00:00:00,0,0.0
34.649998,-123.45,2016-05-26 00:00:00,0,0.0
34.649998,-123.34999,2016-05-26 00:00:00,0,0.0
34.649998,-123.25,2016-05-26 00:00:00,0,0.0
34.649998,-123.149994,2016-05-26 00:00:00,0,0.0
34.649998,-123.049995,2016-05-26 00:00:00,0,0.0
34.649998,-122.95,2016-05-26 00:00:00,0,0.0
34.649998,-122.84999,2016-05-26 00:00:00,0,0.0
34.649998,-122.75,2016-05-26 00:00:00,0,0.0
34.649998,-122.649994,2016-05-26 00:00:00,0,0.0
34.649998,-122.549995,2016-05-26 00:00:00,0,0.0
34.649998,-122.45,2016-05-26 00:00:00,0,0.0
34.649998,-122.34999,2016-05-26 00:00:00,0,0.0
34.649998,-122.25,2016-05-26 00:00:00,0,0.0
34.649998,-122.149994,2016-05-26 00:00:00,0,0.0
34.649998,-122.049995,2016-05-26 00:00:00,0,0.0
34.649998,-121.95,2016-05-26 00:00:00,0,0.0
34.649998,-121.84999,2016-05-26 00:00:00,0,0.0
34.649998,-121.75,2016-05-26 00:00:00,0,0.0
34.649998,-121.649994,2016-05-26 00:00:00,0,0.0
34.649998,-121.549995,2016-05-26 00:00:00,0,0.0
34.649998,-121.45,2016-05-26 00:00:00,0,0.0
34.649998,-121.34999,2016-05-26 00:00:00,0,0.0
34.649998,-121.25,2016-05-26 00:00:00,0,0.0
34.649998,-121.149994,2016-05-26 00:00:00,0,0.0
34.649998,-121.049995,2016-05-26 00:00:00,0,0.0
34.649998,-120.95,2016-05-26 00:00:00,0,0.0
34.649998,-120.84999,2016-05-26 00:00:00,0,0.0
34.649998,-120.75,2016-05-26 00:00:00,0,0.0
34.649998,-120.649994,2016-05-26 00:00:00,0,0.0
34.649998,-120.549995,2016-05-26 00:00:00,0,0.0
34.649998,-120.45,2016-05-26 00:00:00,0,0.0
34.649998,-120.34999,2016-05-26 00:00:00,0,0.0
34.649998,-120.25,2016-05-26 00:00:00,0,0.0
34.649998,-120.149994,2016-05-26 00:00:00,0,0.0
34.649998,-120.049995,2016-05-26 00:00:00,0,0.0
34.649998,-119.95,2016-05-26 00:00:00,0,0.0
34.649998,-119.84999,2016-05-26 00:00:00,0,0.0
34.649998,-119.75,2016-05-26 00:00:00,0,0.0
34.649998,-119.649994,2016-05-26 00:00:00,0,0.0
34.649998,-119.549995,2016-05-26 00:00:00,0,0.0
34.649998,-119.45,2016-05-26 00:00:00,0,0.0
34.649998,-119.34999,2016-05-26 00:00:00,0,0.0
34.649998,-119.25,2016-05-26 00:00:00,0,0.0
34.649998,-119.149994,2016-05-26 00:00:00,0,0.0
34.649998,-119.049995,2016-05-26 00:00:00,0,0.0
34.649998,-118.95,2016-05-26 00:00:00,0,0.0
34.649998,-118.84999,2016-05-26 00:00:00,0,0.0
34.649998,-118.75,2016-05-26 00:00:00,0,0.0
34.649998,-118.649994,2016-05-26 00:00:00,0,0.098469526
34.649998,-118.549995,2016-05-26 00:00:00,0,0.098469526
34.649998,-118.45,2016-05-26 00:00:00,0,0.0
34.649998,-118.34999,2016-05-26 00:00:00,0,0.0
34.649998,-118.25,2016-05-26 00:00:00,0,0.0
34.649998,-118.149994,2016-05-26 00:00:00,0,0.0
34.649998,-118.049995,2016-05-26 00:00:00,0,0.0
34.649998,-117.95,2016-05-26 00:00:00,0,0.0
34.649998,-117.84999,2016-05-26 00:00:00,0,0.0
34.649998,-117.75,2016-05-26 00:00:00,0,0.0
34.649998,-117.649994,2016-05-26 00:00:00,0,0.0
34.649998,-117.549995,2016-05-26 00:00:00,0,0.0
34.649998,-117.45,2016-05-26 00:00:00,0,0.0
34.649998,-117.34999,2016-05-26 00:00:00,0,0.0
34.649998,-117.25,2016-05-26 00:00:00,0,0.0
34.649998,-117.149994,2016-05-26 00:00:00,0,0.0
34.649998,-117.049995,2016-05-26 00:00:00,0,0.0
34.649998,-116.95,2016-05-26 00:00:00,0,0.0
34.649998,-116.84999,2016-05-26 00:00:00,0,0.0
34.649998,-116.75,2016-05-26 00:00:00,0,0.0
34.649998,-116.649994,2016-05-26 00:00:00,0,0.0
34.649998,-116.549995,2016-05-26 00:00:00,0,0.0
34.649998,-116.45,2016-05-26 00:00:00,0,0.0
34.649998,-116.34999,2016-05-26 00:00:00,0,0.0
34.649998,-116.25,2016-05-26 00:00:00,0,3.38578
34.649998,-116.149994,2016-05-26 00:00:00,0,0.94440144
34.649998,-116.049995,2016-05-26 00:00:00,0,1.2687472
34.649998,-115.95,2016-05-26 00:00:00,0,5.111059
34.649998,-115.85,2016-05-26 00:00:00,0,5.026184
34.649998,-115.74999,2016-05-26 00:00:00,0,20.356232
34.649998,-115.649994,2016-05-26 00:00:00,0,18.534332
34.649998,-115.549995,2016-05-26 00:00:00,0,25.946468
34.649998,-115.45,2016-05-26 00:00:00,0,6.364782
34.649998,-115.35,2016-05-26 00:00:00,0,0.02371869
34.649998,-115.24999,2016-05-26 00:00:00,0,0.0024198613
34.649998,-115.149994,2016-05-26 00:00:00,0,0.0
34.649998,-115.049995,2016-05-26 00:00:00,0,0.0
34.649998,-114.95,2016-05-26 00:00:00,0,0.0
34.649998,-114.85,2016-05-26 00:00:00,0,0.0
34.649998,-114.74999,2016-05-26 00:00:00,0,0.0
34.649998,-114.649994,2016-05-26 00:00:00,0,0.0
34.649998,-114.549995,2016-05-26 00:00:00,0,0.0
34.649998,-114.45,2016-05-26 00:00:00,0,0.0
34.649998,-114.35,2016-05-26 00:00:00,0,0.0
34.649998,-114.24999,2016-05-26 00:00:00,0,0.0
34.750004,-124.34999,2016-05-26 00:00:00,0,0.0
34.750004,-124.25,2016-05-26 00:00:00,0,0.0
34.750004,-124.149994,2016-05-26 00:00:00,0,0.0
34.750004,-124.049995,2016-05-26 00:00:00,0,0.0
34.750004,-123.95,2016-05-26 00:00:00,0,0.0
34.750004,-123.84999,2016-05-26 00:00:00,0,0.0
34.750004,-123.75,2016-05-26 00:00:00,0,0.0
34.750004,-123.649994,2016-05-26 00:00:00,0,0.0
34.750004,-123.549995,2016-05-26 00:00:00,0,0.0
34.750004,-123.45,2016-05-26 00:00:00,0,0.0
34.750004,-123.34999,2016-05-26 00:00:00,0,0.0
34.750004,-123.25,2016-05-26 00:00:00,0,0.0
34.750004,-123.149994,2016-05-26 00:00:00,0,0.0
34.750004,-123.049995,2016-05-26 00:00:00,0,0.0
34.750004,-122.95,2016-05-26 00:00:00,0,0.0
34.750004,-122.84999,2016-05-26 00:00:00,0,0.0
34.750004,-122.75,2016-05-26 00:00:00,0,0.0
34.750004,-122.649994,2016-05-26 00:00:00,0,0.0
34.750004,-122.549995,2016-05-26 00:00:00,0,0.0
34.750004,-122.45,2016-05-26 00:00:00,0,0.0
34.750004,-122.34999,2016-05-26 00:00:00,0,0.0
34.750004,-122.25,2016-05-26 00:00:00,0,0.0
34.750004,-122.149994,2016-05-26 00:00:00,0,0.0
34.750004,-122.049995,2016-05-26 00:00:00,0,0.0
34.750004,-121.95,2016-05-26 00:00:00,0,0.0
34.750004,-121.84999,2016-05-26 00:00:00,0,0.0
34.750004,-121.75,2016-05-26 00:00:00,0,0.0
34.750004,-121.649994,2016-05-26 00:00:00,0,0.0
34.750004,-121.549995,2016-05-26 00:00:00,0,0.0
34.750004,-121.45,2016-05-26 00:00:00,0,0.0
34.750004,-121.34999,2016-05-26 00:00:00,0,0.0
34.750004,-121.25,2016-05-26 00:00:00,0,0.0
34.750004,-121.149994,2016-05-26 00:00:00,0,0.0
34.750004,-121.049995,2016-05-26 00:00:00,0,0.0
34.750004,-120.95,2016-05-26 00:00:00,0,0.0
34.750004,-120.84999,2016-05-26 00:00:00,0,0.0
34.750004,-120.75,2016-05-26 00:00:00,0,0.0
34.750004,-120.649994,2016-05-26 00:00:00,0,0.0
34.750004,-120.549995,2016-05-26 00:00:00,0,0.0
34.750004,-120.45,2016-05-26 00:00:00,0,0.0
34.750004,-120.34999,2016-05-26 00:00:00,0,0.0
34.750004,-120.25,2016-05-26 00:00:00,0,0.0
34.750004,-120.149994,2016-05-26 00:00:00,0,0.0
34.750004,-120.049995,2016-05-26 00:00:00,0,0.0
34.750004,-119.95,2016-05-26 00:00:00,0,0.0
34.750004,-119.84999,2016-05-26 00:00:00,0,0.0
34.750004,-119.75,2016-05-26 00:00:00,0,0.0
34.750004,-119.649994,2016-05-26 00:00:00,0,0.0
34.750004,-119.549995,2016-05-26 00:00:00,0,0.0
34.750004,-119.45,2016-05-26 00:00:00,0,0.0
34.750004,-119.34999,2016-05-26 00:00:00,0,0.0
34.750004,-119.25,2016-05-26 00:00:00,0,0.0
34.750004,-119.149994,2016-05-26 00:00:00,0,0.0
34.750004,-119.049995,2016-05-26 00:00:00,0,0.059745133
34.750004,-118.95,2016-05-26 00:00:00,0,0.0
34.750004,-118.84999,2016-05-26 00:00:00,0,0.0
34.750004,-118.75,2016-05-26 00:00:00,0,0.0
34.750004,-118.649994,2016-05-26 00:00:00,0,1.4040107
34.750004,-118.549995,2016-05-26 00:00:00,0,0.19271341
34.750004,-118.45,2016-05-26 00:00:00,0,0.88832104
34.750004,-118.34999,2016-05-26 00:00:00,0,0.04430396
34.750004,-118.25,2016-05-26 00:00:00,0,0.118143894
34.750004,-118.149994,2016-05-26 00:00:00,0,0.0
34.750004,-118.049995,2016-05-26 00:00:00,0,0.0
34.750004,-117.95,2016-05-26 00:00:00,0,0.0
34.750004,-117.84999,2016-05-26 00:00:00,0,0.0
34.750004,-117.75,2016-05-26 00:00:00,0,0.0
34.750004,-117.649994,2016-05-26 00:00:00,0,0.029535973
34.750004,-117.549995,2016-05-26 00:00:00,0,0.0
34.750004,-117.45,2016-05-26 00:00:00,0,0.0
34.750004,-117.34999,2016-05-26 00:00:00,0,0.0
34.750004,-117.25,2016-05-26 00:00:00,0,0.0
34.750004,-117.149994,2016-05-26 00:00:00,0,0.0
34.750004,-117.049995,2016-05-26 00:00:00,0,0.0
34.750004,-116.95,2016-05-26 00:00:00,0,0.0
34.750004,-116.84999,2016-05-26 00:00:00,0,0.0
34.750004,-116.75,2016-05-26 00:00:00,0,0.0
34.750004,-116.649994,2016-05-26 00:00:00,0,0.0
34.750004,-116.549995,2016-05-26 00:00:00,0,0.0
34.750004,-116.45,2016-05-26 00:00:00,0,0.0
34.750004,-116.34999,2016-05-26 00:00:00,0,0.0
34.750004,-116.25,2016-05-26 00:00:00,0,0.000115485775
34.750004,-116.149994,2016-05-26 00:00:00,0,0.0055617765
34.750004,-116.049995,2016-05-26 00:00:00,0,0.33704093
34.750004,-115.95,2016-05-26 00:00:00,0,4.9691544
34.750004,-115.85,2016-05-26 00:00:00,0,5.005926
34.750004,-115.74999,2016-05-26 00:00:00,0,10.802228
34.750004,-115.649994,2016-05-26 00:00:00,0,9.586729
34.750004,-115.549995,2016-05-26 00:00:00,0,11.683317
34.750004,-115.45,2016-05-26 00:00:00,0,13.811841
34.750004,-115.35,2016-05-26 00:00:00,0,9.755743
34.750004,-115.24999,2016-05-26 00:00:00,0,0.0018667869
34.750004,-115.149994,2016-05-26 00:00:00,0,0.0
34.750004,-115.049995,2016-05-26 00:00:00,0,0.0
34.750004,-114.95,2016-05-26 00:00:00,0,0.0
34.750004,-114.85,2016-05-26 00:00:00,0,0.0
34.750004,-114.74999,2016-05-26 00:00:00,0,0.0
34.750004,-114.649994,2016-05-26 00:00:00,0,0.0
34.750004,-114.549995,2016-05-26 00:00:00,0,0.0
34.750004,-114.45,2016-05-26 00:00:00,0,0.0
34.750004,-114.35,2016-05-26 00:00:00,0,0.0
34.750004,-114.24999,2016-05-26 00:00:00,0,0.0
34.850002,-124.34999,2016-05-26 00:00:00,0,0.0
34.850002,-124.25,2016-05-26 00:00:00,0,0.0
34.850002,-124.149994,2016-05-26 00:00:00,0,0.0
34.850002,-124.049995,2016-05-26 00:00:00,0,0.0
34.850002,-123.95,2016-05-26 00:00:00,0,0.0
34.850002,-123.84999,2016-05-26 00:00:00,0,0.0
34.850002,-123.75,2016-05-26 00:00:00,0,0.0
34.850002,-123.649994,2016-05-26 00:00:00,0,0.0
34.850002,-123.549995,2016-05-26 00:00:00,0,0.0
34.850002,-123.45,2016-05-26 00:00:00,0,0.0
34.850002,-123.34999,2016-05-26 00:00:00,0,0.0
34.850002,-123.25,2016-05-26 00:00:00,0,0.0
34.850002,-123.149994,2016-05-26 00:00:00,0,0.0
34.850002,-123.049995,2016-05-26 00:00:00,0,0.0
34.850002,-122.95,2016-05-26 00:00:00,0,0.0
34.850002,-122.84999,2016-05-26 00:00:00,0,0.0
34.850002,-122.75,2016-05-26 00:00:00,0,0.0
34.850002,-122.649994,2016-05-26 00:00:00,0,0.0
34.850002,-122.549995,2016-05-26 00:00:00,0,0.0
34.850002,-122.45,2016-05-26 00:00:00,0,0.0
34.850002,-122.34999,2016-05-26 00:00:00,0,0.0
34.850002,-122.25,2016-05-26 00:00:00,0,0.0
34.850002,-122.149994,2016-05-26 00:00:00,0,0.0
34.850002,-122.049995,2016-05-26 00:00:00,0,0.0
34.850002,-121.95,2016-05-26 00:00:00,0,0.0
34.850002,-121.84999,2016-05-26 00:00:00,0,0.0
34.850002,-121.75,2016-05-26 00:00:00,0,0.0
34.850002,-121.649994,2016-05-26 00:00:00,0,0.0
34.850002,-121.549995,2016-05-26 00:00:00,0,0.0
34.850002,-121.45,2016-05-26 00:00:00,0,0.0
34.850002,-121.34999,2016-05-26 00:00:00,0,0.0
34.850002,-121.25,2016-05-26 00:00:00,0,0.0
34.850002,-121.149994,2016-05-26 00:00:00,0,0.0
34.850002,-121.049995,2016-05-26 00:00:00,0,0.0
34.850002,-120.95,2016-05-26 00:00:00,0,0.0
34.850002,-120.84999,2016-05-26 00:00:00,0,0.0
34.850002,-120.75,2016-05-26 00:00:00,0,0.0
34.850002,-120.649994,2016-05-26 00:00:00,0,0.0
34.850002,-120.549995,2016-05-26 00:00:00,0,0.0
34.850002,-120.45,2016-05-26 00:00:00,0,0.0
34.850002,-120.34999,2016-05-26 00:00:00,0,0.0
34.850002,-120.25,2016-05-26 00:00:00,0,0.0
34.850002,-120.149994,2016-05-26 00:00:00,0,0.0
34.850002,-120.049995,2016-05-26 00:00:00,0,0.0
34.850002,-119.95,2016-05-26 00:00:00,0,0.0
34.850002,-119.84999,2016-05-26 00:00:00,0,0.0
34.850002,-119.75,2016-05-26 00:00:00,0,0.0
34.850002,-119.649994,2016-05-26 00:00:00,0,0.0
34.850002,-119.549995,2016-05-26 00:00:00,0,0.0
34.850002,-119.45,2016-05-26 00:00:00,0,0.0
34.850002,-119.34999,2016-05-26 00:00:00,0,0.0
34.850002,-119.25,2016-05-26 00:00:00,0,0.0
34.850002,-119.149994,2016-05-26 00:00:00,0,0.0
34.850002,-119.049995,2016-05-26 00:00:00,0,0.0
34.850002,-118.95,2016-05-26 00:00:00,0,0.0
34.850002,-118.84999,2016-05-26 00:00:00,0,0.0
34.850002,-118.75,2016-05-26 00:00:00,0,0.0
34.850002,-118.649994,2016-05-26 00:00:00,0,0.0
34.850002,-118.549995,2016-05-26 00:00:00,0,1.980958
34.850002,-118.45,2016-05-26 00:00:00,0,1.2239609
34.850002,-118.34999,2016-05-26 00:00:00,0,0.0
34.850002,-118.25,2016-05-26 00:00:00,0,0.0
34.850002,-118.149994,2016-05-26 00:00:00,0,0.0
34.850002,-118.049995,2016-05-26 00:00:00,0,0.0
34.850002,-117.95,2016-05-26 00:00:00,0,0.0
34.850002,-117.84999,2016-05-26 00:00:00,0,0.0
34.850002,-117.75,2016-05-26 00:00:00,0,0.0
34.850002,-117.649994,2016-05-26 00:00:00,0,0.0
34.850002,-117.549995,2016-05-26 00:00:00,0,0.0
34.850002,-117.45,2016-05-26 00:00:00,0,0.0
34.850002,-117.34999,2016-05-26 00:00:00,0,0.0
34.850002,-117.25,2016-05-26 00:00:00,0,0.0
34.850002,-117.149994,2016-05-26 00:00:00,0,0.0
34.850002,-117.049995,2016-05-26 00:00:00,0,0.0
34.850002,-116.95,2016-05-26 00:00:00,0,0.0
34.850002,-116.84999,2016-05-26 00:00:00,0,0.0
34.850002,-116.75,2016-05-26 00:00:00,0,0.0
34.850002,-116.649994,2016-05-26 00:00:00,0,0.0
34.850002,-116.549995,2016-05-26 00:00:00,0,0.0
34.850002,-116.45,2016-05-26 00:00:00,0,0.0
34.850002,-116.34999,2016-05-26 00:00:00,0,0.00015214588
34.850002,-116.25,2016-05-26 00:00:00,0,0.0014073492
34.850002,-116.149994,2016-05-26 00:00:00,0,0.0053799096
34.850002,-116.049995,2016-05-26 00:00:00,0,0.010632957
34.850002,-115.95,2016-05-26 00:00:00,0,0.03795456
34.850002,-115.85,2016-05-26 00:00:00,0,0.050290782
34.850002,-115.74999,2016-05-26 00:00:00,0,3.2739573
34.850002,-115.649994,2016-05-26 00:00:00,0,3.4882057
34.850002,-115.549995,2016-05-26 00:00:00,0,10.807278
34.850002,-115.45,2016-05-26 00:00:00,0,10.462151
34.850002,-115.35,2016-05-26 00:00:00,0,4.2791486
34.850002,-115.24999,2016-05-26 00:00:00,0,0.00058301317
34.850002,-115.149994,2016-05-26 00:00:00,0,0.0
34.850002,-115.049995,2016-05-26 00:00:00,0,0.0
34.850002,-114.95,2016-05-26 00:00:00,0,0.0
34.850002,-114.85,2016-05-26 00:00:00,0,0.0
34.850002,-114.74999,2016-05-26 00:00:00,0,0.0
34.850002,-114.649994,2016-05-26 00:00:00,0,0.0
34.850002,-114.549995,2016-05-26 00:00:00,0,0.0
34.850002,-114.45,2016-05-26 00:00:00,0,0.0
34.850002,-114.35,2016-05-26 00:00:00,0,0.0
34.850002,-114.24999,2016-05-26 00:00:00,0,0.0
34.95,-124.34999,2016-05-26 00:00:00,0,0.0
34.95,-124.25,2016-05-26 00:00:00,0,0.0
34.95,-124.149994,2016-05-26 00:00:00,0,0.0
34.95,-124.049995,2016-05-26 00:00:00,0,0.0
34.95,-123.95,2016-05-26 00:00:00,0,0.0
34.95,-123.84999,2016-05-26 00:00:00,0,0.0
34.95,-123.75,2016-05-26 00:00:00,0,0.0
34.95,-123.649994,2016-05-26 00:00:00,0,0.0
34.95,-123.549995,2016-05-26 00:00:00,0,0.0
34.95,-123.45,2016-05-26 00:00:00,0,0.0
34.95,-123.34999,2016-05-26 00:00:00,0,0.0
34.95,-123.25,2016-05-26 00:00:00,0,0.0
34.95,-123.149994,2016-05-26 00:00:00,0,0.0
34.95,-123.049995,2016-05-26 00:00:00,0,0.0
34.95,-122.95,2016-05-26 00:00:00,0,0.0
34.95,-122.84999,2016-05-26 00:00:00,0,0.0
34.95,-122.75,2016-05-26 00:00:00,0,0.0
34.95,-122.649994,2016-05-26 00:00:00,0,0.0
34.95,-122.549995,2016-05-26 00:00:00,0,0.0
34.95,-122.45,2016-05-26 00:00:00,0,0.0
34.95,-122.34999,2016-05-26 00:00:00,0,0.0
34.95,-122.25,2016-05-26 00:00:00,0,0.0
34.95,-122.149994,2016-05-26 00:00:00,0,0.0
34.95,-122.049995,2016-05-26 00:00:00,0,0.0
34.95,-121.95,2016-05-26 00:00:00,0,0.0
34.95,-121.84999,2016-05-26 00:00:00,0,0.0
34.95,-121.75,2016-05-26 00:00:00,0,0.0
34.95,-121.649994,2016-05-26 00:00:00,0,0.0
34.95,-121.549995,2016-05-26 00:00:00,0,0.0
34.95,-121.45,2016-05-26 00:00:00,0,0.0
34.95,-121.34999,2016-05-26 00:00:00,0,0.0
34.95,-121.25,2016-05-26 00:00:00,0,0.0
34.95,-121.149994,2016-05-26 00:00:00,0,0.0
34.95,-121.049995,2016-05-26 00:00:00,0,0.0
34.95,-120.95,2016-05-26 00:00:00,0,0.0
34.95,-120.84999,2016-05-26 00:00:00,0,0.0
34.95,-120.75,2016-05-26 00:00:00,0,0.0
34.95,-120.649994,2016-05-26 00:00:00,0,0.0
34.95,-120.549995,2016-05-26 00:00:00,0,0.028213687
34.95,-120.45,2016-05-26 00:00:00,0,0.0
34.95,-120.34999,2016-05-26 00:00:00,0,0.0
34.95,-120.25,2016-05-26 00:00:00,0,0.0
34.95,-120.149994,2016-05-26 00:00:00,0,0.0
34.95,-120.049995,2016-05-26 00:00:00,0,0.0
34.95,-119.95,2016-05-26 00:00:00,0,0.0
34.95,-119.84999,2016-05-26 00:00:00,0,0.0
34.95,-119.75,2016-05-26 00:00:00,0,0.0
34.95,-119.649994,2016-05-26 00:00:00,0,0.0
34.95,-119.549995,2016-05-26 00:00:00,0,0.0
34.95,-119.45,2016-05-26 00:00:00,0,0.0
34.95,-119.34999,2016-05-26 00:00:00,0,0.0
34.95,-119.25,2016-05-26 00:00:00,0,0.0
34.95,-119.149994,2016-05-26 00:00:00,0,0.0
34.95,-119.049995,2016-05-26 00:00:00,0,0.0
34.95,-118.95,2016-05-26 00:00:00,0,0.0
34.95,-118.84999,2016-05-26 00:00:00,0,0.0
34.95,-118.75,2016-05-26 00:00:00,0,0.0
34.95,-118.649994,2016-05-26 00:00:00,0,0.0
34.95,-118.549995,2016-05-26 00:00:00,0,0.14873734
34.95,-118.45,2016-05-26 00:00:00,0,0.029508462
34.95,-118.34999,2016-05-26 00:00:00,0,0.07315807
34.95,-118.25,2016-05-26 00:00:00,0,0.029872566
34.95,-118.149994,2016-05-26 00:00:00,0,0.0
34.95,-118.049995,2016-05-26 00:00:00,0,0.0
34.95,-117.95,2016-05-26 00:00:00,0,0.6367824
34.95,-117.84999,2016-05-26 00:00:00,0,0.0
34.95,-117.75,2016-05-26 00:00:00,0,0.0
34.95,-117.649994,2016-05-26 00:00:00,0,0.0
34.95,-117.549995,2016-05-26 00:00:00,0,0.0
34.95,-117.45,2016-05-26 00:00:00,0,0.0
34.95,-117.34999,2016-05-26 00:00:00,0,0.0
34.95,-117.25,2016-05-26 00:00:00,0,0.0
34.95,-117.149994,2016-05-26 00:00:00,0,0.029535973
34.95,-117.049995,2016-05-26 00:00:00,0,0.0
34.95,-116.95,2016-05-26 00:00:00,0,0.0
34.95,-116.84999,2016-05-26 00:00:00,0,0.0
34.95,-116.75,2016-05-26 00:00:00,0,0.0
34.95,-116.649994,2016-05-26 00:00:00,0,0.0
34.95,-116.549995,2016-05-26 00:00:00,0,0.0
34.95,-116.45,2016-05-26 00:00:00,0,0.0
34.95,-116.34999,2016-05-26 00:00:00,0,0.00068465644
34.95,-116.25,2016-05-26 00:00:00,0,0.005439215
34.95,-116.149994,2016-05-26 00:00:00,0,0.0111270435
34.95,-116.049995,2016-05-26 00:00:00,0,0.0028653732
34.95,-115.95,2016-05-26 00:00:00,0,0.0039412836
34.95,-115.85,2016-05-26 00:00:00,0,0.005241907
34.95,-115.74999,2016-05-26 00:00:00,0,0.010273097
34.95,-115.649994,2016-05-26 00:00:00,0,1.1802237
34.95,-115.549995,2016-05-26 00:00:00,0,5.1882005
34.95,-115.45,2016-05-26 00:00:00,0,4.927451
34.95,-115.35,2016-05-26 00:00:00,0,0.2210454
34.95,-115.24999,2016-05-26 00:00:00,0,0.010361346
34.95,-115.149994,2016-05-26 00:00:00,0,0.0
34.95,-115.049995,2016-05-26 00:00:00,0,0.0
34.95,-114.95,2016-05-26 00:00:00,0,0.0
34.95,-114.85,2016-05-26 00:00:00,0,0.0
34.95,-114.74999,2016-05-26 00:00:00,0,0.0
34.95,-114.649994,2016-05-26 00:00:00,0,0.0
34.95,-114.549995,2016-05-26 00:00:00,0,0.0
34.95,-114.45,2016-05-26 00:00:00,0,0.0
34.95,-114.35,2016-05-26 00:00:00,0,0.0
34.95,-114.24999,2016-05-26 00:00:00,0,0.0
35.05,-124.34999,2016-05-26 00:00:00,0,0.0
35.05,-124.25,2016-05-26 00:00:00,0,0.0
35.05,-124.149994,2016-05-26 00:00:00,0,0.0
35.05,-124.049995,2016-05-26 00:00:00,0,0.0
35.05,-123.95,2016-05-26 00:00:00,0,0.0
35.05,-123.84999,2016-05-26 00:00:00,0,0.0
35.05,-123.75,2016-05-26 00:00:00,0,0.0
35.05,-123.649994,2016-05-26 00:00:00,0,0.0
35.05,-123.549995,2016-05-26 00:00:00,0,0.0
35.05,-123.45,2016-05-26 00:00:00,0,0.0
35.05,-123.34999,2016-05-26 00:00:00,0,0.0
35.05,-123.25,2016-05-26 00:00:00,0,0.0
35.05,-123.149994,2016-05-26 00:00:00,0,0.0
35.05,-123.049995,2016-05-26 00:00:00,0,0.0
35.05,-122.95,2016-05-26 00:00:00,0,0.0
35.05,-122.84999,2016-05-26 00:00:00,0,0.0
35.05,-122.75,2016-05-26 00:00:00,0,0.0
35.05,-122.649994,2016-05-26 00:00:00,0,0.0
35.05,-122.549995,2016-05-26 00:00:00,0,0.0
35.05,-122.45,2016-05-26 00:00:00,0,0.0
35.05,-122.34999,2016-05-26 00:00:00,0,0.0
35.05,-122.25,2016-05-26 00:00:00,0,0.0
35.05,-122.149994,2016-05-26 00:00:00,0,0.0
35.05,-122.049995,2016-05-26 00:00:00,0,0.0
35.05,-121.95,2016-05-26 00:00:00,0,0.0
35.05,-121.84999,2016-05-26 00:00:00,0,0.0
35.05,-121.75,2016-05-26 00:00:00,0,0.0
35.05,-121.649994,2016-05-26 00:00:00,0,0.0
35.05,-121.549995,2016-05-26 00:00:00,0,0.0
35.05,-121.45,2016-05-26 00:00:00,0,0.0
35.05,-121.34999,2016-05-26 00:00:00,0,0.0
35.05,-121.25,2016-05-26 00:00:00,0,0.0
35.05,-121.149994,2016-05-26 00:00:00,0,0.0
35.05,-121.049995,2016-05-26 00:00:00,0,0.0
35.05,-120.95,2016-05-26 00:00:00,0,0.0
35.05,-120.84999,2016-05-26 00:00:00,0,0.0
35.05,-120.75,2016-05-26 00:00:00,0,0.0
35.05,-120.649994,2016-05-26 00:00:00,0,0.0
35.05,-120.549995,2016-05-26 00:00:00,0,0.0
35.05,-120.45,2016-05-26 00:00:00,0,0.0
35.05,-120.34999,2016-05-26 00:00:00,0,0.0
35.05,-120.25,2016-05-26 00:00:00,0,0.0
35.05,-120.149994,2016-05-26 00:00:00,0,0.0
35.05,-120.049995,2016-05-26 00:00:00,0,0.0
35.05,-119.95,2016-05-26 00:00:00,0,0.0
35.05,-119.84999,2016-05-26 00:00:00,0,0.0
35.05,-119.75,2016-05-26 00:00:00,0,0.0
35.05,-119.649994,2016-05-26 00:00:00,0,0.0
35.05,-119.549995,2016-05-26 00:00:00,0,0.0
35.05,-119.45,2016-05-26 00:00:00,0,0.0
35.05,-119.34999,2016-05-26 00:00:00,0,0.0
35.05,-119.25,2016-05-26 00:00:00,0,0.0
35.05,-119.149994,2016-05-26 00:00:00,0,0.0
35.05,-119.049995,2016-05-26 00:00:00,0,0.0
35.05,-118.95,2016-05-26 00:00:00,0,0.0
35.05,-118.84999,2016-05-26 00:00:00,0,0.0
35.05,-118.75,2016-05-26 00:00:00,0,0.0
35.05,-118.649994,2016-05-26 00:00:00,0,0.0
35.05,-118.549995,2016-05-26 00:00:00,0,0.0
35.05,-118.45,2016-05-26 00:00:00,0,0.0026825874
35.05,-118.34999,2016-05-26 00:00:00,0,0.0
35.05,-118.25,2016-05-26 00:00:00,0,0.0
35.05,-118.149994,2016-05-26 00:00:00,0,0.0
35.05,-118.049995,2016-05-26 00:00:00,0,0.0
35.05,-117.95,2016-05-26 00:00:00,0,0.0
35.05,-117.84999,2016-05-26 00:00:00,0,0.0
35.05,-117.75,2016-05-26 00:00:00,0,0.0
35.05,-117.649994,2016-05-26 00:00:00,0,0.0
35.05,-117.549995,2016-05-26 00:00:00,0,0.0
35.05,-117.45,2016-05-26 00:00:00,0,0.0
35.05,-117.34999,2016-05-26 00:00:00,0,0.0
35.05,-117.25,2016-05-26 00:00:00,0,0.0
35.05,-117.149994,2016-05-26 00:00:00,0,0.0
35.05,-117.049995,2016-05-26 00:00:00,0,0.0
35.05,-116.95,2016-05-26 00:00:00,0,0.0
35.05,-116.84999,2016-05-26 00:00:00,0,0.0
35.05,-116.75,2016-05-26 00:00:00,0,0.0
35.05,-116.649994,2016-05-26 00:00:00,0,0.0
35.05,-116.549995,2016-05-26 00:00:00,0,0.0
35.05,-116.45,2016-05-26 00:00:00,0,0.0
35.05,-116.34999,2016-05-26 00:00:00,0,7.607294e-05
35.05,-116.25,2016-05-26 00:00:00,0,0.0014453859
35.05,-116.149994,2016-05-26 00:00:00,0,0.0057054698
35.05,-116.049995,2016-05-26 00:00:00,0,0.0010269847
35.05,-115.95,2016-05-26 00:00:00,0,0.0
35.05,-115.85,2016-05-26 00:00:00,0,0.0
35.05,-115.74999,2016-05-26 00:00:00,0,0.0
35.05,-115.649994,2016-05-26 00:00:00,0,0.0026245161
35.05,-115.549995,2016-05-26 00:00:00,0,0.0200262
35.05,-115.45,2016-05-26 00:00:00,0,0.3122522
35.05,-115.35,2016-05-26 00:00:00,0,0.672812
35.05,-115.24999,2016-05-26 00:00:00,0,0.023309385
35.05,-115.149994,2016-05-26 00:00:00,0,0.0
35.05,-115.049995,2016-05-26 00:00:00,0,0.0
35.05,-114.95,2016-05-26 00:00:00,0,0.0
35.05,-114.85,2016-05-26 00:00:00,0,0.0
35.05,-114.74999,2016-05-26 00:00:00,0,0.0
35.05,-114.649994,2016-05-26 00:00:00,0,0.0
35.05,-114.549995,2016-05-26 00:00:00,0,0.0
35.05,-114.45,2016-05-26 00:00:00,0,0.0
35.05,-114.35,2016-05-26 00:00:00,0,0.0
35.05,-114.24999,2016-05-26 00:00:00,0,0.0
35.149998,-124.34999,2016-05-26 00:00:00,0,0.0
35.149998,-124.25,2016-05-26 00:00:00,0,0.0
35.149998,-124.149994,2016-05-26 00:00:00,0,0.0
35.149998,-124.049995,2016-05-26 00:00:00,0,0.0
35.149998,-123.95,2016-05-26 00:00:00,0,0.0
35.149998,-123.84999,2016-05-26 00:00:00,0,0.0
35.149998,-123.75,2016-05-26 00:00:00,0,0.0
35.149998,-123.649994,2016-05-26 00:00:00,0,0.0
35.149998,-123.549995,2016-05-26 00:00:00,0,0.0
35.149998,-123.45,2016-05-26 00:00:00,0,0.0
35.149998,-123.34999,2016-05-26 00:00:00,0,0.0
35.149998,-123.25,2016-05-26 00:00:00,0,0.0
35.149998,-123.149994,2016-05-26 00:00:00,0,0.0
35.149998,-123.049995,2016-05-26 00:00:00,0,0.0
35.149998,-122.95,2016-05-26 00:00:00,0,0.0
35.149998,-122.84999,2016-05-26 00:00:00,0,0.0
35.149998,-122.75,2016-05-26 00:00:00,0,0.0
35.149998,-122.649994,2016-05-26 00:00:00,0,0.0
35.149998,-122.549995,2016-05-26 00:00:00,0,0.0
35.149998,-122.45,2016-05-26 00:00:00,0,0.0
35.149998,-122.34999,2016-05-26 00:00:00,0,0.0
35.149998,-122.25,2016-05-26 00:00:00,0,0.0
35.149998,-122.149994,2016-05-26 00:00:00,0,0.0
35.149998,-122.049995,2016-05-26 00:00:00,0,0.0
35.149998,-121.95,2016-05-26 00:00:00,0,0.0
35.149998,-121.84999,2016-05-26 00:00:00,0,0.0
35.149998,-121.75,2016-05-26 00:00:00,0,0.0
35.149998,-121.649994,2016-05-26 00:00:00,0,0.0
35.149998,-121.549995,2016-05-26 00:00:00,0,0.0
35.149998,-121.45,2016-05-26 00:00:00,0,0.0
35.149998,-121.34999,2016-05-26 00:00:00,0,0.0
35.149998,-121.25,2016-05-26 00:00:00,0,0.0
35.149998,-121.149994,2016-05-26 00:00:00,0,0.0
35.149998,-121.049995,2016-05-26 00:00:00,0,0.0
35.149998,-120.95,2016-05-26 00:00:00,0,0.0
35.149998,-120.84999,2016-05-26 00:00:00,0,0.0
35.149998,-120.75,2016-05-26 00:00:00,0,0.0
35.149998,-120.649994,2016-05-26 00:00:00,0,0.0
35.149998,-120.549995,2016-05-26 00:00:00,0,0.0
35.149998,-120.45,2016-05-26 00:00:00,0,0.0
35.149998,-120.34999,2016-05-26 00:00:00,0,0.0
35.149998,-120.25,2016-05-26 00:00:00,0,0.0
35.149998,-120.149994,2016-05-26 00:00:00,0,0.0
35.149998,-120.049995,2016-05-26 00:00:00,0,0.0
35.149998,-119.95,2016-05-26 00:00:00,0,0.0
35.149998,-119.84999,2016-05-26 00:00:00,0,0.0
35.149998,-119.75,2016-05-26 00:00:00,0,0.0
35.149998,-119.649994,2016-05-26 00:00:00,0,0.0
35.149998,-119.549995,2016-05-26 00:00:00,0,0.0
35.149998,-119.45,2016-05-26 00:00:00,0,0.0
35.149998,-119.34999,2016-05-26 00:00:00,0,0.0
35.149998,-119.25,2016-05-26 00:00:00,0,0.0
35.149998,-119.149994,2016-05-26 00:00:00,0,0.0
35.149998,-119.049995,2016-05-26 00:00:00,0,0.0
35.149998,-118.95,2016-05-26 00:00:00,0,0.0
35.149998,-118.84999,2016-05-26 00:00:00,0,0.0
35.149998,-118.75,2016-05-26 00:00:00,0,0.0
35.149998,-118.649994,2016-05-26 00:00:00,0,0.0
35.149998,-118.549995,2016-05-26 00:00:00,0,0.0
35.149998,-118.45,2016-05-26 00:00:00,0,0.0
35.149998,-118.34999,2016-05-26 00:00:00,0,0.0
35.149998,-118.25,2016-05-26 00:00:00,0,0.0
35.149998,-118.149994,2016-05-26 00:00:00,0,0.0
35.149998,-118.049995,2016-05-26 00:00:00,0,0.0
35.149998,-117.95,2016-05-26 00:00:00,0,0.0
35.149998,-117.84999,2016-05-26 00:00:00,0,0.0
35.149998,-117.75,2016-05-26 00:00:00,0,0.0
35.149998,-117.649994,2016-05-26 00:00:00,0,0.0
35.149998,-117.549995,2016-05-26 00:00:00,0,0.0
35.149998,-117.45,2016-05-26 00:00:00,0,0.0
35.149998,-117.34999,2016-05-26 00:00:00,0,0.0
35.149998,-117.25,2016-05-26 00:00:00,0,0.0
35.149998,-117.149994,2016-05-26 00:00:00,0,0.0
35.149998,-117.049995,2016-05-26 00:00:00,0,0.0
35.149998,-116.95,2016-05-26 00:00:00,0,0.0
35.149998,-116.84999,2016-05-26 00:00:00,0,0.0
35.149998,-116.75,2016-05-26 00:00:00,0,0.0
35.149998,-116.649994,2016-05-26 00:00:00,0,0.0
35.149998,-116.549995,2016-05-26 00:00:00,0,0.0
35.149998,-116.45,2016-05-26 00:00:00,0,0.0
35.149998,-116.34999,2016-05-26 00:00:00,0,0.0
35.149998,-116.25,2016-05-26 00:00:00,0,7.607294e-05
35.149998,-116.149994,2016-05-26 00:00:00,0,0.0007226928
35.149998,-116.049995,2016-05-26 00:00:00,0,0.00015214588
35.149998,-115.95,2016-05-26 00:00:00,0,0.0
35.149998,-115.85,2016-05-26 00:00:00,0,0.0
35.149998,-115.74999,2016-05-26 00:00:00,0,0.0
35.149998,-115.649994,2016-05-26 00:00:00,0,0.00026625526
35.149998,-115.549995,2016-05-26 00:00:00,0,0.0019969146
35.149998,-115.45,2016-05-26 00:00:00,0,10.110734
35.149998,-115.35,2016-05-26 00:00:00,0,6.2764378
35.149998,-115.24999,2016-05-26 00:00:00,0,0.90363497
35.149998,-115.149994,2016-05-26 00:00:00,0,1.4458159
35.149998,-115.049995,2016-05-26 00:00:00,0,0.0
35.149998,-114.95,2016-05-26 00:00:00,0,0.0
35.149998,-114.85,2016-05-26 00:00:00,0,0.0
35.149998,-114.74999,2016-05-26 00:00:00,0,0.0
35.149998,-114.649994,2016-05-26 00:00:00,0,0.0
35.149998,-114.549995,2016-05-26 00:00:00,0,0.0
35.149998,-114.45,2016-05-26 00:00:00,0,0.0
35.149998,-114.35,2016-05-26 00:00:00,0,0.0
35.149998,-114.24999,2016-05-26 00:00:00,0,0.0
35.250004,-124.34999,2016-05-26 00:00:00,0,0.0
35.250004,-124.25,2016-05-26 00:00:00,0,0.0
35.250004,-124.149994,2016-05-26 00:00:00,0,0.0
35.250004,-124.049995,2016-05-26 00:00:00,0,0.0
35.250004,-123.95,2016-05-26 00:00:00,0,0.0
35.250004,-123.84999,2016-05-26 00:00:00,0,0.0
35.250004,-123.75,2016-05-26 00:00:00,0,0.0
35.250004,-123.649994,2016-05-26 00:00:00,0,0.0
35.250004,-123.549995,2016-05-26 00:00:00,0,0.0
35.250004,-123.45,2016-05-26 00:00:00,0,0.0
35.250004,-123.34999,2016-05-26 00:00:00,0,0.0
35.250004,-123.25,2016-05-26 00:00:00,0,0.0
35.250004,-123.149994,2016-05-26 00:00:00,0,0.0
35.250004,-123.049995,2016-05-26 00:00:00,0,0.0
35.250004,-122.95,2016-05-26 00:00:00,0,0.0
35.250004,-122.84999,2016-05-26 00:00:00,0,0.0
35.250004,-122.75,2016-05-26 00:00:00,0,0.0
35.250004,-122.649994,2016-05-26 00:00:00,0,0.0
35.250004,-122.549995,2016-05-26 00:00:00,0,0.0
35.250004,-122.45,2016-05-26 00:00:00,0,0.0
35.250004,-122.34999,2016-05-26 00:00:00,0,0.0
35.250004,-122.25,2016-05-26 00:00:00,0,0.0
35.250004,-122.149994,2016-05-26 00:00:00,0,0.0
35.250004,-122.049995,2016-05-26 00:00:00,0,0.0
35.250004,-121.95,2016-05-26 00:00:00,0,0.0
35.250004,-121.84999,2016-05-26 00:00:00,0,0.0
35.250004,-121.75,2016-05-26 00:00:00,0,0.0
35.250004,-121.649994,2016-05-26 00:00:00,0,0.0
35.250004,-121.549995,2016-05-26 00:00:00,0,0.0
35.250004,-121.45,2016-05-26 00:00:00,0,0.0
35.250004,-121.34999,2016-05-26 00:00:00,0,0.0
35.250004,-121.25,2016-05-26 00:00:00,0,0.0
35.250004,-121.149994,2016-05-26 00:00:00,0,0.0
35.250004,-121.049995,2016-05-26 00:00:00,0,0.0
35.250004,-120.95,2016-05-26 00:00:00,0,0.0
35.250004,-120.84999,2016-05-26 00:00:00,0,0.0
35.250004,-120.75,2016-05-26 00:00:00,0,0.0
35.250004,-120.649994,2016-05-26 00:00:00,0,0.0
35.250004,-120.549995,2016-05-26 00:00:00,0,0.0
35.250004,-120.45,2016-05-26 00:00:00,0,0.0
35.250004,-120.34999,2016-05-26 00:00:00,0,0.0
35.250004,-120.25,2016-05-26 00:00:00,0,0.0
35.250004,-120.149994,2016-05-26 00:00:00,0,0.0
35.250004,-120.049995,2016-05-26 00:00:00,0,0.0
35.250004,-119.95,2016-05-26 00:00:00,0,0.0
35.250004,-119.84999,2016-05-26 00:00:00,0,0.0
35.250004,-119.75,2016-05-26 00:00:00,0,0.0
35.250004,-119.649994,2016-05-26 00:00:00,0,0.0
35.250004,-119.549995,2016-05-26 00:00:00,0,0.0
35.250004,-119.45,2016-05-26 00:00:00,0,0.0
35.250004,-119.34999,2016-05-26 00:00:00,0,0.0
35.250004,-119.25,2016-05-26 00:00:00,0,0.0
35.250004,-119.149994,2016-05-26 00:00:00,0,0.0
35.250004,-119.049995,2016-05-26 00:00:00,0,0.0
35.250004,-118.95,2016-05-26 00:00:00,0,0.0
35.250004,-118.84999,2016-05-26 00:00:00,0,0.0
35.250004,-118.75,2016-05-26 00:00:00,0,0.0
35.250004,-118.649994,2016-05-26 00:00:00,0,0.0
35.250004,-118.549995,2016-05-26 00:00:00,0,0.0
35.250004,-118.45,2016-05-26 00:00:00,0,0.0
35.250004,-118.34999,2016-05-26 00:00:00,0,0.0
35.250004,-118.25,2016-05-26 00:00:00,0,0.0
35.250004,-118.149994,2016-05-26 00:00:00,0,0.0
35.250004,-118.049995,2016-05-26 00:00:00,0,0.0
35.250004,-117.95,2016-05-26 00:00:00,0,1.2845203
35.250004,-117.84999,2016-05-26 00:00:00,0,0.0
35.250004,-117.75,2016-05-26 00:00:00,0,0.0
35.250004,-117.649994,2016-05-26 00:00:00,0,0.0
35.250004,-117.549995,2016-05-26 00:00:00,0,0.0
35.250004,-117.45,2016-05-26 00:00:00,0,0.0
35.250004,-117.34999,2016-05-26 00:00:00,0,0.0
35.250004,-117.25,2016-05-26 00:00:00,0,0.0
35.250004,-117.149994,2016-05-26 00:00:00,0,0.0
35.250004,-117.049995,2016-05-26 00:00:00,0,0.0
35.250004,-116.95,2016-05-26 00:00:00,0,0.0
35.250004,-116.84999,2016-05-26 00:00:00,0,0.0
35.250004,-116.75,2016-05-26 00:00:00,0,0.0
35.250004,-116.649994,2016-05-26 00:00:00,0,0.0
35.250004,-116.549995,2016-05-26 00:00:00,0,0.0
35.250004,-116.45,2016-05-26 00:00:00,0,0.0
35.250004,-116.34999,2016-05-26 00:00:00,0,0.0
35.250004,-116.25,2016-05-26 00:00:00,0,0.0
35.250004,-116.149994,2016-05-26 00:00:00,0,10.300991
35.250004,-116.049995,2016-05-26 00:00:00,0,0.0
35.250004,-115.95,2016-05-26 00:00:00,0,0.0
35.250004,-115.85,2016-05-26 00:00:00,0,0.0
35.250004,-115.74999,2016-05-26 00:00:00,0,0.0
35.250004,-115.649994,2016-05-26 00:00:00,0,0.0
35.250004,-115.549995,2016-05-26 00:00:00,0,0.010273097
35.250004,-115.45,2016-05-26 00:00:00,0,0.099999994
35.250004,-115.35,2016-05-26 00:00:00,0,0.099999994
35.250004,-115.24999,2016-05-26 00:00:00,0,0.099999994
35.250004,-115.149994,2016-05-26 00:00:00,0,1.3403919
35.250004,-115.049995,2016-05-26 00:00:00,0,0.0
35.250004,-114.95,2016-05-26 00:00:00,0,0.0
35.250004,-114.85,2016-05-26 00:00:00,0,0.0
35.250004,-114.74999,2016-05-26 00:00:00,0,0.0
35.250004,-114.649994,2016-05-26 00:00:00,0,0.0
35.250004,-114.549995,2016-05-26 00:00:00,0,0.0
35.250004,-114.45,2016-05-26 00:00:00,0,0.0
35.250004,-114.35,2016-05-26 00:00:00,0,0.0
35.250004,-114.24999,2016-05-26 00:00:00,0,0.0
35.350002,-124.34999,2016-05-26 00:00:00,0,0.0
35.350002,-124.25,2016-05-26 00:00:00,0,0.0
35.350002,-124.149994,2016-05-26 00:00:00,0,0.0
35.350002,-124.049995,2016-05-26 00:00:00,0,0.0
35.350002,-123.95,2016-05-26 00:00:00,0,0.0
35.350002,-123.84999,2016-05-26 00:00:00,0,0.0
35.350002,-123.75,2016-05-26 00:00:00,0,0.0
35.350002,-123.649994,2016-05-26 00:00:00,0,0.0
35.350002,-123.549995,2016-05-26 00:00:00,0,0.0
35.350002,-123.45,2016-05-26 00:00:00,0,0.0
35.350002,-123.34999,2016-05-26 00:00:00,0,0.0
35.350002,-123.25,2016-05-26 00:00:00,0,0.0
35.350002,-123.149994,2016-05-26 00:00:00,0,0.0
35.350002,-123.049995,2016-05-26 00:00:00,0,0.0
35.350002,-122.95,2016-05-26 00:00:00,0,0.0
35.350002,-122.84999,2016-05-26 00:00:00,0,0.0
35.350002,-122.75,2016-05-26 00:00:00,0,0.0
35.350002,-122.649994,2016-05-26 00:00:00,0,0.0
35.350002,-122.549995,2016-05-26 00:00:00,0,0.0
35.350002,-122.45,2016-05-26 00:00:00,0,0.0
35.350002,-122.34999,2016-05-26 00:00:00,0,0.0
35.350002,-122.25,2016-05-26 00:00:00,0,0.0
35.350002,-122.149994,2016-05-26 00:00:00,0,0.0
35.350002,-122.049995,2016-05-26 00:00:00,0,0.0
35.350002,-121.95,2016-05-26 00:00:00,0,0.0
35.350002,-121.84999,2016-05-26 00:00:00,0,0.0
35.350002,-121.75,2016-05-26 00:00:00,0,0.0
35.350002,-121.649994,2016-05-26 00:00:00,0,0.0
35.350002,-121.549995,2016-05-26 00:00:00,0,0.0
35.350002,-121.45,2016-05-26 00:00:00,0,0.0
35.350002,-121.34999,2016-05-26 00:00:00,0,0.0
35.350002,-121.25,2016-05-26 00:00:00,0,0.0
35.350002,-121.149994,2016-05-26 00:00:00,0,0.0
35.350002,-121.049995,2016-05-26 00:00:00,0,0.0
35.350002,-120.95,2016-05-26 00:00:00,0,0.0
35.350002,-120.84999,2016-05-26 00:00:00,0,0.0
35.350002,-120.75,2016-05-26 00:00:00,0,0.0
35.350002,-120.649994,2016-05-26 00:00:00,0,0.0
35.350002,-120.549995,2016-05-26 00:00:00,0,0.0
35.350002,-120.45,2016-05-26 00:00:00,0,0.0
35.350002,-120.34999,2016-05-26 00:00:00,0,0.0
35.350002,-120.25,2016-05-26 00:00:00,0,0.0
35.350002,-120.149994,2016-05-26 00:00:00,0,0.0
35.350002,-120.049995,2016-05-26 00:00:00,0,0.0
35.350002,-119.95,2016-05-26 00:00:00,0,0.0
35.350002,-119.84999,2016-05-26 00:00:00,0,0.0
35.350002,-119.75,2016-05-26 00:00:00,0,0.0
35.350002,-119.649994,2016-05-26 00:00:00,0,0.0
35.350002,-119.549995,2016-05-26 00:00:00,0,0.0
35.350002,-119.45,2016-05-26 00:00:00,0,0.0
35.350002,-119.34999,2016-05-26 00:00:00,0,0.0
35.350002,-119.25,2016-05-26 00:00:00,0,0.0
35.350002,-119.149994,2016-05-26 00:00:00,0,0.0
35.350002,-119.049995,2016-05-26 00:00:00,0,0.0
35.350002,-118.95,2016-05-26 00:00:00,0,0.0
35.350002,-118.84999,2016-05-26 00:00:00,0,0.0
35.350002,-118.75,2016-05-26 00:00:00,0,0.0
35.350002,-118.649994,2016-05-26 00:00:00,0,0.0
35.350002,-118.549995,2016-05-26 00:00:00,0,0.0
35.350002,-118.45,2016-05-26 00:00:00,0,0.0
35.350002,-118.34999,2016-05-26 00:00:00,0,0.0
35.350002,-118.25,2016-05-26 00:00:00,0,0.0
35.350002,-118.149994,2016-05-26 00:00:00,0,0.0
35.350002,-118.049995,2016-05-26 00:00:00,0,1.9074306
35.350002,-117.95,2016-05-26 00:00:00,0,0.0
35.350002,-117.84999,2016-05-26 00:00:00,0,0.0
35.350002,-117.75,2016-05-26 00:00:00,0,0.0
35.350002,-117.649994,2016-05-26 00:00:00,0,0.0
35.350002,-117.549995,2016-05-26 00:00:00,0,0.0
35.350002,-117.45,2016-05-26 00:00:00,0,0.0
35.350002,-117.34999,2016-05-26 00:00:00,0,0.0
35.350002,-117.25,2016-05-26 00:00:00,0,0.0
35.350002,-117.149994,2016-05-26 00:00:00,0,0.039772164
35.350002,-117.049995,2016-05-26 00:00:00,0,0.0
35.350002,-116.95,2016-05-26 00:00:00,0,0.0
35.350002,-116.84999,2016-05-26 00:00:00,0,0.0
35.350002,-116.75,2016-05-26 00:00:00,0,0.0
35.350002,-116.649994,2016-05-26 00:00:00,0,0.0
35.350002,-116.549995,2016-05-26 00:00:00,0,0.0
35.350002,-116.45,2016-05-26 00:00:00,0,0.0
35.350002,-116.34999,2016-05-26 00:00:00,0,0.0
35.350002,-116.25,2016-05-26 00:00:00,0,0.0
35.350002,-116.149994,2016-05-26 00:00:00,0,0.75567114
35.350002,-116.049995,2016-05-26 00:00:00,0,7.882567e-05
35.350002,-115.95,2016-05-26 00:00:00,0,0.0
35.350002,-115.85,2016-05-26 00:00:00,0,0.0
35.350002,-115.74999,2016-05-26 00:00:00,0,0.0
35.350002,-115.649994,2016-05-26 00:00:00,0,0.020546194
35.350002,-115.549995,2016-05-26 00:00:00,0,0.0
35.350002,-115.45,2016-05-26 00:00:00,0,0.0
35.350002,-115.35,2016-05-26 00:00:00,0,1.9399999
35.350002,-115.24999,2016-05-26 00:00:00,0,0.12
35.350002,-115.149994,2016-05-26 00:00:00,0,0.0
35.350002,-115.049995,2016-05-26 00:00:00,0,0.0
35.350002,-114.95,2016-05-26 00:00:00,0,0.0
35.350002,-114.85,2016-05-26 00:00:00,0,0.0
35.350002,-114.74999,2016-05-26 00:00:00,0,0.0
35.350002,-114.649994,2016-05-26 00:00:00,0,0.0
35.350002,-114.549995,2016-05-26 00:00:00,0,0.0
35.350002,-114.45,2016-05-26 00:00:00,0,0.0
35.350002,-114.35,2016-05-26 00:00:00,0,0.0
35.350002,-114.24999,2016-05-26 00:00:00,0,0.0
35.45,-124.34999,2016-05-26 00:00:00,0,0.0
35.45,-124.25,2016-05-26 00:00:00,0,0.0
35.45,-124.149994,2016-05-26 00:00:00,0,0.0
35.45,-124.049995,2016-05-26 00:00:00,0,0.0
35.45,-123.95,2016-05-26 00:00:00,0,0.0
35.45,-123.84999,2016-05-26 00:00:00,0,0.0
35.45,-123.75,2016-05-26 00:00:00,0,0.0
35.45,-123.649994,2016-05-26 00:00:00,0,0.0
35.45,-123.549995,2016-05-26 00:00:00,0,0.0
35.45,-123.45,2016-05-26 00:00:00,0,0.0
35.45,-123.34999,2016-05-26 00:00:00,0,0.0
35.45,-123.25,2016-05-26 00:00:00,0,0.0
35.45,-123.149994,2016-05-26 00:00:00,0,0.0
35.45,-123.049995,2016-05-26 00:00:00,0,0.0
35.45,-122.95,2016-05-26 00:00:00,0,0.0
35.45,-122.84999,2016-05-26 00:00:00,0,0.0
35.45,-122.75,2016-05-26 00:00:00,0,0.0
35.45,-122.649994,2016-05-26 00:00:00,0,0.0
35.45,-122.549995,2016-05-26 00:00:00,0,0.0
35.45,-122.45,2016-05-26 00:00:00,0,0.0
35.45,-122.34999,2016-05-26 00:00:00,0,0.0
35.45,-122.25,2016-05-26 00:00:00,0,0.0
35.45,-122.149994,2016-05-26 00:00:00,0,0.0
35.45,-122.049995,2016-05-26 00:00:00,0,0.0
35.45,-121.95,2016-05-26 00:00:00,0,0.0
35.45,-121.84999,2016-05-26 00:00:00,0,0.0
35.45,-121.75,2016-05-26 00:00:00,0,0.0
35.45,-121.649994,2016-05-26 00:00:00,0,0.0
35.45,-121.549995,2016-05-26 00:00:00,0,0.0
35.45,-121.45,2016-05-26 00:00:00,0,0.0
35.45,-121.34999,2016-05-26 00:00:00,0,0.0
35.45,-121.25,2016-05-26 00:00:00,0,0.0
35.45,-121.149994,2016-05-26 00:00:00,0,0.0
35.45,-121.049995,2016-05-26 00:00:00,0,0.0
35.45,-120.95,2016-05-26 00:00:00,0,0.0
35.45,-120.84999,2016-05-26 00:00:00,0,0.0
35.45,-120.75,2016-05-26 00:00:00,0,0.0
35.45,-120.649994,2016-05-26 00:00:00,0,0.0
35.45,-120.549995,2016-05-26 00:00:00,0,0.0
35.45,-120.45,2016-05-26 00:00:00,0,0.0
35.45,-120.34999,2016-05-26 00:00:00,0,0.0
35.45,-120.25,2016-05-26 00:00:00,0,0.0
35.45,-120.149994,2016-05-26 00:00:00,0,0.0
35.45,-120.049995,2016-05-26 00:00:00,0,0.0
35.45,-119.95,2016-05-26 00:00:00,0,0.0
35.45,-119.84999,2016-05-26 00:00:00,0,0.0
35.45,-119.75,2016-05-26 00:00:00,0,0.0
35.45,-119.649994,2016-05-26 00:00:00,0,0.0
35.45,-119.549995,2016-05-26 00:00:00,0,0.0
35.45,-119.45,2016-05-26 00:00:00,0,0.0
35.45,-119.34999,2016-05-26 00:00:00,0,0.0
35.45,-119.25,2016-05-26 00:00:00,0,0.0
35.45,-119.149994,2016-05-26 00:00:00,0,0.0
35.45,-119.049995,2016-05-26 00:00:00,0,0.0
35.45,-118.95,2016-05-26 00:00:00,0,0.0
35.45,-118.84999,2016-05-26 00:00:00,0,0.0
35.45,-118.75,2016-05-26 00:00:00,0,0.0
35.45,-118.649994,2016-05-26 00:00:00,0,0.0
35.45,-118.549995,2016-05-26 00:00:00,0,0.0
35.45,-118.45,2016-05-26 00:00:00,0,0.0
35.45,-118.34999,2016-05-26 00:00:00,0,0.0
35.45,-118.25,2016-05-26 00:00:00,0,0.0
35.45,-118.149994,2016-05-26 00:00:00,0,0.0
35.45,-118.049995,2016-05-26 00:00:00,0,0.03219105
35.45,-117.95,2016-05-26 00:00:00,0,0.5799066
35.45,-117.84999,2016-05-26 00:00:00,0,0.0
35.45,-117.75,2016-05-26 00:00:00,0,0.0
35.45,-117.649994,2016-05-26 00:00:00,0,0.0
35.45,-117.549995,2016-05-26 00:00:00,0,0.0
35.45,-117.45,2016-05-26 00:00:00,0,0.0
35.45,-117.34999,2016-05-26 00:00:00,0,0.0
35.45,-117.25,2016-05-26 00:00:00,0,0.0
35.45,-117.149994,2016-05-26 00:00:00,0,0.0
35.45,-117.049995,2016-05-26 00:00:00,0,0.0
35.45,-116.95,2016-05-26 00:00:00,0,0.0
35.45,-116.84999,2016-05-26 00:00:00,0,0.0
35.45,-116.75,2016-05-26 00:00:00,0,0.0
35.45,-116.649994,2016-05-26 00:00:00,0,0.0
35.45,-116.549995,2016-05-26 00:00:00,0,0.0
35.45,-116.45,2016-05-26 00:00:00,0,0.0
35.45,-116.34999,2016-05-26 00:00:00,0,0.0
35.45,-116.25,2016-05-26 00:00:00,0,0.0
35.45,-116.149994,2016-05-26 00:00:00,0,0.0
35.45,-116.049995,2016-05-26 00:00:00,0,0.0006306054
35.45,-115.95,2016-05-26 00:00:00,0,0.0
35.45,-115.85,2016-05-26 00:00:00,0,0.0
35.45,-115.74999,2016-05-26 00:00:00,0,0.0
35.45,-115.649994,2016-05-26 00:00:00,0,0.123277165
35.45,-115.549995,2016-05-26 00:00:00,0,2.5359092
35.45,-115.45,2016-05-26 00:00:00,0,2.7289944
35.45,-115.35,2016-05-26 00:00:00,0,2.1699998
35.45,-115.24999,2016-05-26 00:00:00,0,0.04
35.45,-115.149994,2016-05-26 00:00:00,0,0.0
35.45,-115.049995,2016-05-26 00:00:00,0,0.0
35.45,-114.95,2016-05-26 00:00:00,0,0.0
35.45,-114.85,2016-05-26 00:00:00,0,0.0
35.45,-114.74999,2016-05-26 00:00:00,0,0.0
35.45,-114.649994,2016-05-26 00:00:00,0,0.0
35.45,-114.549995,2016-05-26 00:00:00,0,0.0
35.45,-114.45,2016-05-26 00:00:00,0,0.0
35.45,-114.35,2016-05-26 00:00:00,0,0.0
35.45,-114.24999,2016-05-26 00:00:00,0,0.0
35.55,-124.34999,2016-05-26 00:00:00,0,0.0
35.55,-124.25,2016-05-26 00:00:00,0,0.0
35.55,-124.149994,2016-05-26 00:00:00,0,0.0
35.55,-124.049995,2016-05-26 00:00:00,0,0.0
35.55,-123.95,2016-05-26 00:00:00,0,0.0
35.55,-123.84999,2016-05-26 00:00:00,0,0.0
35.55,-123.75,2016-05-26 00:00:00,0,0.0
35.55,-123.649994,2016-05-26 00:00:00,0,0.0
35.55,-123.549995,2016-05-26 00:00:00,0,0.0
35.55,-123.45,2016-05-26 00:00:00,0,0.0
35.55,-123.34999,2016-05-26 00:00:00,0,0.0
35.55,-123.25,2016-05-26 00:00:00,0,0.0
35.55,-123.149994,2016-05-26 00:00:00,0,0.0
35.55,-123.049995,2016-05-26 00:00:00,0,0.0
35.55,-122.95,2016-05-26 00:00:00,0,0.0
35.55,-122.84999,2016-05-26 00:00:00,0,0.0
35.55,-122.75,2016-05-26 00:00:00,0,0.0
35.55,-122.649994,2016-05-26 00:00:00,0,0.0
35.55,-122.549995,2016-05-26 00:00:00,0,0.0
35.55,-122.45,2016-05-26 00:00:00,0,0.0
35.55,-122.34999,2016-05-26 00:00:00,0,0.0
35.55,-122.25,2016-05-26 00:00:00,0,0.0
35.55,-122.149994,2016-05-26 00:00:00,0,0.0
35.55,-122.049995,2016-05-26 00:00:00,0,0.0
35.55,-121.95,2016-05-26 00:00:00,0,0.0
35.55,-121.84999,2016-05-26 00:00:00,0,0.0
35.55,-121.75,2016-05-26 00:00:00,0,0.0
35.55,-121.649994,2016-05-26 00:00:00,0,0.0
35.55,-121.549995,2016-05-26 00:00:00,0,0.0
35.55,-121.45,2016-05-26 00:00:00,0,0.0
35.55,-121.34999,2016-05-26 00:00:00,0,0.0
35.55,-121.25,2016-05-26 00:00:00,0,0.0
35.55,-121.149994,2016-05-26 00:00:00,0,0.0
35.55,-121.049995,2016-05-26 00:00:00,0,0.0
35.55,-120.95,2016-05-26 00:00:00,0,0.0
35.55,-120.84999,2016-05-26 00:00:00,0,0.0
35.55,-120.75,2016-05-26 00:00:00,0,0.0
35.55,-120.649994,2016-05-26 00:00:00,0,0.0
35.55,-120.549995,2016-05-26 00:00:00,0,0.0
35.55,-120.45,2016-05-26 00:00:00,0,0.0
35.55,-120.34999,2016-05-26 00:00:00,0,0.0
35.55,-120.25,2016-05-26 00:00:00,0,0.0
35.55,-120.149994,2016-05-26 00:00:00,0,0.0
35.55,-120.049995,2016-05-26 00:00:00,0,0.0
35.55,-119.95,2016-05-26 00:00:00,0,0.0
35.55,-119.84999,2016-05-26 00:00:00,0,0.0
35.55,-119.75,2016-05-26 00:00:00,0,0.0
35.55,-119.649994,2016-05-26 00:00:00,0,0.0
35.55,-119.549995,2016-05-26 00:00:00,0,0.0
35.55,-119.45,2016-05-26 00:00:00,0,0.0
35.55,-119.34999,2016-05-26 00:00:00,0,0.0
35.55,-119.25,2016-05-26 00:00:00,0,0.0
35.55,-119.149994,2016-05-26 00:00:00,0,0.0
35.55,-119.049995,2016-05-26 00:00:00,0,0.0
35.55,-118.95,2016-05-26 00:00:00,0,0.0
35.55,-118.84999,2016-05-26 00:00:00,0,0.0
35.55,-118.75,2016-05-26 00:00:00,0,0.0
35.55,-118.649994,2016-05-26 00:00:00,0,0.0
35.55,-118.549995,2016-05-26 00:00:00,0,0.0
35.55,-118.45,2016-05-26 00:00:00,0,0.0
35.55,-118.34999,2016-05-26 00:00:00,0,0.0
35.55,-118.25,2016-05-26 00:00:00,0,0.0
35.55,-118.149994,2016-05-26 00:00:00,0,0.026825873
35.55,-118.049995,2016-05-26 00:00:00,0,1.5418135
35.55,-117.95,2016-05-26 00:00:00,0,0.35437998
35.55,-117.84999,2016-05-26 00:00:00,0,0.064495444
35.55,-117.75,2016-05-26 00:00:00,0,0.0026825874
35.55,-117.649994,2016-05-26 00:00:00,0,0.0
35.55,-117.549995,2016-05-26 00:00:00,0,0.0
35.55,-117.45,2016-05-26 00:00:00,0,0.0
35.55,-117.34999,2016-05-26 00:00:00,0,0.0
35.55,-117.25,2016-05-26 00:00:00,0,0.0
35.55,-117.149994,2016-05-26 00:00:00,0,0.0
35.55,-117.049995,2016-05-26 00:00:00,0,0.0
35.55,-116.95,2016-05-26 00:00:00,0,0.0
35.55,-116.84999,2016-05-26 00:00:00,0,0.0
35.55,-116.75,2016-05-26 00:00:00,0,0.07954433
35.55,-116.649994,2016-05-26 00:00:00,0,0.0
35.55,-116.549995,2016-05-26 00:00:00,0,0.0
35.55,-116.45,2016-05-26 00:00:00,0,0.0
35.55,-116.34999,2016-05-26 00:00:00,0,0.0
35.55,-116.25,2016-05-26 00:00:00,0,0.0
35.55,-116.149994,2016-05-26 00:00:00,0,0.0
35.55,-116.049995,2016-05-26 00:00:00,0,0.0017341649
35.55,-115.95,2016-05-26 00:00:00,0,0.0
35.55,-115.85,2016-05-26 00:00:00,0,0.0
35.55,-115.74999,2016-05-26 00:00:00,0,0.4829492
35.55,-115.649994,2016-05-26 00:00:00,0,1.576225
35.55,-115.549995,2016-05-26 00:00:00,0,3.283143
35.55,-115.45,2016-05-26 00:00:00,0,4.6673894
35.55,-115.35,2016-05-26 00:00:00,0,1.7099999
35.55,-115.24999,2016-05-26 00:00:00,0,0.0
35.55,-115.149994,2016-05-26 00:00:00,0,0.0
35.55,-115.049995,2016-05-26 00:00:00,0,0.0
35.55,-114.95,2016-05-26 00:00:00,0,0.0
35.55,-114.85,2016-05-26 00:00:00,0,0.0
35.55,-114.74999,2016-05-26 00:00:00,0,0.0
35.55,-114.649994,2016-05-26 00:00:00,0,0.0
35.55,-114.549995,2016-05-26 00:00:00,0,0.0
35.55,-114.45,2016-05-26 00:00:00,0,0.0
35.55,-114.35,2016-05-26 00:00:00,0,0.0
35.55,-114.24999,2016-05-26 00:00:00,0,0.0
35.649998,-124.34999,2016-05-26 00:00:00,0,0.0
35.649998,-124.25,2016-05-26 00:00:00,0,0.0
35.649998,-124.149994,2016-05-26 00:00:00,0,0.0
35.649998,-124.049995,2016-05-26 00:00:00,0,0.0
35.649998,-123.95,2016-05-26 00:00:00,0,0.0
35.649998,-123.84999,2016-05-26 00:00:00,0,0.0
35.649998,-123.75,2016-05-26 00:00:00,0,0.0
35.649998,-123.649994,2016-05-26 00:00:00,0,0.0
35.649998,-123.549995,2016-05-26 00:00:00,0,0.0
35.649998,-123.45,2016-05-26 00:00:00,0,0.0
35.649998,-123.34999,2016-05-26 00:00:00,0,0.0
35.649998,-123.25,2016-05-26 00:00:00,0,0.0
35.649998,-123.149994,2016-05-26 00:00:00,0,0.0
35.649998,-123.049995,2016-05-26 00:00:00,0,0.0
35.649998,-122.95,2016-05-26 00:00:00,0,0.0
35.649998,-122.84999,2016-05-26 00:00:00,0,0.0
35.649998,-122.75,2016-05-26 00:00:00,0,0.0
35.649998,-122.649994,2016-05-26 00:00:00,0,0.0
35.649998,-122.549995,2016-05-26 00:00:00,0,0.0
35.649998,-122.45,2016-05-26 00:00:00,0,0.0
35.649998,-122.34999,2016-05-26 00:00:00,0,0.0
35.649998,-122.25,2016-05-26 00:00:00,0,0.0
35.649998,-122.149994,2016-05-26 00:00:00,0,0.0
35.649998,-122.049995,2016-05-26 00:00:00,0,0.0
35.649998,-121.95,2016-05-26 00:00:00,0,0.0
35.649998,-121.84999,2016-05-26 00:00:00,0,0.0
35.649998,-121.75,2016-05-26 00:00:00,0,0.0
35.649998,-121.649994,2016-05-26 00:00:00,0,0.0
35.649998,-121.549995,2016-05-26 00:00:00,0,0.0
35.649998,-121.45,2016-05-26 00:00:00,0,0.0
35.649998,-121.34999,2016-05-26 00:00:00,0,0.0
35.649998,-121.25,2016-05-26 00:00:00,0,0.0
35.649998,-121.149994,2016-05-26 00:00:00,0,0.0
35.649998,-121.049995,2016-05-26 00:00:00,0,0.0
35.649998,-120.95,2016-05-26 00:00:00,0,0.0
35.649998,-120.84999,2016-05-26 00:00:00,0,0.0
35.649998,-120.75,2016-05-26 00:00:00,0,0.0
35.649998,-120.649994,2016-05-26 00:00:00,0,0.0
35.649998,-120.549995,2016-05-26 00:00:00,0,0.0
35.649998,-120.45,2016-05-26 00:00:00,0,0.0
35.649998,-120.34999,2016-05-26 00:00:00,0,0.0
35.649998,-120.25,2016-05-26 00:00:00,0,0.0
35.649998,-120.149994,2016-05-26 00:00:00,0,0.0
35.649998,-120.049995,2016-05-26 00:00:00,0,0.0
35.649998,-119.95,2016-05-26 00:00:00,0,0.0
35.649998,-119.84999,2016-05-26 00:00:00,0,0.0
35.649998,-119.75,2016-05-26 00:00:00,0,0.0
35.649998,-119.649994,2016-05-26 00:00:00,0,0.0
35.649998,-119.549995,2016-05-26 00:00:00,0,0.0
35.649998,-119.45,2016-05-26 00:00:00,0,0.0
35.649998,-119.34999,2016-05-26 00:00:00,0,0.0
35.649998,-119.25,2016-05-26 00:00:00,0,0.0
35.649998,-119.149994,2016-05-26 00:00:00,0,0.0
35.649998,-119.049995,2016-05-26 00:00:00,0,0.0
35.649998,-118.95,2016-05-26 00:00:00,0,0.0
35.649998,-118.84999,2016-05-26 00:00:00,0,0.0
35.649998,-118.75,2016-05-26 00:00:00,0,0.0
35.649998,-118.649994,2016-05-26 00:00:00,0,0.0
35.649998,-118.549995,2016-05-26 00:00:00,0,0.0
35.649998,-118.45,2016-05-26 00:00:00,0,0.0
35.649998,-118.34999,2016-05-26 00:00:00,0,0.0
35.649998,-118.25,2016-05-26 00:00:00,0,0.0
35.649998,-118.149994,2016-05-26 00:00:00,0,0.056361847
35.649998,-118.049995,2016-05-26 00:00:00,0,0.14485972
35.649998,-117.95,2016-05-26 00:00:00,0,0.39434034
35.649998,-117.84999,2016-05-26 00:00:00,0,0.50095206
35.649998,-117.75,2016-05-26 00:00:00,0,0.09120797
35.649998,-117.649994,2016-05-26 00:00:00,0,0.0
35.649998,-117.549995,2016-05-26 00:00:00,0,0.0
35.649998,-117.45,2016-05-26 00:00:00,0,0.0
35.649998,-117.34999,2016-05-26 00:00:00,0,0.0
35.649998,-117.25,2016-05-26 00:00:00,0,0.0
35.649998,-117.149994,2016-05-26 00:00:00,0,0.0
35.649998,-117.049995,2016-05-26 00:00:00,0,0.0
35.649998,-116.95,2016-05-26 00:00:00,0,0.0
35.649998,-116.84999,2016-05-26 00:00:00,0,0.0
35.649998,-116.75,2016-05-26 00:00:00,0,0.0
35.649998,-116.649994,2016-05-26 00:00:00,0,0.0
35.649998,-116.549995,2016-05-26 00:00:00,0,0.0
35.649998,-116.45,2016-05-26 00:00:00,0,0.0
35.649998,-116.34999,2016-05-26 00:00:00,0,0.0
35.649998,-116.25,2016-05-26 00:00:00,0,0.0
35.649998,-116.149994,2016-05-26 00:00:00,0,0.0
35.649998,-116.049995,2016-05-26 00:00:00,0,0.0
35.649998,-115.95,2016-05-26 00:00:00,0,0.020546194
35.649998,-115.85,2016-05-26 00:00:00,0,0.0
35.649998,-115.74999,2016-05-26 00:00:00,0,2.185094
35.649998,-115.649994,2016-05-26 00:00:00,0,3.933641
35.649998,-115.549995,2016-05-26 00:00:00,0,2.6214218
35.649998,-115.45,2016-05-26 00:00:00,0,1.7286488
35.649998,-115.35,2016-05-26 00:00:00,0,0.0
35.649998,-115.24999,2016-05-26 00:00:00,0,0.0
35.649998,-115.149994,2016-05-26 00:00:00,0,0.0
35.649998,-115.049995,2016-05-26 00:00:00,0,0.0
35.649998,-114.95,2016-05-26 00:00:00,0,0.0
35.649998,-114.85,2016-05-26 00:00:00,0,0.0
35.649998,-114.74999,2016-05-26 00:00:00,0,0.0
35.649998,-114.649994,2016-05-26 00:00:00,0,0.0
35.649998,-114.549995,2016-05-26 00:00:00,0,0.0
35.649998,-114.45,2016-05-26 00:00:00,0,0.0
35.649998,-114.35,2016-05-26 00:00:00,0,0.0
35.649998,-114.24999,2016-05-26 00:00:00,0,0.0
35.750004,-124.34999,2016-05-26 00:00:00,0,0.0
35.750004,-124.25,2016-05-26 00:00:00,0,0.0
35.750004,-124.149994,2016-05-26 00:00:00,0,0.0
35.750004,-124.049995,2016-05-26 00:00:00,0,0.0
35.750004,-123.95,2016-05-26 00:00:00,0,0.0
35.750004,-123.84999,2016-05-26 00:00:00,0,0.0
35.750004,-123.75,2016-05-26 00:00:00,0,0.0
35.750004,-123.649994,2016-05-26 00:00:00,0,0.0
35.750004,-123.549995,2016-05-26 00:00:00,0,0.0
35.750004,-123.45,2016-05-26 00:00:00,0,0.0
35.750004,-123.34999,2016-05-26 00:00:00,0,0.0
35.750004,-123.25,2016-05-26 00:00:00,0,0.0
35.750004,-123.149994,2016-05-26 00:00:00,0,0.0
35.750004,-123.049995,2016-05-26 00:00:00,0,0.0
35.750004,-122.95,2016-05-26 00:00:00,0,0.0
35.750004,-122.84999,2016-05-26 00:00:00,0,0.0
35.750004,-122.75,2016-05-26 00:00:00,0,0.0
35.750004,-122.649994,2016-05-26 00:00:00,0,0.0
35.750004,-122.549995,2016-05-26 00:00:00,0,0.0
35.750004,-122.45,2016-05-26 00:00:00,0,0.0
35.750004,-122.34999,2016-05-26 00:00:00,0,0.0
35.750004,-122.25,2016-05-26 00:00:00,0,0.0
35.750004,-122.149994,2016-05-26 00:00:00,0,0.0
35.750004,-122.049995,2016-05-26 00:00:00,0,0.0
35.750004,-121.95,2016-05-26 00:00:00,0,0.0
35.750004,-121.84999,2016-05-26 00:00:00,0,0.0
35.750004,-121.75,2016-05-26 00:00:00,0,0.0
35.750004,-121.649994,2016-05-26 00:00:00,0,0.0
35.750004,-121.549995,2016-05-26 00:00:00,0,0.0
35.750004,-121.45,2016-05-26 00:00:00,0,0.0
35.750004,-121.34999,2016-05-26 00:00:00,0,0.0
35.750004,-121.25,2016-05-26 00:00:00,0,0.0
35.750004,-121.149994,2016-05-26 00:00:00,0,0.0
35.750004,-121.049995,2016-05-26 00:00:00,0,0.0
35.750004,-120.95,2016-05-26 00:00:00,0,0.0
35.750004,-120.84999,2016-05-26 00:00:00,0,0.0
35.750004,-120.75,2016-05-26 00:00:00,0,0.0
35.750004,-120.649994,2016-05-26 00:00:00,0,0.0
35.750004,-120.549995,2016-05-26 00:00:00,0,0.0
35.750004,-120.45,2016-05-26 00:00:00,0,0.0
35.750004,-120.34999,2016-05-26 00:00:00,0,0.0
35.750004,-120.25,2016-05-26 00:00:00,0,0.0
35.750004,-120.149994,2016-05-26 00:00:00,0,0.0
35.750004,-120.049995,2016-05-26 00:00:00,0,0.0
35.750004,-119.95,2016-05-26 00:00:00,0,0.0
35.750004,-119.84999,2016-05-26 00:00:00,0,0.0
35.750004,-119.75,2016-05-26 00:00:00,0,0.0
35.750004,-119.649994,2016-05-26 00:00:00,0,0.0
35.750004,-119.549995,2016-05-26 00:00:00,0,0.0
35.750004,-119.45,2016-05-26 00:00:00,0,0.0
35.750004,-119.34999,2016-05-26 00:00:00,0,0.0
35.750004,-119.25,2016-05-26 00:00:00,0,0.0
35.750004,-119.149994,2016-05-26 00:00:00,0,0.0
35.750004,-119.049995,2016-05-26 00:00:00,0,0.0
35.750004,-118.95,2016-05-26 00:00:00,0,0.0
35.750004,-118.84999,2016-05-26 00:00:00,0,0.0
35.750004,-118.75,2016-05-26 00:00:00,0,0.0
35.750004,-118.649994,2016-05-26 00:00:00,0,0.0
35.750004,-118.549995,2016-05-26 00:00:00,0,0.0
35.750004,-118.45,2016-05-26 00:00:00,0,0.0
35.750004,-118.34999,2016-05-26 00:00:00,0,0.0
35.750004,-118.25,2016-05-26 00:00:00,0,0.0
35.750004,-118.149994,2016-05-26 00:00:00,0,0.0
35.750004,-118.049995,2016-05-26 00:00:00,0,0.0
35.750004,-117.95,2016-05-26 00:00:00,0,0.260211
35.750004,-117.84999,2016-05-26 00:00:00,0,0.085842796
35.750004,-117.75,2016-05-26 00:00:00,0,0.0026825874
35.750004,-117.649994,2016-05-26 00:00:00,0,0.0026825874
35.750004,-117.549995,2016-05-26 00:00:00,0,0.0
35.750004,-117.45,2016-05-26 00:00:00,0,0.0
35.750004,-117.34999,2016-05-26 00:00:00,0,0.0
35.750004,-117.25,2016-05-26 00:00:00,0,0.00015765135
35.750004,-117.149994,2016-05-26 00:00:00,0,0.00035471554
35.750004,-117.049995,2016-05-26 00:00:00,0,3.9412836e-05
35.750004,-116.95,2016-05-26 00:00:00,0,0.0
35.750004,-116.84999,2016-05-26 00:00:00,0,0.0
35.750004,-116.75,2016-05-26 00:00:00,0,0.0
35.750004,-116.649994,2016-05-26 00:00:00,0,0.0
35.750004,-116.549995,2016-05-26 00:00:00,0,0.0
35.750004,-116.45,2016-05-26 00:00:00,0,0.0
35.750004,-116.34999,2016-05-26 00:00:00,0,0.0
35.750004,-116.25,2016-05-26 00:00:00,0,0.0
35.750004,-116.149994,2016-05-26 00:00:00,0,0.0
35.750004,-116.049995,2016-05-26 00:00:00,0,0.0
35.750004,-115.95,2016-05-26 00:00:00,0,0.04109239
35.750004,-115.85,2016-05-26 00:00:00,0,2.126555
35.750004,-115.74999,2016-05-26 00:00:00,0,3.423162
35.750004,-115.649994,2016-05-26 00:00:00,0,3.53507
35.750004,-115.549995,2016-05-26 00:00:00,0,0.0
35.750004,-115.45,2016-05-26 00:00:00,0,0.0
35.750004,-115.35,2016-05-26 00:00:00,0,0.0
35.750004,-115.24999,2016-05-26 00:00:00,0,0.0
35.750004,-115.149994,2016-05-26 00:00:00,0,0.0
35.750004,-115.049995,2016-05-26 00:00:00,0,0.0
35.750004,-114.95,2016-05-26 00:00:00,0,0.0
35.750004,-114.85,2016-05-26 00:00:00,0,0.0
35.750004,-114.74999,2016-05-26 00:00:00,0,0.0
35.750004,-114.649994,2016-05-26 00:00:00,0,0.0
35.750004,-114.549995,2016-05-26 00:00:00,0,0.0
35.750004,-114.45,2016-05-26 00:00:00,0,0.0
35.750004,-114.35,2016-05-26 00:00:00,0,0.0
35.750004,-114.24999,2016-05-26 00:00:00,0,0.0
35.850002,-124.34999,2016-05-26 00:00:00,0,0.0
35.850002,-124.25,2016-05-26 00:00:00,0,0.0
35.850002,-124.149994,2016-05-26 00:00:00,0,0.0
35.850002,-124.049995,2016-05-26 00:00:00,0,0.0
35.850002,-123.95,2016-05-26 00:00:00,0,0.0
35.850002,-123.84999,2016-05-26 00:00:00,0,0.0
35.850002,-123.75,2016-05-26 00:00:00,0,0.0
35.850002,-123.649994,2016-05-26 00:00:00,0,0.0
35.850002,-123.549995,2016-05-26 00:00:00,0,0.0
35.850002,-123.45,2016-05-26 00:00:00,0,0.0
35.850002,-123.34999,2016-05-26 00:00:00,0,0.0
35.850002,-123.25,2016-05-26 00:00:00,0,0.0
35.850002,-123.149994,2016-05-26 00:00:00,0,0.0
35.850002,-123.049995,2016-05-26 00:00:00,0,0.0
35.850002,-122.95,2016-05-26 00:00:00,0,0.0
35.850002,-122.84999,2016-05-26 00:00:00,0,0.0
35.850002,-122.75,2016-05-26 00:00:00,0,0.0
35.850002,-122.649994,2016-05-26 00:00:00,0,0.0
35.850002,-122.549995,2016-05-26 00:00:00,0,0.0
35.850002,-122.45,2016-05-26 00:00:00,0,0.0
35.850002,-122.34999,2016-05-26 00:00:00,0,0.0
35.850002,-122.25,2016-05-26 00:00:00,0,0.0
35.850002,-122.149994,2016-05-26 00:00:00,0,0.0
35.850002,-122.049995,2016-05-26 00:00:00,0,0.0
35.850002,-121.95,2016-05-26 00:00:00,0,0.0
35.850002,-121.84999,2016-05-26 00:00:00,0,0.0
35.850002,-121.75,2016-05-26 00:00:00,0,0.0
35.850002,-121.649994,2016-05-26 00:00:00,0,0.0
35.850002,-121.549995,2016-05-26 00:00:00,0,0.0
35.850002,-121.45,2016-05-26 00:00:00,0,0.0
35.850002,-121.34999,2016-05-26 00:00:00,0,0.0
35.850002,-121.25,2016-05-26 00:00:00,0,0.0
35.850002,-121.149994,2016-05-26 00:00:00,0,0.0
35.850002,-121.049995,2016-05-26 00:00:00,0,0.0
35.850002,-120.95,2016-05-26 00:00:00,0,0.0
35.850002,-120.84999,2016-05-26 00:00:00,0,0.0
35.850002,-120.75,2016-05-26 00:00:00,0,0.0
35.850002,-120.649994,2016-05-26 00:00:00,0,0.0
35.850002,-120.549995,2016-05-26 00:00:00,0,0.0
35.850002,-120.45,2016-05-26 00:00:00,0,0.0
35.850002,-120.34999,2016-05-26 00:00:00,0,0.0
35.850002,-120.25,2016-05-26 00:00:00,0,0.018778112
35.850002,-120.149994,2016-05-26 00:00:00,0,0.016095525
35.850002,-120.049995,2016-05-26 00:00:00,0,0.0
35.850002,-119.95,2016-05-26 00:00:00,0,0.0
35.850002,-119.84999,2016-05-26 00:00:00,0,0.0
35.850002,-119.75,2016-05-26 00:00:00,0,0.0
35.850002,-119.649994,2016-05-26 00:00:00,0,0.0
35.850002,-119.549995,2016-05-26 00:00:00,0,0.0896177
35.850002,-119.45,2016-05-26 00:00:00,0,0.5841613
35.850002,-119.34999,2016-05-26 00:00:00,0,0.0
35.850002,-119.25,2016-05-26 00:00:00,0,0.0
35.850002,-119.149994,2016-05-26 00:00:00,0,0.0
35.850002,-119.049995,2016-05-26 00:00:00,0,0.0
35.850002,-118.95,2016-05-26 00:00:00,0,0.0
35.850002,-118.84999,2016-05-26 00:00:00,0,0.0
35.850002,-118.75,2016-05-26 00:00:00,0,0.0
35.850002,-118.649994,2016-05-26 00:00:00,0,0.0
35.850002,-118.549995,2016-05-26 00:00:00,0,0.0
35.850002,-118.45,2016-05-26 00:00:00,0,0.0
35.850002,-118.34999,2016-05-26 00:00:00,0,0.0
35.850002,-118.25,2016-05-26 00:00:00,0,0.0
35.850002,-118.149994,2016-05-26 00:00:00,0,0.0
35.850002,-118.049995,2016-05-26 00:00:00,0,0.0
35.850002,-117.95,2016-05-26 00:00:00,0,0.03219105
35.850002,-117.84999,2016-05-26 00:00:00,0,0.088525385
35.850002,-117.75,2016-05-26 00:00:00,0,0.037556224
35.850002,-117.649994,2016-05-26 00:00:00,0,7.0211085e-05
35.850002,-117.549995,2016-05-26 00:00:00,0,0.00047295404
35.850002,-117.45,2016-05-26 00:00:00,0,7.882567e-05
35.850002,-117.34999,2016-05-26 00:00:00,0,0.00029559626
35.850002,-117.25,2016-05-26 00:00:00,0,0.0027391922
35.850002,-117.149994,2016-05-26 00:00:00,0,0.004966018
35.850002,-117.049995,2016-05-26 00:00:00,0,0.0013006238
35.850002,-116.95,2016-05-26 00:00:00,0,3.9412836e-05
35.850002,-116.84999,2016-05-26 00:00:00,0,0.0
35.850002,-116.75,2016-05-26 00:00:00,0,0.0
35.850002,-116.649994,2016-05-26 00:00:00,0,0.0
35.850002,-116.549995,2016-05-26 00:00:00,0,0.0
35.850002,-116.45,2016-05-26 00:00:00,0,0.0
35.850002,-116.34999,2016-05-26 00:00:00,0,0.0
35.850002,-116.25,2016-05-26 00:00:00,0,0.0
35.850002,-116.149994,2016-05-26 00:00:00,0,0.0
35.850002,-116.049995,2016-05-26 00:00:00,0,0.020546194
35.850002,-115.95,2016-05-26 00:00:00,0,0.051365487
35.850002,-115.85,2016-05-26 00:00:00,0,4.9253426
35.850002,-115.74999,2016-05-26 00:00:00,0,4.5805683
35.850002,-115.649994,2016-05-26 00:00:00,0,0.0
35.850002,-115.549995,2016-05-26 00:00:00,0,0.0
35.850002,-115.45,2016-05-26 00:00:00,0,0.0
35.850002,-115.35,2016-05-26 00:00:00,0,0.0
35.850002,-115.24999,2016-05-26 00:00:00,0,0.0
35.850002,-115.149994,2016-05-26 00:00:00,0,0.0
35.850002,-115.049995,2016-05-26 00:00:00,0,0.0
35.850002,-114.95,2016-05-26 00:00:00,0,0.0
35.850002,-114.85,2016-05-26 00:00:00,0,0.0
35.850002,-114.74999,2016-05-26 00:00:00,0,0.0
35.850002,-114.649994,2016-05-26 00:00:00,0,0.0
35.850002,-114.549995,2016-05-26 00:00:00,0,0.0
35.850002,-114.45,2016-05-26 00:00:00,0,0.0
35.850002,-114.35,2016-05-26 00:00:00,0,0.0
35.850002,-114.24999,2016-05-26 00:00:00,0,0.0
35.95,-124.34999,2016-05-26 00:00:00,0,0.0
35.95,-124.25,2016-05-26 00:00:00,0,0.0
35.95,-124.149994,2016-05-26 00:00:00,0,0.0
35.95,-124.049995,2016-05-26 00:00:00,0,0.0
35.95,-123.95,2016-05-26 00:00:00,0,0.0
35.95,-123.84999,2016-05-26 00:00:00,0,0.0
35.95,-123.75,2016-05-26 00:00:00,0,0.0
35.95,-123.649994,2016-05-26 00:00:00,0,0.0
35.95,-123.549995,2016-05-26 00:00:00,0,0.0
35.95,-123.45,2016-05-26 00:00:00,0,0.0
35.95,-123.34999,2016-05-26 00:00:00,0,0.0
35.95,-123.25,2016-05-26 00:00:00,0,0.0
35.95,-123.149994,2016-05-26 00:00:00,0,0.0
35.95,-123.049995,2016-05-26 00:00:00,0,0.0
35.95,-122.95,2016-05-26 00:00:00,0,0.0
35.95,-122.84999,2016-05-26 00:00:00,0,0.0
35.95,-122.75,2016-05-26 00:00:00,0,0.0
35.95,-122.649994,2016-05-26 00:00:00,0,0.0
35.95,-122.549995,2016-05-26 00:00:00,0,0.0
35.95,-122.45,2016-05-26 00:00:00,0,0.0
35.95,-122.34999,2016-05-26 00:00:00,0,0.0
35.95,-122.25,2016-05-26 00:00:00,0,0.0
35.95,-122.149994,2016-05-26 00:00:00,0,0.0
35.95,-122.049995,2016-05-26 00:00:00,0,0.0
35.95,-121.95,2016-05-26 00:00:00,0,0.0
35.95,-121.84999,2016-05-26 00:00:00,0,0.0
35.95,-121.75,2016-05-26 00:00:00,0,0.0
35.95,-121.649994,2016-05-26 00:00:00,0,0.0
35.95,-121.549995,2016-05-26 00:00:00,0,0.0
35.95,-121.45,2016-05-26 00:00:00,0,0.0
35.95,-121.34999,2016-05-26 00:00:00,0,0.0
35.95,-121.25,2016-05-26 00:00:00,0,0.0
35.95,-121.149994,2016-05-26 00:00:00,0,0.0
35.95,-121.049995,2016-05-26 00:00:00,0,0.0
35.95,-120.95,2016-05-26 00:00:00,0,0.0
35.95,-120.84999,2016-05-26 00:00:00,0,0.0
35.95,-120.75,2016-05-26 00:00:00,0,0.0
35.95,-120.649994,2016-05-26 00:00:00,0,0.0
35.95,-120.549995,2016-05-26 00:00:00,0,0.0
35.95,-120.45,2016-05-26 00:00:00,0,0.0
35.95,-120.34999,2016-05-26 00:00:00,0,0.0
35.95,-120.25,2016-05-26 00:00:00,0,0.0
35.95,-120.149994,2016-05-26 00:00:00,0,0.0
35.95,-120.049995,2016-05-26 00:00:00,0,0.0
35.95,-119.95,2016-05-26 00:00:00,0,0.0
35.95,-119.84999,2016-05-26 00:00:00,0,0.0
35.95,-119.75,2016-05-26 00:00:00,0,0.0
35.95,-119.649994,2016-05-26 00:00:00,0,0.0
35.95,-119.549995,2016-05-26 00:00:00,0,0.0
35.95,-119.45,2016-05-26 00:00:00,0,0.0
35.95,-119.34999,2016-05-26 00:00:00,0,0.0
35.95,-119.25,2016-05-26 00:00:00,0,0.0
35.95,-119.149994,2016-05-26 00:00:00,0,0.0
35.95,-119.049995,2016-05-26 00:00:00,0,0.0
35.95,-118.95,2016-05-26 00:00:00,0,0.0
35.95,-118.84999,2016-05-26 00:00:00,0,0.0
35.95,-118.75,2016-05-26 00:00:00,0,0.0
35.95,-118.649994,2016-05-26 00:00:00,0,0.0
35.95,-118.549995,2016-05-26 00:00:00,0,0.0
35.95,-118.45,2016-05-26 00:00:00,0,0.0
35.95,-118.34999,2016-05-26 00:00:00,0,0.0
35.95,-118.25,2016-05-26 00:00:00,0,0.0
35.95,-118.149994,2016-05-26 00:00:00,0,0.0
35.95,-118.049995,2016-05-26 00:00:00,0,0.0
35.95,-117.95,2016-05-26 00:00:00,0,0.0
35.95,-117.84999,2016-05-26 00:00:00,0,0.0
35.95,-117.75,2016-05-26 00:00:00,0,0.0
35.95,-117.649994,2016-05-26 00:00:00,0,0.0007723219
35.95,-117.549995,2016-05-26 00:00:00,0,0.0055597248
35.95,-117.45,2016-05-26 00:00:00,0,0.000748844
35.95,-117.34999,2016-05-26 00:00:00,0,0.0019509355
35.95,-117.25,2016-05-26 00:00:00,0,0.011488842
35.95,-117.149994,2016-05-26 00:00:00,0,0.020455262
35.95,-117.049995,2016-05-26 00:00:00,0,0.044371787
35.95,-116.95,2016-05-26 00:00:00,0,0.00043354116
35.95,-116.84999,2016-05-26 00:00:00,0,0.0
35.95,-116.75,2016-05-26 00:00:00,0,0.0
35.95,-116.649994,2016-05-26 00:00:00,0,0.0
35.95,-116.549995,2016-05-26 00:00:00,0,0.0
35.95,-116.45,2016-05-26 00:00:00,0,0.0
35.95,-116.34999,2016-05-26 00:00:00,0,0.0
35.95,-116.25,2016-05-26 00:00:00,0,0.0
35.95,-116.149994,2016-05-26 00:00:00,0,0.051365487
35.95,-116.049995,2016-05-26 00:00:00,0,2.7531898
35.95,-115.95,2016-05-26 00:00:00,0,4.2599998
35.95,-115.85,2016-05-26 00:00:00,0,2.9850001
35.95,-115.74999,2016-05-26 00:00:00,0,0.0
35.95,-115.649994,2016-05-26 00:00:00,0,0.0
35.95,-115.549995,2016-05-26 00:00:00,0,0.0
35.95,-115.45,2016-05-26 00:00:00,0,0.0
35.95,-115.35,2016-05-26 00:00:00,0,0.0
35.95,-115.24999,2016-05-26 00:00:00,0,0.0
35.95,-115.149994,2016-05-26 00:00:00,0,0.0
35.95,-115.049995,2016-05-26 00:00:00,0,0.0
35.95,-114.95,2016-05-26 00:00:00,0,0.0
35.95,-114.85,2016-05-26 00:00:00,0,0.0
35.95,-114.74999,2016-05-26 00:00:00,0,0.0
35.95,-114.649994,2016-05-26 00:00:00,0,0.0
35.95,-114.549995,2016-05-26 00:00:00,0,0.0
35.95,-114.45,2016-05-26 00:00:00,0,0.0
35.95,-114.35,2016-05-26 00:00:00,0,0.0
35.95,-114.24999,2016-05-26 00:00:00,0,0.0
36.05,-124.34999,2016-05-26 00:00:00,0,0.0
36.05,-124.25,2016-05-26 00:00:00,0,0.0
36.05,-124.149994,2016-05-26 00:00:00,0,0.0
36.05,-124.049995,2016-05-26 00:00:00,0,0.0
36.05,-123.95,2016-05-26 00:00:00,0,0.0
36.05,-123.84999,2016-05-26 00:00:00,0,0.0
36.05,-123.75,2016-05-26 00:00:00,0,0.0
36.05,-123.649994,2016-05-26 00:00:00,0,0.0
36.05,-123.549995,2016-05-26 00:00:00,0,0.0
36.05,-123.45,2016-05-26 00:00:00,0,0.0
36.05,-123.34999,2016-05-26 00:00:00,0,0.0
36.05,-123.25,2016-05-26 00:00:00,0,0.0
36.05,-123.149994,2016-05-26 00:00:00,0,0.0
36.05,-123.049995,2016-05-26 00:00:00,0,0.0
36.05,-122.95,2016-05-26 00:00:00,0,0.0
36.05,-122.84999,2016-05-26 00:00:00,0,0.0
36.05,-122.75,2016-05-26 00:00:00,0,0.0
36.05,-122.649994,2016-05-26 00:00:00,0,0.0
36.05,-122.549995,2016-05-26 00:00:00,0,0.0
36.05,-122.45,2016-05-26 00:00:00,0,0.0
36.05,-122.34999,2016-05-26 00:00:00,0,0.0
36.05,-122.25,2016-05-26 00:00:00,0,0.0
36.05,-122.149994,2016-05-26 00:00:00,0,0.0
36.05,-122.049995,2016-05-26 00:00:00,0,0.0
36.05,-121.95,2016-05-26 00:00:00,0,0.0
36.05,-121.84999,2016-05-26 00:00:00,0,0.0
36.05,-121.75,2016-05-26 00:00:00,0,0.0
36.05,-121.649994,2016-05-26 00:00:00,0,0.0
36.05,-121.549995,2016-05-26 00:00:00,0,0.0
36.05,-121.45,2016-05-26 00:00:00,0,0.0
36.05,-121.34999,2016-05-26 00:00:00,0,0.0
36.05,-121.25,2016-05-26 00:00:00,0,0.0
36.05,-121.149994,2016-05-26 00:00:00,0,0.0
36.05,-121.049995,2016-05-26 00:00:00,0,0.0
36.05,-120.95,2016-05-26 00:00:00,0,0.0
36.05,-120.84999,2016-05-26 00:00:00,0,0.0
36.05,-120.75,2016-05-26 00:00:00,0,0.0
36.05,-120.649994,2016-05-26 00:00:00,0,0.0
36.05,-120.549995,2016-05-26 00:00:00,0,0.0
36.05,-120.45,2016-05-26 00:00:00,0,0.010730349
36.05,-120.34999,2016-05-26 00:00:00,0,0.0
36.05,-120.25,2016-05-26 00:00:00,0,0.0
36.05,-120.149994,2016-05-26 00:00:00,0,0.0
36.05,-120.049995,2016-05-26 00:00:00,0,0.0
36.05,-119.95,2016-05-26 00:00:00,0,0.0
36.05,-119.84999,2016-05-26 00:00:00,0,0.0
36.05,-119.75,2016-05-26 00:00:00,0,0.0
36.05,-119.649994,2016-05-26 00:00:00,0,0.0
36.05,-119.549995,2016-05-26 00:00:00,0,0.0
36.05,-119.45,2016-05-26 00:00:00,0,0.0
36.05,-119.34999,2016-05-26 00:00:00,0,0.0
36.05,-119.25,2016-05-26 00:00:00,0,0.0
36.05,-119.149994,2016-05-26 00:00:00,0,0.0
36.05,-119.049995,2016-05-26 00:00:00,0,0.0
36.05,-118.95,2016-05-26 00:00:00,0,0.0
36.05,-118.84999,2016-05-26 00:00:00,0,0.0
36.05,-118.75,2016-05-26 00:00:00,0,0.0
36.05,-118.649994,2016-05-26 00:00:00,0,0.0
36.05,-118.549995,2016-05-26 00:00:00,0,0.0
36.05,-118.45,2016-05-26 00:00:00,0,0.0
36.05,-118.34999,2016-05-26 00:00:00,0,0.0
36.05,-118.25,2016-05-26 00:00:00,0,0.0
36.05,-118.149994,2016-05-26 00:00:00,0,0.0
36.05,-118.049995,2016-05-26 00:00:00,0,0.0
36.05,-117.95,2016-05-26 00:00:00,0,0.0
36.05,-117.84999,2016-05-26 00:00:00,0,0.0
36.05,-117.75,2016-05-26 00:00:00,0,0.0
36.05,-117.649994,2016-05-26 00:00:00,0,0.0009829552
36.05,-117.549995,2016-05-26 00:00:00,0,0.0059328373
36.05,-117.45,2016-05-26 00:00:00,0,0.0012415044
36.05,-117.34999,2016-05-26 00:00:00,0,0.010626789
36.05,-117.25,2016-05-26 00:00:00,0,0.018898455
36.05,-117.149994,2016-05-26 00:00:00,0,0.05035282
36.05,-117.049995,2016-05-26 00:00:00,0,0.45961308
36.05,-116.95,2016-05-26 00:00:00,0,0.2635325
36.05,-116.84999,2016-05-26 00:00:00,0,0.07383993
36.05,-116.75,2016-05-26 00:00:00,0,0.0
36.05,-116.649994,2016-05-26 00:00:00,0,0.0
36.05,-116.549995,2016-05-26 00:00:00,0,0.0
36.05,-116.45,2016-05-26 00:00:00,0,0.0
36.05,-116.34999,2016-05-26 00:00:00,0,0.0
36.05,-116.25,2016-05-26 00:00:00,0,0.0
36.05,-116.149994,2016-05-26 00:00:00,0,1.0375829
36.05,-116.049995,2016-05-26 00:00:00,0,2.7531898
36.05,-115.95,2016-05-26 00:00:00,0,0.0
36.05,-115.85,2016-05-26 00:00:00,0,0.0
36.05,-115.74999,2016-05-26 00:00:00,0,0.0
36.05,-115.649994,2016-05-26 00:00:00,0,0.0
36.05,-115.549995,2016-05-26 00:00:00,0,0.0
36.05,-115.45,2016-05-26 00:00:00,0,0.0
36.05,-115.35,2016-05-26 00:00:00,0,0.0
36.05,-115.24999,2016-05-26 00:00:00,0,0.0
36.05,-115.149994,2016-05-26 00:00:00,0,0.0
36.05,-115.049995,2016-05-26 00:00:00,0,0.0
36.05,-114.95,2016-05-26 00:00:00,0,0.0
36.05,-114.85,2016-05-26 00:00:00,0,0.0
36.05,-114.74999,2016-05-26 00:00:00,0,0.0
36.05,-114.649994,2016-05-26 00:00:00,0,0.0
36.05,-114.549995,2016-05-26 00:00:00,0,0.0
36.05,-114.45,2016-05-26 00:00:00,0,0.0
36.05,-114.35,2016-05-26 00:00:00,0,0.0
36.05,-114.24999,2016-05-26 00:00:00,0,0.0
36.149998,-124.34999,2016-05-26 00:00:00,0,0.0
36.149998,-124.25,2016-05-26 00:00:00,0,0.0
36.149998,-124.149994,2016-05-26 00:00:00,0,0.0
36.149998,-124.049995,2016-05-26 00:00:00,0,0.0
36.149998,-123.95,2016-05-26 00:00:00,0,0.0
36.149998,-123.84999,2016-05-26 00:00:00,0,0.0
36.149998,-123.75,2016-05-26 00:00:00,0,0.0
36.149998,-123.649994,2016-05-26 00:00:00,0,0.0
36.149998,-123.549995,2016-05-26 00:00:00,0,0.0
36.149998,-123.45,2016-05-26 00:00:00,0,0.0
36.149998,-123.34999,2016-05-26 00:00:00,0,0.0
36.149998,-123.25,2016-05-26 00:00:00,0,0.0
36.149998,-123.149994,2016-05-26 00:00:00,0,0.0
36.149998,-123.049995,2016-05-26 00:00:00,0,0.0
36.149998,-122.95,2016-05-26 00:00:00,0,0.0
36.149998,-122.84999,2016-05-26 00:00:00,0,0.0
36.149998,-122.75,2016-05-26 00:00:00,0,0.0
36.149998,-122.649994,2016-05-26 00:00:00,0,0.0
36.149998,-122.549995,2016-05-26 00:00:00,0,0.0
36.149998,-122.45,2016-05-26 00:00:00,0,0.0
36.149998,-122.34999,2016-05-26 00:00:00,0,0.0
36.149998,-122.25,2016-05-26 00:00:00,0,0.0
36.149998,-122.149994,2016-05-26 00:00:00,0,0.0
36.149998,-122.049995,2016-05-26 00:00:00,0,0.0
36.149998,-121.95,2016-05-26 00:00:00,0,0.0
36.149998,-121.84999,2016-05-26 00:00:00,0,0.0
36.149998,-121.75,2016-05-26 00:00:00,0,0.0
36.149998,-121.649994,2016-05-26 00:00:00,0,0.0
36.149998,-121.549995,2016-05-26 00:00:00,0,0.0
36.149998,-121.45,2016-05-26 00:00:00,0,0.0
36.149998,-121.34999,2016-05-26 00:00:00,0,0.0
36.149998,-121.25,2016-05-26 00:00:00,0,0.0
36.149998,-121.149994,2016-05-26 00:00:00,0,0.0
36.149998,-121.049995,2016-05-26 00:00:00,0,0.0
36.149998,-120.95,2016-05-26 00:00:00,0,0.0
36.149998,-120.84999,2016-05-26 00:00:00,0,0.0
36.149998,-120.75,2016-05-26 00:00:00,0,0.0
36.149998,-120.649994,2016-05-26 00:00:00,0,0.0
36.149998,-120.549995,2016-05-26 00:00:00,0,0.0
36.149998,-120.45,2016-05-26 00:00:00,0,0.008047762
36.149998,-120.34999,2016-05-26 00:00:00,0,0.0
36.149998,-120.25,2016-05-26 00:00:00,0,0.0
36.149998,-120.149994,2016-05-26 00:00:00,0,0.0
36.149998,-120.049995,2016-05-26 00:00:00,0,0.0
36.149998,-119.95,2016-05-26 00:00:00,0,0.0
36.149998,-119.84999,2016-05-26 00:00:00,0,0.0
36.149998,-119.75,2016-05-26 00:00:00,0,0.0
36.149998,-119.649994,2016-05-26 00:00:00,0,0.0
36.149998,-119.549995,2016-05-26 00:00:00,0,0.0
36.149998,-119.45,2016-05-26 00:00:00,0,0.0
36.149998,-119.34999,2016-05-26 00:00:00,0,0.0
36.149998,-119.25,2016-05-26 00:00:00,0,0.0
36.149998,-119.149994,2016-05-26 00:00:00,0,0.0
36.149998,-119.049995,2016-05-26 00:00:00,0,0.0
36.149998,-118.95,2016-05-26 00:00:00,0,0.0
36.149998,-118.84999,2016-05-26 00:00:00,0,0.0
36.149998,-118.75,2016-05-26 00:00:00,0,0.005
36.149998,-118.649994,2016-05-26 00:00:00,0,0.0
36.149998,-118.549995,2016-05-26 00:00:00,0,0.22
36.149998,-118.45,2016-05-26 00:00:00,0,0.285
36.149998,-118.34999,2016-05-26 00:00:00,0,0.005
36.149998,-118.25,2016-05-26 00:00:00,0,0.0
36.149998,-118.149994,2016-05-26 00:00:00,0,0.0
36.149998,-118.049995,2016-05-26 00:00:00,0,0.0
36.149998,-117.95,2016-05-26 00:00:00,0,0.0
36.149998,-117.84999,2016-05-26 00:00:00,0,0.0
36.149998,-117.75,2016-05-26 00:00:00,0,0.0
36.149998,-117.649994,2016-05-26 00:00:00,0,0.00014042217
36.149998,-117.549995,2016-05-26 00:00:00,0,0.0010882717
36.149998,-117.45,2016-05-26 00:00:00,0,0.016745837
36.149998,-117.34999,2016-05-26 00:00:00,0,0.005419265
36.149998,-117.25,2016-05-26 00:00:00,0,0.018189024
36.149998,-117.149994,2016-05-26 00:00:00,0,0.034767155
36.149998,-117.049995,2016-05-26 00:00:00,0,0.48135042
36.149998,-116.95,2016-05-26 00:00:00,0,0.17883177
36.149998,-116.84999,2016-05-26 00:00:00,0,0.0
36.149998,-116.75,2016-05-26 00:00:00,0,0.060856145
36.149998,-116.649994,2016-05-26 00:00:00,0,0.0
36.149998,-116.549995,2016-05-26 00:00:00,0,0.0
36.149998,-116.45,2016-05-26 00:00:00,0,0.0
36.149998,-116.34999,2016-05-26 00:00:00,0,0.0
36.149998,-116.25,2016-05-26 00:00:00,0,0.16436955
36.149998,-116.149994,2016-05-26 00:00:00,0,1.0375829
36.149998,-116.049995,2016-05-26 00:00:00,0,0.0
36.149998,-115.95,2016-05-26 00:00:00,0,0.0
36.149998,-115.85,2016-05-26 00:00:00,0,0.0
36.149998,-115.74999,2016-05-26 00:00:00,0,0.0
36.149998,-115.649994,2016-05-26 00:00:00,0,0.0
36.149998,-115.549995,2016-05-26 00:00:00,0,0.0
36.149998,-115.45,2016-05-26 00:00:00,0,0.0
36.149998,-115.35,2016-05-26 00:00:00,0,0.0
36.149998,-115.24999,2016-05-26 00:00:00,0,0.0
36.149998,-115.149994,2016-05-26 00:00:00,0,0.0
36.149998,-115.049995,2016-05-26 00:00:00,0,0.0
36.149998,-114.95,2016-05-26 00:00:00,0,0.0
36.149998,-114.85,2016-05-26 00:00:00,0,0.0
36.149998,-114.74999,2016-05-26 00:00:00,0,0.0
36.149998,-114.649994,2016-05-26 00:00:00,0,0.0
36.149998,-114.549995,2016-05-26 00:00:00,0,0.0
36.149998,-114.45,2016-05-26 00:00:00,0,0.0
36.149998,-114.35,2016-05-26 00:00:00,0,0.0
36.149998,-114.24999,2016-05-26 00:00:00,0,0.0
36.250004,-124.34999,2016-05-26 00:00:00,0,0.0
36.250004,-124.25,2016-05-26 00:00:00,0,0.0
36.250004,-124.149994,2016-05-26 00:00:00,0,0.0
36.250004,-124.049995,2016-05-26 00:00:00,0,0.0
36.250004,-123.95,2016-05-26 00:00:00,0,0.0
36.250004,-123.84999,2016-05-26 00:00:00,0,0.0
36.250004,-123.75,2016-05-26 00:00:00,0,0.0
36.250004,-123.649994,2016-05-26 00:00:00,0,0.0
36.250004,-123.549995,2016-05-26 00:00:00,0,0.0
36.250004,-123.45,2016-05-26 00:00:00,0,0.0
36.250004,-123.34999,2016-05-26 00:00:00,0,0.0
36.250004,-123.25,2016-05-26 00:00:00,0,0.0
36.250004,-123.149994,2016-05-26 00:00:00,0,0.0
36.250004,-123.049995,2016-05-26 00:00:00,0,0.0
36.250004,-122.95,2016-05-26 00:00:00,0,0.0
36.250004,-122.84999,2016-05-26 00:00:00,0,0.0
36.250004,-122.75,2016-05-26 00:00:00,0,0.0
36.250004,-122.649994,2016-05-26 00:00:00,0,0.0
36.250004,-122.549995,2016-05-26 00:00:00,0,0.0
36.250004,-122.45,2016-05-26 00:00:00,0,0.0
36.250004,-122.34999,2016-05-26 00:00:00,0,0.0
36.250004,-122.25,2016-05-26 00:00:00,0,0.0
36.250004,-122.149994,2016-05-26 00:00:00,0,0.0
36.250004,-122.049995,2016-05-26 00:00:00,0,0.0
36.250004,-121.95,2016-05-26 00:00:00,0,0.0
36.250004,-121.84999,2016-05-26 00:00:00,0,0.0
36.250004,-121.75,2016-05-26 00:00:00,0,0.0
36.250004,-121.649994,2016-05-26 00:00:00,0,0.0
36.250004,-121.549995,2016-05-26 00:00:00,0,0.0
36.250004,-121.45,2016-05-26 00:00:00,0,0.0
36.250004,-121.34999,2016-05-26 00:00:00,0,0.0
36.250004,-121.25,2016-05-26 00:00:00,0,0.0
36.250004,-121.149994,2016-05-26 00:00:00,0,0.0
36.250004,-121.049995,2016-05-26 00:00:00,0,0.0
36.250004,-120.95,2016-05-26 00:00:00,0,0.0
36.250004,-120.84999,2016-05-26 00:00:00,0,0.0
36.250004,-120.75,2016-05-26 00:00:00,0,0.0
36.250004,-120.649994,2016-05-26 00:00:00,0,0.0
36.250004,-120.549995,2016-05-26 00:00:00,0,0.0
36.250004,-120.45,2016-05-26 00:00:00,0,0.010730349
36.250004,-120.34999,2016-05-26 00:00:00,0,0.0
36.250004,-120.25,2016-05-26 00:00:00,0,0.0
36.250004,-120.149994,2016-05-26 00:00:00,0,0.0
36.250004,-120.049995,2016-05-26 00:00:00,0,0.0
36.250004,-119.95,2016-05-26 00:00:00,0,0.0
36.250004,-119.84999,2016-05-26 00:00:00,0,0.0
36.250004,-119.75,2016-05-26 00:00:00,0,0.0
36.250004,-119.649994,2016-05-26 00:00:00,0,0.0
36.250004,-119.549995,2016-05-26 00:00:00,0,0.0
36.250004,-119.45,2016-05-26 00:00:00,0,0.0
36.250004,-119.34999,2016-05-26 00:00:00,0,0.0
36.250004,-119.25,2016-05-26 00:00:00,0,0.0
36.250004,-119.149994,2016-05-26 00:00:00,0,0.0
36.250004,-119.049995,2016-05-26 00:00:00,0,0.0
36.250004,-118.95,2016-05-26 00:00:00,0,0.0
36.250004,-118.84999,2016-05-26 00:00:00,0,0.0
36.250004,-118.75,2016-05-26 00:00:00,0,0.0
36.250004,-118.649994,2016-05-26 00:00:00,0,0.1733759
36.250004,-118.549995,2016-05-26 00:00:00,0,0.25
36.250004,-118.45,2016-05-26 00:00:00,0,0.25154504
36.250004,-118.34999,2016-05-26 00:00:00,0,0.0
36.250004,-118.25,2016-05-26 00:00:00,0,0.0
36.250004,-118.149994,2016-05-26 00:00:00,0,0.0
36.250004,-118.049995,2016-05-26 00:00:00,0,0.0
36.250004,-117.95,2016-05-26 00:00:00,0,0.0
36.250004,-117.84999,2016-05-26 00:00:00,0,0.0
36.250004,-117.75,2016-05-26 00:00:00,0,0.0
36.250004,-117.649994,2016-05-26 00:00:00,0,0.0
36.250004,-117.549995,2016-05-26 00:00:00,0,0.0
36.250004,-117.45,2016-05-26 00:00:00,0,0.0003510554
36.250004,-117.34999,2016-05-26 00:00:00,0,0.0027983114
36.250004,-117.25,2016-05-26 00:00:00,0,0.025906807
36.250004,-117.149994,2016-05-26 00:00:00,0,0.83173454
36.250004,-117.049995,2016-05-26 00:00:00,0,0.76023227
36.250004,-116.95,2016-05-26 00:00:00,0,0.10671385
36.250004,-116.84999,2016-05-26 00:00:00,0,0.00013794492
36.250004,-116.75,2016-05-26 00:00:00,0,0.060856145
36.250004,-116.649994,2016-05-26 00:00:00,0,0.0
36.250004,-116.549995,2016-05-26 00:00:00,0,0.0
36.250004,-116.45,2016-05-26 00:00:00,0,0.0
36.250004,-116.34999,2016-05-26 00:00:00,0,0.0
36.250004,-116.25,2016-05-26 00:00:00,0,0.04109239
36.250004,-116.149994,2016-05-26 00:00:00,0,0.0
36.250004,-116.049995,2016-05-26 00:00:00,0,0.0
36.250004,-115.95,2016-05-26 00:00:00,0,0.0
36.250004,-115.85,2016-05-26 00:00:00,0,0.0
36.250004,-115.74999,2016-05-26 00:00:00,0,0.0
36.250004,-115.649994,2016-05-26 00:00:00,0,0.0
36.250004,-115.549995,2016-05-26 00:00:00,0,0.0
36.250004,-115.45,2016-05-26 00:00:00,0,0.0
36.250004,-115.35,2016-05-26 00:00:00,0,0.0
36.250004,-115.24999,2016-05-26 00:00:00,0,0.0
36.250004,-115.149994,2016-05-26 00:00:00,0,0.0
36.250004,-115.049995,2016-05-26 00:00:00,0,0.0
36.250004,-114.95,2016-05-26 00:00:00,0,0.0
36.250004,-114.85,2016-05-26 00:00:00,0,0.0
36.250004,-114.74999,2016-05-26 00:00:00,0,0.0
36.250004,-114.649994,2016-05-26 00:00:00,0,0.0
36.250004,-114.549995,2016-05-26 00:00:00,0,0.0
36.250004,-114.45,2016-05-26 00:00:00,0,0.0
36.250004,-114.35,2016-05-26 00:00:00,0,0.0
36.250004,-114.24999,2016-05-26 00:00:00,0,0.0
36.350002,-124.34999,2016-05-26 00:00:00,0,0.0
36.350002,-124.25,2016-05-26 00:00:00,0,0.0
36.350002,-124.149994,2016-05-26 00:00:00,0,0.0
36.350002,-124.049995,2016-05-26 00:00:00,0,0.0
36.350002,-123.95,2016-05-26 00:00:00,0,0.0
36.350002,-123.84999,2016-05-26 00:00:00,0,0.0
36.350002,-123.75,2016-05-26 00:00:00,0,0.0
36.350002,-123.649994,2016-05-26 00:00:00,0,0.0
36.350002,-123.549995,2016-05-26 00:00:00,0,0.0
36.350002,-123.45,2016-05-26 00:00:00,0,0.0
36.350002,-123.34999,2016-05-26 00:00:00,0,0.0
36.350002,-123.25,2016-05-26 00:00:00,0,0.0
36.350002,-123.149994,2016-05-26 00:00:00,0,0.0
36.350002,-123.049995,2016-05-26 00:00:00,0,0.0
36.350002,-122.95,2016-05-26 00:00:00,0,0.0
36.350002,-122.84999,2016-05-26 00:00:00,0,0.0
36.350002,-122.75,2016-05-26 00:00:00,0,0.0
36.350002,-122.649994,2016-05-26 00:00:00,0,0.0
36.350002,-122.549995,2016-05-26 00:00:00,0,0.0
36.350002,-122.45,2016-05-26 00:00:00,0,0.0
36.350002,-122.34999,2016-05-26 00:00:00,0,0.0
36.350002,-122.25,2016-05-26 00:00:00,0,0.0
36.350002,-122.149994,2016-05-26 00:00:00,0,0.0
36.350002,-122.049995,2016-05-26 00:00:00,0,0.0
36.350002,-121.95,2016-05-26 00:00:00,0,0.0
36.350002,-121.84999,2016-05-26 00:00:00,0,0.0
36.350002,-121.75,2016-05-26 00:00:00,0,0.0
36.350002,-121.649994,2016-05-26 00:00:00,0,0.0
36.350002,-121.549995,2016-05-26 00:00:00,0,0.0
36.350002,-121.45,2016-05-26 00:00:00,0,0.0
36.350002,-121.34999,2016-05-26 00:00:00,0,0.0
36.350002,-121.25,2016-05-26 00:00:00,0,0.0
36.350002,-121.149994,2016-05-26 00:00:00,0,0.0
36.350002,-121.049995,2016-05-26 00:00:00,0,0.0
36.350002,-120.95,2016-05-26 00:00:00,0,0.0
36.350002,-120.84999,2016-05-26 00:00:00,0,0.0
36.350002,-120.75,2016-05-26 00:00:00,0,0.0
36.350002,-120.649994,2016-05-26 00:00:00,0,0.0
36.350002,-120.549995,2016-05-26 00:00:00,0,0.0
36.350002,-120.45,2016-05-26 00:00:00,0,0.0026825874
36.350002,-120.34999,2016-05-26 00:00:00,0,0.0
36.350002,-120.25,2016-05-26 00:00:00,0,0.0
36.350002,-120.149994,2016-05-26 00:00:00,0,0.0
36.350002,-120.049995,2016-05-26 00:00:00,0,0.0
36.350002,-119.95,2016-05-26 00:00:00,0,0.0
36.350002,-119.84999,2016-05-26 00:00:00,0,0.0
36.350002,-119.75,2016-05-26 00:00:00,0,0.0
36.350002,-119.649994,2016-05-26 00:00:00,0,0.0
36.350002,-119.549995,2016-05-26 00:00:00,0,0.0
36.350002,-119.45,2016-05-26 00:00:00,0,0.0
36.350002,-119.34999,2016-05-26 00:00:00,0,0.0
36.350002,-119.25,2016-05-26 00:00:00,0,0.14577545
36.350002,-119.149994,2016-05-26 00:00:00,0,0.0
36.350002,-119.049995,2016-05-26 00:00:00,0,0.0
36.350002,-118.95,2016-05-26 00:00:00,0,0.0
36.350002,-118.84999,2016-05-26 00:00:00,0,0.0
36.350002,-118.75,2016-05-26 00:00:00,0,0.0
36.350002,-118.649994,2016-05-26 00:00:00,0,0.35040274
36.350002,-118.549995,2016-05-26 00:00:00,0,0.66117233
36.350002,-118.45,2016-05-26 00:00:00,0,0.0
36.350002,-118.34999,2016-05-26 00:00:00,0,0.20910795
36.350002,-118.25,2016-05-26 00:00:00,0,0.0
36.350002,-118.149994,2016-05-26 00:00:00,0,0.0
36.350002,-118.049995,2016-05-26 00:00:00,0,0.0
36.350002,-117.95,2016-05-26 00:00:00,0,0.0
36.350002,-117.84999,2016-05-26 00:00:00,0,0.0
36.350002,-117.75,2016-05-26 00:00:00,0,0.0
36.350002,-117.649994,2016-05-26 00:00:00,0,0.0
36.350002,-117.549995,2016-05-26 00:00:00,0,0.0
36.350002,-117.45,2016-05-26 00:00:00,0,0.0003510554
36.350002,-117.34999,2016-05-26 00:00:00,0,0.08714767
36.350002,-117.25,2016-05-26 00:00:00,0,0.09691277
36.350002,-117.149994,2016-05-26 00:00:00,0,0.81904936
36.350002,-117.049995,2016-05-26 00:00:00,0,0.5880957
36.350002,-116.95,2016-05-26 00:00:00,0,0.2124583
36.350002,-116.84999,2016-05-26 00:00:00,0,0.00065031176
36.350002,-116.75,2016-05-26 00:00:00,0,0.0
36.350002,-116.649994,2016-05-26 00:00:00,0,0.0
36.350002,-116.549995,2016-05-26 00:00:00,0,0.102574654
36.350002,-116.45,2016-05-26 00:00:00,0,0.11722818
36.350002,-116.34999,2016-05-26 00:00:00,0,0.0
36.350002,-116.25,2016-05-26 00:00:00,0,0.0
36.350002,-116.149994,2016-05-26 00:00:00,0,0.0
36.350002,-116.049995,2016-05-26 00:00:00,0,0.0
36.350002,-115.95,2016-05-26 00:00:00,0,0.0
36.350002,-115.85,2016-05-26 00:00:00,0,0.0
36.350002,-115.74999,2016-05-26 00:00:00,0,0.0
36.350002,-115.649994,2016-05-26 00:00:00,0,0.0
36.350002,-115.549995,2016-05-26 00:00:00,0,0.0
36.350002,-115.45,2016-05-26 00:00:00,0,0.0
36.350002,-115.35,2016-05-26 00:00:00,0,0.0
36.350002,-115.24999,2016-05-26 00:00:00,0,0.0
36.350002,-115.149994,2016-05-26 00:00:00,0,0.0
36.350002,-115.049995,2016-05-26 00:00:00,0,0.0
36.350002,-114.95,2016-05-26 00:00:00,0,0.0
36.350002,-114.85,2016-05-26 00:00:00,0,0.0
36.350002,-114.74999,2016-05-26 00:00:00,0,0.0
36.350002,-114.649994,2016-05-26 00:00:00,0,0.0
36.350002,-114.549995,2016-05-26 00:00:00,0,0.0
36.350002,-114.45,2016-05-26 00:00:00,0,0.0
36.350002,-114.35,2016-05-26 00:00:00,0,0.0
36.350002,-114.24999,2016-05-26 00:00:00,0,0.0
36.45,-124.34999,2016-05-26 00:00:00,0,0.0
36.45,-124.25,2016-05-26 00:00:00,0,0.0
36.45,-124.149994,2016-05-26 00:00:00,0,0.0
36.45,-124.049995,2016-05-26 00:00:00,0,0.0
36.45,-123.95,2016-05-26 00:00:00,0,0.0
36.45,-123.84999,2016-05-26 00:00:00,0,0.0
36.45,-123.75,2016-05-26 00:00:00,0,0.0
36.45,-123.649994,2016-05-26 00:00:00,0,0.0
36.45,-123.549995,2016-05-26 00:00:00,0,0.0
36.45,-123.45,2016-05-26 00:00:00,0,0.0
36.45,-123.34999,2016-05-26 00:00:00,0,0.0
36.45,-123.25,2016-05-26 00:00:00,0,0.0
36.45,-123.149994,2016-05-26 00:00:00,0,0.0
36.45,-123.049995,2016-05-26 00:00:00,0,0.0
36.45,-122.95,2016-05-26 00:00:00,0,0.0
36.45,-122.84999,2016-05-26 00:00:00,0,0.0
36.45,-122.75,2016-05-26 00:00:00,0,0.0
36.45,-122.649994,2016-05-26 00:00:00,0,0.0
36.45,-122.549995,2016-05-26 00:00:00,0,0.0
36.45,-122.45,2016-05-26 00:00:00,0,0.0
36.45,-122.34999,2016-05-26 00:00:00,0,0.0
36.45,-122.25,2016-05-26 00:00:00,0,0.0
36.45,-122.149994,2016-05-26 00:00:00,0,0.0
36.45,-122.049995,2016-05-26 00:00:00,0,0.0
36.45,-121.95,2016-05-26 00:00:00,0,0.0
36.45,-121.84999,2016-05-26 00:00:00,0,0.03
36.45,-121.75,2016-05-26 00:00:00,0,0.0
36.45,-121.649994,2016-05-26 00:00:00,0,0.0
36.45,-121.549995,2016-05-26 00:00:00,0,0.0
36.45,-121.45,2016-05-26 00:00:00,0,0.0
36.45,-121.34999,2016-05-26 00:00:00,0,0.0
36.45,-121.25,2016-05-26 00:00:00,0,0.0
36.45,-121.149994,2016-05-26 00:00:00,0,0.0
36.45,-121.049995,2016-05-26 00:00:00,0,0.0
36.45,-120.95,2016-05-26 00:00:00,0,0.0
36.45,-120.84999,2016-05-26 00:00:00,0,0.0
36.45,-120.75,2016-05-26 00:00:00,0,0.0
36.45,-120.649994,2016-05-26 00:00:00,0,0.0
36.45,-120.549995,2016-05-26 00:00:00,0,0.0
36.45,-120.45,2016-05-26 00:00:00,0,0.0
36.45,-120.34999,2016-05-26 00:00:00,0,0.0
36.45,-120.25,2016-05-26 00:00:00,0,0.0
36.45,-120.149994,2016-05-26 00:00:00,0,0.0
36.45,-120.049995,2016-05-26 00:00:00,0,0.0
36.45,-119.95,2016-05-26 00:00:00,0,0.0
36.45,-119.84999,2016-05-26 00:00:00,0,0.0
36.45,-119.75,2016-05-26 00:00:00,0,0.0
36.45,-119.649994,2016-05-26 00:00:00,0,0.0
36.45,-119.549995,2016-05-26 00:00:00,0,0.0
36.45,-119.45,2016-05-26 00:00:00,0,0.0
36.45,-119.34999,2016-05-26 00:00:00,0,0.0
36.45,-119.25,2016-05-26 00:00:00,0,0.14577545
36.45,-119.149994,2016-05-26 00:00:00,0,0.17007136
36.45,-119.049995,2016-05-26 00:00:00,0,0.19436726
36.45,-118.95,2016-05-26 00:00:00,0,0.0
36.45,-118.84999,2016-05-26 00:00:00,0,0.0
36.45,-118.75,2016-05-26 00:00:00,0,0.0
36.45,-118.649994,2016-05-26 00:00:00,0,0.78999454
36.45,-118.549995,2016-05-26 00:00:00,0,1.2201103
36.45,-118.45,2016-05-26 00:00:00,0,0.9246199
36.45,-118.34999,2016-05-26 00:00:00,0,0.0
36.45,-118.25,2016-05-26 00:00:00,0,0.0
36.45,-118.149994,2016-05-26 00:00:00,0,0.0
36.45,-118.049995,2016-05-26 00:00:00,0,0.0
36.45,-117.95,2016-05-26 00:00:00,0,0.26885307
36.45,-117.84999,2016-05-26 00:00:00,0,0.086607605
36.45,-117.75,2016-05-26 00:00:00,0,0.077795036
36.45,-117.649994,2016-05-26 00:00:00,0,0.0
36.45,-117.549995,2016-05-26 00:00:00,0,0.83143306
36.45,-117.45,2016-05-26 00:00:00,0,0.0
36.45,-117.34999,2016-05-26 00:00:00,0,0.00091274414
36.45,-117.25,2016-05-26 00:00:00,0,0.002601247
36.45,-117.149994,2016-05-26 00:00:00,0,0.005143375
36.45,-117.049995,2016-05-26 00:00:00,0,0.22922501
36.45,-116.95,2016-05-26 00:00:00,0,0.0040201093
36.45,-116.84999,2016-05-26 00:00:00,0,0.0005517797
36.45,-116.75,2016-05-26 00:00:00,0,0.0
36.45,-116.649994,2016-05-26 00:00:00,0,0.77663666
36.45,-116.549995,2016-05-26 00:00:00,0,0.11722818
36.45,-116.45,2016-05-26 00:00:00,0,0.0
36.45,-116.34999,2016-05-26 00:00:00,0,0.0
36.45,-116.25,2016-05-26 00:00:00,0,0.0
36.45,-116.149994,2016-05-26 00:00:00,0,0.0
36.45,-116.049995,2016-05-26 00:00:00,0,0.0
36.45,-115.95,2016-05-26 00:00:00,0,0.0
36.45,-115.85,2016-05-26 00:00:00,0,0.0
36.45,-115.74999,2016-05-26 00:00:00,0,0.0
36.45,-115.649994,2016-05-26 00:00:00,0,0.0
36.45,-115.549995,2016-05-26 00:00:00,0,0.0
36.45,-115.45,2016-05-26 00:00:00,0,0.0
36.45,-115.35,2016-05-26 00:00:00,0,0.0
36.45,-115.24999,2016-05-26 00:00:00,0,0.0
36.45,-115.149994,2016-05-26 00:00:00,0,0.0
36.45,-115.049995,2016-05-26 00:00:00,0,0.0
36.45,-114.95,2016-05-26 00:00:00,0,0.0
36.45,-114.85,2016-05-26 00:00:00,0,0.0
36.45,-114.74999,2016-05-26 00:00:00,0,0.0
36.45,-114.649994,2016-05-26 00:00:00,0,0.0
36.45,-114.549995,2016-05-26 00:00:00,0,0.0
36.45,-114.45,2016-05-26 00:00:00,0,0.0
36.45,-114.35,2016-05-26 00:00:00,0,0.0
36.45,-114.24999,2016-05-26 00:00:00,0,0.0
36.55,-124.34999,2016-05-26 00:00:00,0,0.0
36.55,-124.25,2016-05-26 00:00:00,0,0.0
36.55,-124.149994,2016-05-26 00:00:00,0,0.0
36.55,-124.049995,2016-05-26 00:00:00,0,0.0
36.55,-123.95,2016-05-26 00:00:00,0,0.0
36.55,-123.84999,2016-05-26 00:00:00,0,0.0
36.55,-123.75,2016-05-26 00:00:00,0,0.0
36.55,-123.649994,2016-05-26 00:00:00,0,0.0
36.55,-123.549995,2016-05-26 00:00:00,0,0.0
36.55,-123.45,2016-05-26 00:00:00,0,0.0
36.55,-123.34999,2016-05-26 00:00:00,0,0.0
36.55,-123.25,2016-05-26 00:00:00,0,0.0
36.55,-123.149994,2016-05-26 00:00:00,0,0.0
36.55,-123.049995,2016-05-26 00:00:00,0,0.0
36.55,-122.95,2016-05-26 00:00:00,0,0.0
36.55,-122.84999,2016-05-26 00:00:00,0,0.0
36.55,-122.75,2016-05-26 00:00:00,0,0.0
36.55,-122.649994,2016-05-26 00:00:00,0,0.0
36.55,-122.549995,2016-05-26 00:00:00,0,0.0
36.55,-122.45,2016-05-26 00:00:00,0,0.0
36.55,-122.34999,2016-05-26 00:00:00,0,0.0
36.55,-122.25,2016-05-26 00:00:00,0,0.0
36.55,-122.149994,2016-05-26 00:00:00,0,0.0
36.55,-122.049995,2016-05-26 00:00:00,0,0.0
36.55,-121.95,2016-05-26 00:00:00,0,0.0
36.55,-121.84999,2016-05-26 00:00:00,0,0.0
36.55,-121.75,2016-05-26 00:00:00,0,0.0
36.55,-121.649994,2016-05-26 00:00:00,0,0.0
36.55,-121.549995,2016-05-26 00:00:00,0,0.0
36.55,-121.45,2016-05-26 00:00:00,0,0.0
36.55,-121.34999,2016-05-26 00:00:00,0,0.0
36.55,-121.25,2016-05-26 00:00:00,0,0.0
36.55,-121.149994,2016-05-26 00:00:00,0,0.0
36.55,-121.049995,2016-05-26 00:00:00,0,0.0
36.55,-120.95,2016-05-26 00:00:00,0,0.0
36.55,-120.84999,2016-05-26 00:00:00,0,0.0
36.55,-120.75,2016-05-26 00:00:00,0,0.0
36.55,-120.649994,2016-05-26 00:00:00,0,0.0
36.55,-120.549995,2016-05-26 00:00:00,0,0.0
36.55,-120.45,2016-05-26 00:00:00,0,0.0
36.55,-120.34999,2016-05-26 00:00:00,0,0.0
36.55,-120.25,2016-05-26 00:00:00,0,0.0
36.55,-120.149994,2016-05-26 00:00:00,0,0.0
36.55,-120.049995,2016-05-26 00:00:00,0,0.0
36.55,-119.95,2016-05-26 00:00:00,0,0.0
36.55,-119.84999,2016-05-26 00:00:00,0,0.0
36.55,-119.75,2016-05-26 00:00:00,0,0.0005048914
36.55,-119.649994,2016-05-26 00:00:00,0,0.0023225003
36.55,-119.549995,2016-05-26 00:00:00,0,0.00040391312
36.55,-119.45,2016-05-26 00:00:00,0,0.0
36.55,-119.34999,2016-05-26 00:00:00,0,2.7697337
36.55,-119.25,2016-05-26 00:00:00,0,2.7454379
36.55,-119.149994,2016-05-26 00:00:00,0,2.6968458
36.55,-119.049995,2016-05-26 00:00:00,0,0.31584686
36.55,-118.95,2016-05-26 00:00:00,0,0.024295907
36.55,-118.84999,2016-05-26 00:00:00,0,0.029295906
36.55,-118.75,2016-05-26 00:00:00,0,0.067440465
36.55,-118.649994,2016-05-26 00:00:00,0,0.36652902
36.55,-118.549995,2016-05-26 00:00:00,0,0.0
36.55,-118.45,2016-05-26 00:00:00,0,0.0
36.55,-118.34999,2016-05-26 00:00:00,0,0.0
36.55,-118.25,2016-05-26 00:00:00,0,0.0
36.55,-118.149994,2016-05-26 00:00:00,0,0.008047762
36.55,-118.049995,2016-05-26 00:00:00,0,0.008047762
36.55,-117.95,2016-05-26 00:00:00,0,0.0
36.55,-117.84999,2016-05-26 00:00:00,0,0.0
36.55,-117.75,2016-05-26 00:00:00,0,0.06706469
36.55,-117.649994,2016-05-26 00:00:00,0,0.16095524
36.55,-117.549995,2016-05-26 00:00:00,0,0.053651746
36.55,-117.45,2016-05-26 00:00:00,0,0.0
36.55,-117.34999,2016-05-26 00:00:00,0,0.0
36.55,-117.25,2016-05-26 00:00:00,0,7.0211085e-05
36.55,-117.149994,2016-05-26 00:00:00,0,0.037930645
36.55,-117.049995,2016-05-26 00:00:00,0,0.078760654
36.55,-116.95,2016-05-26 00:00:00,0,0.0005911925
36.55,-116.84999,2016-05-26 00:00:00,0,3.9412836e-05
36.55,-116.75,2016-05-26 00:00:00,0,0.0
36.55,-116.649994,2016-05-26 00:00:00,0,0.8059437
36.55,-116.549995,2016-05-26 00:00:00,0,0.0
36.55,-116.45,2016-05-26 00:00:00,0,0.0
36.55,-116.34999,2016-05-26 00:00:00,0,0.0
36.55,-116.25,2016-05-26 00:00:00,0,0.0
36.55,-116.149994,2016-05-26 00:00:00,0,0.0
36.55,-116.049995,2016-05-26 00:00:00,0,0.0
36.55,-115.95,2016-05-26 00:00:00,0,0.0
36.55,-115.85,2016-05-26 00:00:00,0,0.0
36.55,-115.74999,2016-05-26 00:00:00,0,0.0
36.55,-115.649994,2016-05-26 00:00:00,0,0.0
36.55,-115.549995,2016-05-26 00:00:00,0,0.0
36.55,-115.45,2016-05-26 00:00:00,0,0.0
36.55,-115.35,2016-05-26 00:00:00,0,0.0
36.55,-115.24999,2016-05-26 00:00:00,0,0.0
36.55,-115.149994,2016-05-26 00:00:00,0,0.0
36.55,-115.049995,2016-05-26 00:00:00,0,0.0
36.55,-114.95,2016-05-26 00:00:00,0,0.0
36.55,-114.85,2016-05-26 00:00:00,0,0.0
36.55,-114.74999,2016-05-26 00:00:00,0,0.0
36.55,-114.649994,2016-05-26 00:00:00,0,0.0
36.55,-114.549995,2016-05-26 00:00:00,0,0.0
36.55,-114.45,2016-05-26 00:00:00,0,0.0
36.55,-114.35,2016-05-26 00:00:00,0,0.0
36.55,-114.24999,2016-05-26 00:00:00,0,0.0
36.649998,-124.34999,2016-05-26 00:00:00,0,0.0
36.649998,-124.25,2016-05-26 00:00:00,0,0.0
36.649998,-124.149994,2016-05-26 00:00:00,0,0.0
36.649998,-124.049995,2016-05-26 00:00:00,0,0.0
36.649998,-123.95,2016-05-26 00:00:00,0,0.0
36.649998,-123.84999,2016-05-26 00:00:00,0,0.0
36.649998,-123.75,2016-05-26 00:00:00,0,0.0
36.649998,-123.649994,2016-05-26 00:00:00,0,0.0
36.649998,-123.549995,2016-05-26 00:00:00,0,0.0
36.649998,-123.45,2016-05-26 00:00:00,0,0.0
36.649998,-123.34999,2016-05-26 00:00:00,0,0.0
36.649998,-123.25,2016-05-26 00:00:00,0,0.0
36.649998,-123.149994,2016-05-26 00:00:00,0,0.0
36.649998,-123.049995,2016-05-26 00:00:00,0,0.0
36.649998,-122.95,2016-05-26 00:00:00,0,0.0
36.649998,-122.84999,2016-05-26 00:00:00,0,0.0
36.649998,-122.75,2016-05-26 00:00:00,0,0.0
36.649998,-122.649994,2016-05-26 00:00:00,0,0.0
36.649998,-122.549995,2016-05-26 00:00:00,0,0.0
36.649998,-122.45,2016-05-26 00:00:00,0,0.0
36.649998,-122.34999,2016-05-26 00:00:00,0,0.0
36.649998,-122.25,2016-05-26 00:00:00,0,0.0
36.649998,-122.149994,2016-05-26 00:00:00,0,0.0
36.649998,-122.049995,2016-05-26 00:00:00,0,0.0
36.649998,-121.95,2016-05-26 00:00:00,0,0.0
36.649998,-121.84999,2016-05-26 00:00:00,0,0.0
36.649998,-121.75,2016-05-26 00:00:00,0,0.0
36.649998,-121.649994,2016-05-26 00:00:00,0,0.0
36.649998,-121.549995,2016-05-26 00:00:00,0,0.0
36.649998,-121.45,2016-05-26 00:00:00,0,0.0
36.649998,-121.34999,2016-05-26 00:00:00,0,0.0
36.649998,-121.25,2016-05-26 00:00:00,0,0.0
36.649998,-121.149994,2016-05-26 00:00:00,0,0.0
36.649998,-121.049995,2016-05-26 00:00:00,0,0.0
36.649998,-120.95,2016-05-26 00:00:00,0,0.0
36.649998,-120.84999,2016-05-26 00:00:00,0,0.0
36.649998,-120.75,2016-05-26 00:00:00,0,0.0
36.649998,-120.649994,2016-05-26 00:00:00,0,0.0
36.649998,-120.549995,2016-05-26 00:00:00,0,0.0
36.649998,-120.45,2016-05-26 00:00:00,0,0.0
36.649998,-120.34999,2016-05-26 00:00:00,0,0.0
36.649998,-120.25,2016-05-26 00:00:00,0,0.0
36.649998,-120.149994,2016-05-26 00:00:00,0,0.0
36.649998,-120.049995,2016-05-26 00:00:00,0,0.0
36.649998,-119.95,2016-05-26 00:00:00,0,0.0
36.649998,-119.84999,2016-05-26 00:00:00,0,0.0005048914
36.649998,-119.75,2016-05-26 00:00:00,0,0.030697394
36.649998,-119.649994,2016-05-26 00:00:00,0,0.1697445
36.649998,-119.549995,2016-05-26 00:00:00,0,0.1482866
36.649998,-119.45,2016-05-26 00:00:00,0,0.024184298
36.649998,-119.34999,2016-05-26 00:00:00,0,2.6969469
36.649998,-119.25,2016-05-26 00:00:00,0,2.7882066
36.649998,-119.149994,2016-05-26 00:00:00,0,2.747815
36.649998,-119.049995,2016-05-26 00:00:00,0,2.7235193
36.649998,-118.95,2016-05-26 00:00:00,0,3.3042438
36.649998,-118.84999,2016-05-26 00:00:00,0,3.2313557
36.649998,-118.75,2016-05-26 00:00:00,0,3.2859924
36.649998,-118.649994,2016-05-26 00:00:00,0,1.224537
36.649998,-118.549995,2016-05-26 00:00:00,0,1.9978837
36.649998,-118.45,2016-05-26 00:00:00,0,0.09180549
36.649998,-118.34999,2016-05-26 00:00:00,0,0.0
36.649998,-118.25,2016-05-26 00:00:00,0,0.0
36.649998,-118.149994,2016-05-26 00:00:00,0,0.48316443
36.649998,-118.049995,2016-05-26 00:00:00,0,0.0
36.649998,-117.95,2016-05-26 00:00:00,0,0.0
36.649998,-117.84999,2016-05-26 00:00:00,0,0.0
36.649998,-117.75,2016-05-26 00:00:00,0,0.010730349
36.649998,-117.649994,2016-05-26 00:00:00,0,0.0053651747
36.649998,-117.549995,2016-05-26 00:00:00,0,0.0
36.649998,-117.45,2016-05-26 00:00:00,0,0.10730349
36.649998,-117.34999,2016-05-26 00:00:00,0,0.09120797
36.649998,-117.25,2016-05-26 00:00:00,0,0.0
36.649998,-117.149994,2016-05-26 00:00:00,0,0.05096916
36.649998,-117.049995,2016-05-26 00:00:00,0,0.3701971
36.649998,-116.95,2016-05-26 00:00:00,0,0.0
36.649998,-116.84999,2016-05-26 00:00:00,0,0.0
36.649998,-116.75,2016-05-26 00:00:00,0,0.0
36.649998,-116.649994,2016-05-26 00:00:00,0,0.0
36.649998,-116.549995,2016-05-26 00:00:00,0,0.0
36.649998,-116.45,2016-05-26 00:00:00,0,0.0
36.649998,-116.34999,2016-05-26 00:00:00,0,0.0
36.649998,-116.25,2016-05-26 00:00:00,0,0.0
36.649998,-116.149994,2016-05-26 00:00:00,0,0.0
36.649998,-116.049995,2016-05-26 00:00:00,0,0.0
36.649998,-115.95,2016-05-26 00:00:00,0,0.0
36.649998,-115.85,2016-05-26 00:00:00,0,0.0
36.649998,-115.74999,2016-05-26 00:00:00,0,0.0
36.649998,-115.649994,2016-05-26 00:00:00,0,0.0
36.649998,-115.549995,2016-05-26 00:00:00,0,0.0
36.649998,-115.45,2016-05-26 00:00:00,0,0.0
36.649998,-115.35,2016-05-26 00:00:00,0,0.0
36.649998,-115.24999,2016-05-26 00:00:00,0,0.0
36.649998,-115.149994,2016-05-26 00:00:00,0,0.0
36.649998,-115.049995,2016-05-26 00:00:00,0,0.0
36.649998,-114.95,2016-05-26 00:00:00,0,0.0
36.649998,-114.85,2016-05-26 00:00:00,0,0.0
36.649998,-114.74999,2016-05-26 00:00:00,0,0.0
36.649998,-114.649994,2016-05-26 00:00:00,0,0.0
36.649998,-114.549995,2016-05-26 00:00:00,0,0.0
36.649998,-114.45,2016-05-26 00:00:00,0,0.0
36.649998,-114.35,2016-05-26 00:00:00,0,0.0
36.649998,-114.24999,2016-05-26 00:00:00,0,0.0
36.750004,-124.34999,2016-05-26 00:00:00,0,0.0
36.750004,-124.25,2016-05-26 00:00:00,0,0.0
36.750004,-124.149994,2016-05-26 00:00:00,0,0.0
36.750004,-124.049995,2016-05-26 00:00:00,0,0.0
36.750004,-123.95,2016-05-26 00:00:00,0,0.0
36.750004,-123.84999,2016-05-26 00:00:00,0,0.0
36.750004,-123.75,2016-05-26 00:00:00,0,0.0
36.750004,-123.649994,2016-05-26 00:00:00,0,0.0
36.750004,-123.549995,2016-05-26 00:00:00,0,0.0
36.750004,-123.45,2016-05-26 00:00:00,0,0.0
36.750004,-123.34999,2016-05-26 00:00:00,0,0.0
36.750004,-123.25,2016-05-26 00:00:00,0,0.0
36.750004,-123.149994,2016-05-26 00:00:00,0,0.0
36.750004,-123.049995,2016-05-26 00:00:00,0,0.0
36.750004,-122.95,2016-05-26 00:00:00,0,0.0
36.750004,-122.84999,2016-05-26 00:00:00,0,0.0
36.750004,-122.75,2016-05-26 00:00:00,0,0.0
36.750004,-122.649994,2016-05-26 00:00:00,0,0.0
36.750004,-122.549995,2016-05-26 00:00:00,0,0.0
36.750004,-122.45,2016-05-26 00:00:00,0,0.0
36.750004,-122.34999,2016-05-26 00:00:00,0,0.0
36.750004,-122.25,2016-05-26 00:00:00,0,0.0
36.750004,-122.149994,2016-05-26 00:00:00,0,0.0
36.750004,-122.049995,2016-05-26 00:00:00,0,0.0
36.750004,-121.95,2016-05-26 00:00:00,0,0.0
36.750004,-121.84999,2016-05-26 00:00:00,0,0.0
36.750004,-121.75,2016-05-26 00:00:00,0,0.0
36.750004,-121.649994,2016-05-26 00:00:00,0,0.0
36.750004,-121.549995,2016-05-26 00:00:00,0,0.0
36.750004,-121.45,2016-05-26 00:00:00,0,0.0
36.750004,-121.34999,2016-05-26 00:00:00,0,0.0
36.750004,-121.25,2016-05-26 00:00:00,0,0.0
36.750004,-121.149994,2016-05-26 00:00:00,0,0.0
36.750004,-121.049995,2016-05-26 00:00:00,0,0.0
36.750004,-120.95,2016-05-26 00:00:00,0,0.0
36.750004,-120.84999,2016-05-26 00:00:00,0,0.0
36.750004,-120.75,2016-05-26 00:00:00,0,0.0
36.750004,-120.649994,2016-05-26 00:00:00,0,0.0
36.750004,-120.549995,2016-05-26 00:00:00,0,0.0
36.750004,-120.45,2016-05-26 00:00:00,0,0.0
36.750004,-120.34999,2016-05-26 00:00:00,0,0.0
36.750004,-120.25,2016-05-26 00:00:00,0,0.0
36.750004,-120.149994,2016-05-26 00:00:00,0,0.0
36.750004,-120.049995,2016-05-26 00:00:00,0,0.0
36.750004,-119.95,2016-05-26 00:00:00,0,0.0
36.750004,-119.84999,2016-05-26 00:00:00,0,0.46472993
36.750004,-119.75,2016-05-26 00:00:00,0,0.6337949
36.750004,-119.649994,2016-05-26 00:00:00,0,1.401982
36.750004,-119.549995,2016-05-26 00:00:00,0,0.90026045
36.750004,-119.45,2016-05-26 00:00:00,0,2.8473537
36.750004,-119.34999,2016-05-26 00:00:00,0,2.7058027
36.750004,-119.25,2016-05-26 00:00:00,0,2.7396145
36.750004,-119.149994,2016-05-26 00:00:00,0,2.8950522
36.750004,-119.049995,2016-05-26 00:00:00,0,1.9759128
36.750004,-118.95,2016-05-26 00:00:00,0,1.9795043
36.750004,-118.84999,2016-05-26 00:00:00,0,3.2557523
36.750004,-118.75,2016-05-26 00:00:00,0,3.23206
36.750004,-118.649994,2016-05-26 00:00:00,0,0.0
36.750004,-118.549995,2016-05-26 00:00:00,0,0.0026825874
36.750004,-118.45,2016-05-26 00:00:00,0,0.024143286
36.750004,-118.34999,2016-05-26 00:00:00,0,0.0
36.750004,-118.25,2016-05-26 00:00:00,0,0.0
36.750004,-118.149994,2016-05-26 00:00:00,0,0.0
36.750004,-118.049995,2016-05-26 00:00:00,0,0.0
36.750004,-117.95,2016-05-26 00:00:00,0,0.0
36.750004,-117.84999,2016-05-26 00:00:00,0,0.0
36.750004,-117.75,2016-05-26 00:00:00,0,0.0
36.750004,-117.649994,2016-05-26 00:00:00,0,0.0
36.750004,-117.549995,2016-05-26 00:00:00,0,0.07511245
36.750004,-117.45,2016-05-26 00:00:00,0,0.09389056
36.750004,-117.34999,2016-05-26 00:00:00,0,0.82891953
36.750004,-117.25,2016-05-26 00:00:00,0,0.21728958
36.750004,-117.149994,2016-05-26 00:00:00,0,0.94662476
36.750004,-117.049995,2016-05-26 00:00:00,0,0.8657343
36.750004,-116.95,2016-05-26 00:00:00,0,0.65505046
36.750004,-116.84999,2016-05-26 00:00:00,0,0.0
36.750004,-116.75,2016-05-26 00:00:00,0,0.0
36.750004,-116.649994,2016-05-26 00:00:00,0,0.0
36.750004,-116.549995,2016-05-26 00:00:00,0,0.0
36.750004,-116.45,2016-05-26 00:00:00,0,0.0
36.750004,-116.34999,2016-05-26 00:00:00,0,0.0
36.750004,-116.25,2016-05-26 00:00:00,0,0.0
36.750004,-116.149994,2016-05-26 00:00:00,0,0.0
36.750004,-116.049995,2016-05-26 00:00:00,0,0.0
36.750004,-115.95,2016-05-26 00:00:00,0,0.0
36.750004,-115.85,2016-05-26 00:00:00,0,0.0
36.750004,-115.74999,2016-05-26 00:00:00,0,0.0
36.750004,-115.649994,2016-05-26 00:00:00,0,0.0
36.750004,-115.549995,2016-05-26 00:00:00,0,0.0
36.750004,-115.45,2016-05-26 00:00:00,0,0.0
36.750004,-115.35,2016-05-26 00:00:00,0,0.0
36.750004,-115.24999,2016-05-26 00:00:00,0,0.0
36.750004,-115.149994,2016-05-26 00:00:00,0,0.0
36.750004,-115.049995,2016-05-26 00:00:00,0,0.0
36.750004,-114.95,2016-05-26 00:00:00,0,0.0
36.750004,-114.85,2016-05-26 00:00:00,0,0.0
36.750004,-114.74999,2016-05-26 00:00:00,0,0.0
36.750004,-114.649994,2016-05-26 00:00:00,0,0.0
36.750004,-114.549995,2016-05-26 00:00:00,0,0.0
36.750004,-114.45,2016-05-26 00:00:00,0,0.0
36.750004,-114.35,2016-05-26 00:00:00,0,0.0
36.750004,-114.24999,2016-05-26 00:00:00,0,0.0
36.850002,-124.34999,2016-05-26 00:00:00,0,0.0
36.850002,-124.25,2016-05-26 00:00:00,0,0.0
36.850002,-124.149994,2016-05-26 00:00:00,0,0.0
36.850002,-124.049995,2016-05-26 00:00:00,0,0.0
36.850002,-123.95,2016-05-26 00:00:00,0,0.0
36.850002,-123.84999,2016-05-26 00:00:00,0,0.0
36.850002,-123.75,2016-05-26 00:00:00,0,0.0
36.850002,-123.649994,2016-05-26 00:00:00,0,0.0
36.850002,-123.549995,2016-05-26 00:00:00,0,0.0
36.850002,-123.45,2016-05-26 00:00:00,0,0.0
36.850002,-123.34999,2016-05-26 00:00:00,0,0.0
36.850002,-123.25,2016-05-26 00:00:00,0,0.0
36.850002,-123.149994,2016-05-26 00:00:00,0,0.0
36.850002,-123.049995,2016-05-26 00:00:00,0,0.0
36.850002,-122.95,2016-05-26 00:00:00,0,0.0
36.850002,-122.84999,2016-05-26 00:00:00,0,0.0
36.850002,-122.75,2016-05-26 00:00:00,0,0.0
36.850002,-122.649994,2016-05-26 00:00:00,0,0.0
36.850002,-122.549995,2016-05-26 00:00:00,0,0.0
36.850002,-122.45,2016-05-26 00:00:00,0,0.0
36.850002,-122.34999,2016-05-26 00:00:00,0,0.0
36.850002,-122.25,2016-05-26 00:00:00,0,0.0
36.850002,-122.149994,2016-05-26 00:00:00,0,0.0
36.850002,-122.049995,2016-05-26 00:00:00,0,0.0
36.850002,-121.95,2016-05-26 00:00:00,0,0.0
36.850002,-121.84999,2016-05-26 00:00:00,0,0.0
36.850002,-121.75,2016-05-26 00:00:00,0,0.0
36.850002,-121.649994,2016-05-26 00:00:00,0,0.0
36.850002,-121.549995,2016-05-26 00:00:00,0,0.0
36.850002,-121.45,2016-05-26 00:00:00,0,0.0
36.850002,-121.34999,2016-05-26 00:00:00,0,0.0
36.850002,-121.25,2016-05-26 00:00:00,0,0.0
36.850002,-121.149994,2016-05-26 00:00:00,0,0.0
36.850002,-121.049995,2016-05-26 00:00:00,0,0.0
36.850002,-120.95,2016-05-26 00:00:00,0,0.0
36.850002,-120.84999,2016-05-26 00:00:00,0,0.0
36.850002,-120.75,2016-05-26 00:00:00,0,0.0
36.850002,-120.649994,2016-05-26 00:00:00,0,0.0
36.850002,-120.549995,2016-05-26 00:00:00,0,0.0
36.850002,-120.45,2016-05-26 00:00:00,0,0.0
36.850002,-120.34999,2016-05-26 00:00:00,0,0.0
36.850002,-120.25,2016-05-26 00:00:00,0,0.0
36.850002,-120.149994,2016-05-26 00:00:00,0,0.0
36.850002,-120.049995,2016-05-26 00:00:00,0,0.059745133
36.850002,-119.95,2016-05-26 00:00:00,0,0.0899513
36.850002,-119.84999,2016-05-26 00:00:00,0,0.056297157
36.850002,-119.75,2016-05-26 00:00:00,0,0.6572529
36.850002,-119.649994,2016-05-26 00:00:00,0,1.3429209
36.850002,-119.549995,2016-05-26 00:00:00,0,1.4039437
36.850002,-119.45,2016-05-26 00:00:00,0,2.9347324
36.850002,-119.34999,2016-05-26 00:00:00,0,2.7543943
36.850002,-119.25,2016-05-26 00:00:00,0,3.3974433
36.850002,-119.149994,2016-05-26 00:00:00,0,4.4885097
36.850002,-119.049995,2016-05-26 00:00:00,0,2.116671
36.850002,-118.95,2016-05-26 00:00:00,0,2.0243323
36.850002,-118.84999,2016-05-26 00:00:00,0,2.2425463
36.850002,-118.75,2016-05-26 00:00:00,0,0.9728487
36.850002,-118.649994,2016-05-26 00:00:00,0,1.048954
36.850002,-118.549995,2016-05-26 00:00:00,0,2.7004416
36.850002,-118.45,2016-05-26 00:00:00,0,0.0
36.850002,-118.34999,2016-05-26 00:00:00,0,0.0
36.850002,-118.25,2016-05-26 00:00:00,0,0.43225
36.850002,-118.149994,2016-05-26 00:00:00,0,0.0
36.850002,-118.049995,2016-05-26 00:00:00,0,0.0
36.850002,-117.95,2016-05-26 00:00:00,0,0.0
36.850002,-117.84999,2016-05-26 00:00:00,0,0.0
36.850002,-117.75,2016-05-26 00:00:00,0,0.0
36.850002,-117.649994,2016-05-26 00:00:00,0,0.0
36.850002,-117.549995,2016-05-26 00:00:00,0,0.008047762
36.850002,-117.45,2016-05-26 00:00:00,0,0.010730349
36.850002,-117.34999,2016-05-26 00:00:00,0,0.37287965
36.850002,-117.25,2016-05-26 00:00:00,0,0.3701971
36.850002,-117.149994,2016-05-26 00:00:00,0,1.57182
36.850002,-117.049995,2016-05-26 00:00:00,0,2.0332253
36.850002,-116.95,2016-05-26 00:00:00,0,0.0
36.850002,-116.84999,2016-05-26 00:00:00,0,0.0
36.850002,-116.75,2016-05-26 00:00:00,0,0.0
36.850002,-116.649994,2016-05-26 00:00:00,0,0.0
36.850002,-116.549995,2016-05-26 00:00:00,0,0.0
36.850002,-116.45,2016-05-26 00:00:00,0,0.0
36.850002,-116.34999,2016-05-26 00:00:00,0,0.0
36.850002,-116.25,2016-05-26 00:00:00,0,0.0
36.850002,-116.149994,2016-05-26 00:00:00,0,0.0
36.850002,-116.049995,2016-05-26 00:00:00,0,0.0
36.850002,-115.95,2016-05-26 00:00:00,0,0.0
36.850002,-115.85,2016-05-26 00:00:00,0,0.0
36.850002,-115.74999,2016-05-26 00:00:00,0,0.0
36.850002,-115.649994,2016-05-26 00:00:00,0,0.0
36.850002,-115.549995,2016-05-26 00:00:00,0,0.0
36.850002,-115.45,2016-05-26 00:00:00,0,0.0
36.850002,-115.35,2016-05-26 00:00:00,0,0.0
36.850002,-115.24999,2016-05-26 00:00:00,0,0.0
36.850002,-115.149994,2016-05-26 00:00:00,0,0.0
36.850002,-115.049995,2016-05-26 00:00:00,0,0.0
36.850002,-114.95,2016-05-26 00:00:00,0,0.0
36.850002,-114.85,2016-05-26 00:00:00,0,0.0
36.850002,-114.74999,2016-05-26 00:00:00,0,0.0
36.850002,-114.649994,2016-05-26 00:00:00,0,0.0
36.850002,-114.549995,2016-05-26 00:00:00,0,0.0
36.850002,-114.45,2016-05-26 00:00:00,0,0.0
36.850002,-114.35,2016-05-26 00:00:00,0,0.0
36.850002,-114.24999,2016-05-26 00:00:00,0,0.0
36.95,-124.34999,2016-05-26 00:00:00,0,0.0
36.95,-124.25,2016-05-26 00:00:00,0,0.0
36.95,-124.149994,2016-05-26 00:00:00,0,0.0
36.95,-124.049995,2016-05-26 00:00:00,0,0.0
36.95,-123.95,2016-05-26 00:00:00,0,0.0
36.95,-123.84999,2016-05-26 00:00:00,0,0.0
36.95,-123.75,2016-05-26 00:00:00,0,0.0
36.95,-123.649994,2016-05-26 00:00:00,0,0.0
36.95,-123.549995,2016-05-26 00:00:00,0,0.0
36.95,-123.45,2016-05-26 00:00:00,0,0.0
36.95,-123.34999,2016-05-26 00:00:00,0,0.0
36.95,-123.25,2016-05-26 00:00:00,0,0.0
36.95,-123.149994,2016-05-26 00:00:00,0,0.0
36.95,-123.049995,2016-05-26 00:00:00,0,0.0
36.95,-122.95,2016-05-26 00:00:00,0,0.0
36.95,-122.84999,2016-05-26 00:00:00,0,0.0
36.95,-122.75,2016-05-26 00:00:00,0,0.0
36.95,-122.649994,2016-05-26 00:00:00,0,0.0
36.95,-122.549995,2016-05-26 00:00:00,0,0.0
36.95,-122.45,2016-05-26 00:00:00,0,0.0
36.95,-122.34999,2016-05-26 00:00:00,0,0.0
36.95,-122.25,2016-05-26 00:00:00,0,0.0
36.95,-122.149994,2016-05-26 00:00:00,0,0.0
36.95,-122.049995,2016-05-26 00:00:00,0,0.0029561806
36.95,-121.95,2016-05-26 00:00:00,0,0.0
36.95,-121.84999,2016-05-26 00:00:00,0,0.0
36.95,-121.75,2016-05-26 00:00:00,0,0.0
36.95,-121.649994,2016-05-26 00:00:00,0,0.0
36.95,-121.549995,2016-05-26 00:00:00,0,0.0
36.95,-121.45,2016-05-26 00:00:00,0,0.0
36.95,-121.34999,2016-05-26 00:00:00,0,0.0
36.95,-121.25,2016-05-26 00:00:00,0,0.0
36.95,-121.149994,2016-05-26 00:00:00,0,0.0
36.95,-121.049995,2016-05-26 00:00:00,0,0.0
36.95,-120.95,2016-05-26 00:00:00,0,0.0
36.95,-120.84999,2016-05-26 00:00:00,0,0.0
36.95,-120.75,2016-05-26 00:00:00,0,0.0
36.95,-120.649994,2016-05-26 00:00:00,0,0.0
36.95,-120.549995,2016-05-26 00:00:00,0,0.0
36.95,-120.45,2016-05-26 00:00:00,0,0.0
36.95,-120.34999,2016-05-26 00:00:00,0,0.029872566
36.95,-120.25,2016-05-26 00:00:00,0,0.0
36.95,-120.149994,2016-05-26 00:00:00,0,0.0
36.95,-120.049995,2016-05-26 00:00:00,0,0.0
36.95,-119.95,2016-05-26 00:00:00,0,0.050209623
36.95,-119.84999,2016-05-26 00:00:00,0,0.066536754
36.95,-119.75,2016-05-26 00:00:00,0,0.19128424
36.95,-119.649994,2016-05-26 00:00:00,0,0.24408191
36.95,-119.549995,2016-05-26 00:00:00,0,1.9908918
36.95,-119.45,2016-05-26 00:00:00,0,1.9631072
36.95,-119.34999,2016-05-26 00:00:00,0,3.62558
36.95,-119.25,2016-05-26 00:00:00,0,3.5958178
36.95,-119.149994,2016-05-26 00:00:00,0,2.7949696
36.95,-119.049995,2016-05-26 00:00:00,0,3.8489277
36.95,-118.95,2016-05-26 00:00:00,0,2.012677
36.95,-118.84999,2016-05-26 00:00:00,0,2.285914
36.95,-118.75,2016-05-26 00:00:00,0,1.8866981
36.95,-118.649994,2016-05-26 00:00:00,0,0.0388
36.95,-118.549995,2016-05-26 00:00:00,0,0.0051999995
36.95,-118.45,2016-05-26 00:00:00,0,0.0
36.95,-118.34999,2016-05-26 00:00:00,0,2.7492175
36.95,-118.25,2016-05-26 00:00:00,0,0.45626393
36.95,-118.149994,2016-05-26 00:00:00,0,0.0
36.95,-118.049995,2016-05-26 00:00:00,0,0.0
36.95,-117.95,2016-05-26 00:00:00,0,0.013412937
36.95,-117.84999,2016-05-26 00:00:00,0,0.0
36.95,-117.75,2016-05-26 00:00:00,0,0.0
36.95,-117.649994,2016-05-26 00:00:00,0,0.0
36.95,-117.549995,2016-05-26 00:00:00,0,0.0
36.95,-117.45,2016-05-26 00:00:00,0,0.0
36.95,-117.34999,2016-05-26 00:00:00,0,0.010730349
36.95,-117.25,2016-05-26 00:00:00,0,0.010730349
36.95,-117.149994,2016-05-26 00:00:00,0,1.0379853
36.95,-117.049995,2016-05-26 00:00:00,0,0.0
36.95,-116.95,2016-05-26 00:00:00,0,0.0
36.95,-116.84999,2016-05-26 00:00:00,0,0.0
36.95,-116.75,2016-05-26 00:00:00,0,0.0
36.95,-116.649994,2016-05-26 00:00:00,0,0.0
36.95,-116.549995,2016-05-26 00:00:00,0,0.0
36.95,-116.45,2016-05-26 00:00:00,0,0.0
36.95,-116.34999,2016-05-26 00:00:00,0,0.0
36.95,-116.25,2016-05-26 00:00:00,0,0.0
36.95,-116.149994,2016-05-26 00:00:00,0,0.0
36.95,-116.049995,2016-05-26 00:00:00,0,0.0
36.95,-115.95,2016-05-26 00:00:00,0,0.0
36.95,-115.85,2016-05-26 00:00:00,0,0.0
36.95,-115.74999,2016-05-26 00:00:00,0,0.0
36.95,-115.649994,2016-05-26 00:00:00,0,0.0
36.95,-115.549995,2016-05-26 00:00:00,0,0.0
36.95,-115.45,2016-05-26 00:00:00,0,0.0
36.95,-115.35,2016-05-26 00:00:00,0,0.0
36.95,-115.24999,2016-05-26 00:00:00,0,0.0
36.95,-115.149994,2016-05-26 00:00:00,0,0.0
36.95,-115.049995,2016-05-26 00:00:00,0,0.0
36.95,-114.95,2016-05-26 00:00:00,0,0.0
36.95,-114.85,2016-05-26 00:00:00,0,0.0
36.95,-114.74999,2016-05-26 00:00:00,0,0.0
36.95,-114.649994,2016-05-26 00:00:00,0,0.0
36.95,-114.549995,2016-05-26 00:00:00,0,0.0
36.95,-114.45,2016-05-26 00:00:00,0,0.0
36.95,-114.35,2016-05-26 00:00:00,0,0.0
36.95,-114.24999,2016-05-26 00:00:00,0,0.0
37.05,-124.34999,2016-05-26 00:00:00,0,0.0
37.05,-124.25,2016-05-26 00:00:00,0,0.0
37.05,-124.149994,2016-05-26 00:00:00,0,0.0
37.05,-124.049995,2016-05-26 00:00:00,0,0.0
37.05,-123.95,2016-05-26 00:00:00,0,0.0
37.05,-123.84999,2016-05-26 00:00:00,0,0.0
37.05,-123.75,2016-05-26 00:00:00,0,0.0
37.05,-123.649994,2016-05-26 00:00:00,0,0.0
37.05,-123.549995,2016-05-26 00:00:00,0,0.0
37.05,-123.45,2016-05-26 00:00:00,0,0.0
37.05,-123.34999,2016-05-26 00:00:00,0,0.0
37.05,-123.25,2016-05-26 00:00:00,0,0.0
37.05,-123.149994,2016-05-26 00:00:00,0,0.0
37.05,-123.049995,2016-05-26 00:00:00,0,0.0
37.05,-122.95,2016-05-26 00:00:00,0,0.0
37.05,-122.84999,2016-05-26 00:00:00,0,0.0
37.05,-122.75,2016-05-26 00:00:00,0,0.0
37.05,-122.649994,2016-05-26 00:00:00,0,0.0
37.05,-122.549995,2016-05-26 00:00:00,0,0.0
37.05,-122.45,2016-05-26 00:00:00,0,0.0
37.05,-122.34999,2016-05-26 00:00:00,0,0.0
37.05,-122.25,2016-05-26 00:00:00,0,0.0
37.05,-122.149994,2016-05-26 00:00:00,0,0.0018722375
37.05,-122.049995,2016-05-26 00:00:00,0,0.0007642292
37.05,-121.95,2016-05-26 00:00:00,0,0.0
37.05,-121.84999,2016-05-26 00:00:00,0,0.0
37.05,-121.75,2016-05-26 00:00:00,0,0.0
37.05,-121.649994,2016-05-26 00:00:00,0,0.0
37.05,-121.549995,2016-05-26 00:00:00,0,0.0
37.05,-121.45,2016-05-26 00:00:00,0,0.0
37.05,-121.34999,2016-05-26 00:00:00,0,0.0
37.05,-121.25,2016-05-26 00:00:00,0,0.0
37.05,-121.149994,2016-05-26 00:00:00,0,0.0
37.05,-121.049995,2016-05-26 00:00:00,0,0.063747905
37.05,-120.95,2016-05-26 00:00:00,0,0.035
37.05,-120.84999,2016-05-26 00:00:00,0,0.0
37.05,-120.75,2016-05-26 00:00:00,0,0.0
37.05,-120.649994,2016-05-26 00:00:00,0,0.0
37.05,-120.549995,2016-05-26 00:00:00,0,0.0
37.05,-120.45,2016-05-26 00:00:00,0,0.0
37.05,-120.34999,2016-05-26 00:00:00,0,0.0
37.05,-120.25,2016-05-26 00:00:00,0,0.0
37.05,-120.149994,2016-05-26 00:00:00,0,0.0
37.05,-120.049995,2016-05-26 00:00:00,0,0.0
37.05,-119.95,2016-05-26 00:00:00,0,0.3926263
37.05,-119.84999,2016-05-26 00:00:00,0,0.49846983
37.05,-119.75,2016-05-26 00:00:00,0,0.24371305
37.05,-119.649994,2016-05-26 00:00:00,0,0.22581315
37.05,-119.549995,2016-05-26 00:00:00,0,1.9767377
37.05,-119.45,2016-05-26 00:00:00,0,2.0628266
37.05,-119.34999,2016-05-26 00:00:00,0,2.737566
37.05,-119.25,2016-05-26 00:00:00,0,2.6490405
37.05,-119.149994,2016-05-26 00:00:00,0,1.4114107
37.05,-119.049995,2016-05-26 00:00:00,0,2.9398587
37.05,-118.95,2016-05-26 00:00:00,0,2.5410538
37.05,-118.84999,2016-05-26 00:00:00,0,3.2102094
37.05,-118.75,2016-05-26 00:00:00,0,0.248
37.05,-118.649994,2016-05-26 00:00:00,0,0.17199999
37.05,-118.549995,2016-05-26 00:00:00,0,0.029199999
37.05,-118.45,2016-05-26 00:00:00,0,0.0016
37.05,-118.34999,2016-05-26 00:00:00,0,1.3928057
37.05,-118.25,2016-05-26 00:00:00,0,0.0
37.05,-118.149994,2016-05-26 00:00:00,0,0.0
37.05,-118.049995,2016-05-26 00:00:00,0,0.0
37.05,-117.95,2016-05-26 00:00:00,0,0.0
37.05,-117.84999,2016-05-26 00:00:00,0,0.0
37.05,-117.75,2016-05-26 00:00:00,0,0.0
37.05,-117.649994,2016-05-26 00:00:00,0,0.0
37.05,-117.549995,2016-05-26 00:00:00,0,0.0
37.05,-117.45,2016-05-26 00:00:00,0,0.0
37.05,-117.34999,2016-05-26 00:00:00,0,1.3337572
37.05,-117.25,2016-05-26 00:00:00,0,0.0
37.05,-117.149994,2016-05-26 00:00:00,0,0.0
37.05,-117.049995,2016-05-26 00:00:00,0,0.0
37.05,-116.95,2016-05-26 00:00:00,0,0.0
37.05,-116.84999,2016-05-26 00:00:00,0,0.0
37.05,-116.75,2016-05-26 00:00:00,0,0.0
37.05,-116.649994,2016-05-26 00:00:00,0,0.0
37.05,-116.549995,2016-05-26 00:00:00,0,0.0
37.05,-116.45,2016-05-26 00:00:00,0,0.0
37.05,-116.34999,2016-05-26 00:00:00,0,0.0
37.05,-116.25,2016-05-26 00:00:00,0,0.0
37.05,-116.149994,2016-05-26 00:00:00,0,0.0
37.05,-116.049995,2016-05-26 00:00:00,0,0.0
37.05,-115.95,2016-05-26 00:00:00,0,0.0
37.05,-115.85,2016-05-26 00:00:00,0,0.0
37.05,-115.74999,2016-05-26 00:00:00,0,0.0
37.05,-115.649994,2016-05-26 00:00:00,0,0.0
37.05,-115.549995,2016-05-26 00:00:00,0,0.0
37.05,-115.45,2016-05-26 00:00:00,0,0.0
37.05,-115.35,2016-05-26 00:00:00,0,0.0
37.05,-115.24999,2016-05-26 00:00:00,0,0.0
37.05,-115.149994,2016-05-26 00:00:00,0,0.0
37.05,-115.049995,2016-05-26 00:00:00,0,0.0
37.05,-114.95,2016-05-26 00:00:00,0,0.0
37.05,-114.85,2016-05-26 00:00:00,0,0.0
37.05,-114.74999,2016-05-26 00:00:00,0,0.0
37.05,-114.649994,2016-05-26 00:00:00,0,0.0
37.05,-114.549995,2016-05-26 00:00:00,0,0.0
37.05,-114.45,2016-05-26 00:00:00,0,0.0
37.05,-114.35,2016-05-26 00:00:00,0,0.0
37.05,-114.24999,2016-05-26 00:00:00,0,0.0
37.149998,-124.34999,2016-05-26 00:00:00,0,0.0
37.149998,-124.25,2016-05-26 00:00:00,0,0.0
37.149998,-124.149994,2016-05-26 00:00:00,0,0.0
37.149998,-124.049995,2016-05-26 00:00:00,0,0.0
37.149998,-123.95,2016-05-26 00:00:00,0,0.0
37.149998,-123.84999,2016-05-26 00:00:00,0,0.0
37.149998,-123.75,2016-05-26 00:00:00,0,0.0
37.149998,-123.649994,2016-05-26 00:00:00,0,0.0
37.149998,-123.549995,2016-05-26 00:00:00,0,0.0
37.149998,-123.45,2016-05-26 00:00:00,0,0.0
37.149998,-123.34999,2016-05-26 00:00:00,0,0.0
37.149998,-123.25,2016-05-26 00:00:00,0,0.0
37.149998,-123.149994,2016-05-26 00:00:00,0,0.0
37.149998,-123.049995,2016-05-26 00:00:00,0,0.0
37.149998,-122.95,2016-05-26 00:00:00,0,0.0
37.149998,-122.84999,2016-05-26 00:00:00,0,0.0
37.149998,-122.75,2016-05-26 00:00:00,0,0.0
37.149998,-122.649994,2016-05-26 00:00:00,0,0.0
37.149998,-122.549995,2016-05-26 00:00:00,0,0.0
37.149998,-122.45,2016-05-26 00:00:00,0,0.0
37.149998,-122.34999,2016-05-26 00:00:00,0,0.010777714
37.149998,-122.25,2016-05-26 00:00:00,0,0.011469322
37.149998,-122.149994,2016-05-26 00:00:00,0,0.0006501524
37.149998,-122.049995,2016-05-26 00:00:00,0,0.00018065718
37.149998,-121.95,2016-05-26 00:00:00,0,0.0
37.149998,-121.84999,2016-05-26 00:00:00,0,0.0
37.149998,-121.75,2016-05-26 00:00:00,0,0.0
37.149998,-121.649994,2016-05-26 00:00:00,0,0.0
37.149998,-121.549995,2016-05-26 00:00:00,0,0.0
37.149998,-121.45,2016-05-26 00:00:00,0,0.0
37.149998,-121.34999,2016-05-26 00:00:00,0,0.0
37.149998,-121.25,2016-05-26 00:00:00,0,0.0
37.149998,-121.149994,2016-05-26 00:00:00,0,0.0
37.149998,-121.049995,2016-05-26 00:00:00,0,0.0
37.149998,-120.95,2016-05-26 00:00:00,0,0.0
37.149998,-120.84999,2016-05-26 00:00:00,0,0.0
37.149998,-120.75,2016-05-26 00:00:00,0,0.0
37.149998,-120.649994,2016-05-26 00:00:00,0,0.0
37.149998,-120.549995,2016-05-26 00:00:00,0,0.0
37.149998,-120.45,2016-05-26 00:00:00,0,0.0
37.149998,-120.34999,2016-05-26 00:00:00,0,0.0
37.149998,-120.25,2016-05-26 00:00:00,0,0.0
37.149998,-120.149994,2016-05-26 00:00:00,0,0.0
37.149998,-120.049995,2016-05-26 00:00:00,0,0.55880594
37.149998,-119.95,2016-05-26 00:00:00,0,0.42834976
37.149998,-119.84999,2016-05-26 00:00:00,0,0.52003473
37.149998,-119.75,2016-05-26 00:00:00,0,0.6279116
37.149998,-119.649994,2016-05-26 00:00:00,0,0.54780877
37.149998,-119.549995,2016-05-26 00:00:00,0,0.40935275
37.149998,-119.45,2016-05-26 00:00:00,0,0.769576
37.149998,-119.34999,2016-05-26 00:00:00,0,2.472295
37.149998,-119.25,2016-05-26 00:00:00,0,0.87306273
37.149998,-119.149994,2016-05-26 00:00:00,0,1.0891132
37.149998,-119.049995,2016-05-26 00:00:00,0,1.359499
37.149998,-118.95,2016-05-26 00:00:00,0,0.27719998
37.149998,-118.84999,2016-05-26 00:00:00,0,2.584374
37.149998,-118.75,2016-05-26 00:00:00,0,0.62359995
37.149998,-118.649994,2016-05-26 00:00:00,0,0.38120002
37.149998,-118.549995,2016-05-26 00:00:00,0,2.8004954
37.149998,-118.45,2016-05-26 00:00:00,0,1.8779122
37.149998,-118.34999,2016-05-26 00:00:00,0,0.77364445
37.149998,-118.25,2016-05-26 00:00:00,0,0.00124288
37.149998,-118.149994,2016-05-26 00:00:00,0,0.00016571733
37.149998,-118.049995,2016-05-26 00:00:00,0,0.0
37.149998,-117.95,2016-05-26 00:00:00,0,0.0
37.149998,-117.84999,2016-05-26 00:00:00,0,0.0
37.149998,-117.75,2016-05-26 00:00:00,0,0.0
37.149998,-117.649994,2016-05-26 00:00:00,0,0.0
37.149998,-117.549995,2016-05-26 00:00:00,0,0.0
37.149998,-117.45,2016-05-26 00:00:00,0,0.0
37.149998,-117.34999,2016-05-26 00:00:00,0,0.0
37.149998,-117.25,2016-05-26 00:00:00,0,0.0
37.149998,-117.149994,2016-05-26 00:00:00,0,0.0
37.149998,-117.049995,2016-05-26 00:00:00,0,0.0
37.149998,-116.95,2016-05-26 00:00:00,0,0.0
37.149998,-116.84999,2016-05-26 00:00:00,0,0.0
37.149998,-116.75,2016-05-26 00:00:00,0,0.0
37.149998,-116.649994,2016-05-26 00:00:00,0,0.0
37.149998,-116.549995,2016-05-26 00:00:00,0,0.0
37.149998,-116.45,2016-05-26 00:00:00,0,0.0
37.149998,-116.34999,2016-05-26 00:00:00,0,0.0
37.149998,-116.25,2016-05-26 00:00:00,0,0.0
37.149998,-116.149994,2016-05-26 00:00:00,0,0.0
37.149998,-116.049995,2016-05-26 00:00:00,0,0.0
37.149998,-115.95,2016-05-26 00:00:00,0,0.0
37.149998,-115.85,2016-05-26 00:00:00,0,0.0
37.149998,-115.74999,2016-05-26 00:00:00,0,0.0
37.149998,-115.649994,2016-05-26 00:00:00,0,0.0
37.149998,-115.549995,2016-05-26 00:00:00,0,0.0
37.149998,-115.45,2016-05-26 00:00:00,0,0.0
37.149998,-115.35,2016-05-26 00:00:00,0,0.0
37.149998,-115.24999,2016-05-26 00:00:00,0,0.0
37.149998,-115.149994,2016-05-26 00:00:00,0,0.0
37.149998,-115.049995,2016-05-26 00:00:00,0,0.0
37.149998,-114.95,2016-05-26 00:00:00,0,0.0
37.149998,-114.85,2016-05-26 00:00:00,0,0.0
37.149998,-114.74999,2016-05-26 00:00:00,0,0.0
37.149998,-114.649994,2016-05-26 00:00:00,0,0.0
37.149998,-114.549995,2016-05-26 00:00:00,0,0.0
37.149998,-114.45,2016-05-26 00:00:00,0,0.0
37.149998,-114.35,2016-05-26 00:00:00,0,0.0
37.149998,-114.24999,2016-05-26 00:00:00,0,0.0
37.250004,-124.34999,2016-05-26 00:00:00,0,0.0
37.250004,-124.25,2016-05-26 00:00:00,0,0.0
37.250004,-124.149994,2016-05-26 00:00:00,0,0.0
37.250004,-124.049995,2016-05-26 00:00:00,0,0.0
37.250004,-123.95,2016-05-26 00:00:00,0,0.0
37.250004,-123.84999,2016-05-26 00:00:00,0,0.0
37.250004,-123.75,2016-05-26 00:00:00,0,0.0
37.250004,-123.649994,2016-05-26 00:00:00,0,0.0
37.250004,-123.549995,2016-05-26 00:00:00,0,0.0
37.250004,-123.45,2016-05-26 00:00:00,0,0.0
37.250004,-123.34999,2016-05-26 00:00:00,0,0.0
37.250004,-123.25,2016-05-26 00:00:00,0,0.0
37.250004,-123.149994,2016-05-26 00:00:00,0,0.0
37.250004,-123.049995,2016-05-26 00:00:00,0,0.0
37.250004,-122.95,2016-05-26 00:00:00,0,0.0
37.250004,-122.84999,2016-05-26 00:00:00,0,0.0
37.250004,-122.75,2016-05-26 00:00:00,0,0.0
37.250004,-122.649994,2016-05-26 00:00:00,0,0.0
37.250004,-122.549995,2016-05-26 00:00:00,0,0.0
37.250004,-122.45,2016-05-26 00:00:00,0,0.0
37.250004,-122.34999,2016-05-26 00:00:00,0,0.001993759
37.250004,-122.25,2016-05-26 00:00:00,0,0.0005952555
37.250004,-122.149994,2016-05-26 00:00:00,0,0.00018065718
37.250004,-122.049995,2016-05-26 00:00:00,0,0.0
37.250004,-121.95,2016-05-26 00:00:00,0,0.0
37.250004,-121.84999,2016-05-26 00:00:00,0,0.0
37.250004,-121.75,2016-05-26 00:00:00,0,0.0
37.250004,-121.649994,2016-05-26 00:00:00,0,0.0
37.250004,-121.549995,2016-05-26 00:00:00,0,0.0
37.250004,-121.45,2016-05-26 00:00:00,0,0.0
37.250004,-121.34999,2016-05-26 00:00:00,0,0.0
37.250004,-121.25,2016-05-26 00:00:00,0,0.0
37.250004,-121.149994,2016-05-26 00:00:00,0,0.0
37.250004,-121.049995,2016-05-26 00:00:00,0,0.0
37.250004,-120.95,2016-05-26 00:00:00,0,0.0
37.250004,-120.84999,2016-05-26 00:00:00,0,0.0
37.250004,-120.75,2016-05-26 00:00:00,0,0.0
37.250004,-120.649994,2016-05-26 00:00:00,0,0.0
37.250004,-120.549995,2016-05-26 00:00:00,0,0.0
37.250004,-120.45,2016-05-26 00:00:00,0,0.0
37.250004,-120.34999,2016-05-26 00:00:00,0,0.0
37.250004,-120.25,2016-05-26 00:00:00,0,0.0
37.250004,-120.149994,2016-05-26 00:00:00,0,0.0
37.250004,-120.049995,2016-05-26 00:00:00,0,0.5593108
37.250004,-119.95,2016-05-26 00:00:00,0,0.62283987
37.250004,-119.84999,2016-05-26 00:00:00,0,0.80733347
37.250004,-119.75,2016-05-26 00:00:00,0,0.82074535
37.250004,-119.649994,2016-05-26 00:00:00,0,1.9300426
37.250004,-119.549995,2016-05-26 00:00:00,0,0.964194
37.250004,-119.45,2016-05-26 00:00:00,0,0.83053243
37.250004,-119.34999,2016-05-26 00:00:00,0,0.8269119
37.250004,-119.25,2016-05-26 00:00:00,0,0.76525754
37.250004,-119.149994,2016-05-26 00:00:00,0,2.1522176
37.250004,-119.049995,2016-05-26 00:00:00,0,2.0379503
37.250004,-118.95,2016-05-26 00:00:00,0,1.4310516
37.250004,-118.84999,2016-05-26 00:00:00,0,1.8153969
37.250004,-118.75,2016-05-26 00:00:00,0,1.1406001
37.250004,-118.649994,2016-05-26 00:00:00,0,0.333
37.250004,-118.549995,2016-05-26 00:00:00,0,3.036133
37.250004,-118.45,2016-05-26 00:00:00,0,2.1450927
37.250004,-118.34999,2016-05-26 00:00:00,0,0.2098323
37.250004,-118.25,2016-05-26 00:00:00,0,0.021165106
37.250004,-118.149994,2016-05-26 00:00:00,0,0.38297638
37.250004,-118.049995,2016-05-26 00:00:00,0,0.08005049
37.250004,-117.95,2016-05-26 00:00:00,0,0.0
37.250004,-117.84999,2016-05-26 00:00:00,0,0.0
37.250004,-117.75,2016-05-26 00:00:00,0,0.0
37.250004,-117.649994,2016-05-26 00:00:00,0,0.0
37.250004,-117.549995,2016-05-26 00:00:00,0,0.0
37.250004,-117.45,2016-05-26 00:00:00,0,0.0
37.250004,-117.34999,2016-05-26 00:00:00,0,0.0
37.250004,-117.25,2016-05-26 00:00:00,0,0.0
37.250004,-117.149994,2016-05-26 00:00:00,0,0.0
37.250004,-117.049995,2016-05-26 00:00:00,0,0.0
37.250004,-116.95,2016-05-26 00:00:00,0,0.0
37.250004,-116.84999,2016-05-26 00:00:00,0,0.0
37.250004,-116.75,2016-05-26 00:00:00,0,0.0
37.250004,-116.649994,2016-05-26 00:00:00,0,0.0
37.250004,-116.549995,2016-05-26 00:00:00,0,0.0
37.250004,-116.45,2016-05-26 00:00:00,0,0.0
37.250004,-116.34999,2016-05-26 00:00:00,0,0.0
37.250004,-116.25,2016-05-26 00:00:00,0,0.0
37.250004,-116.149994,2016-05-26 00:00:00,0,0.0
37.250004,-116.049995,2016-05-26 00:00:00,0,0.0
37.250004,-115.95,2016-05-26 00:00:00,0,0.0
37.250004,-115.85,2016-05-26 00:00:00,0,0.0
37.250004,-115.74999,2016-05-26 00:00:00,0,0.0
37.250004,-115.649994,2016-05-26 00:00:00,0,0.0
37.250004,-115.549995,2016-05-26 00:00:00,0,0.0
37.250004,-115.45,2016-05-26 00:00:00,0,0.0
37.250004,-115.35,2016-05-26 00:00:00,0,0.0
37.250004,-115.24999,2016-05-26 00:00:00,0,0.0
37.250004,-115.149994,2016-05-26 00:00:00,0,0.0
37.250004,-115.049995,2016-05-26 00:00:00,0,0.0
37.250004,-114.95,2016-05-26 00:00:00,0,0.0
37.250004,-114.85,2016-05-26 00:00:00,0,0.0
37.250004,-114.74999,2016-05-26 00:00:00,0,0.0
37.250004,-114.649994,2016-05-26 00:00:00,0,0.0
37.250004,-114.549995,2016-05-26 00:00:00,0,0.0
37.250004,-114.45,2016-05-26 00:00:00,0,0.0
37.250004,-114.35,2016-05-26 00:00:00,0,0.0
37.250004,-114.24999,2016-05-26 00:00:00,0,0.0
37.350002,-124.34999,2016-05-26 00:00:00,0,0.0
37.350002,-124.25,2016-05-26 00:00:00,0,0.0
37.350002,-124.149994,2016-05-26 00:00:00,0,0.0
37.350002,-124.049995,2016-05-26 00:00:00,0,0.0
37.350002,-123.95,2016-05-26 00:00:00,0,0.0
37.350002,-123.84999,2016-05-26 00:00:00,0,0.0
37.350002,-123.75,2016-05-26 00:00:00,0,0.0
37.350002,-123.649994,2016-05-26 00:00:00,0,0.0
37.350002,-123.549995,2016-05-26 00:00:00,0,0.0
37.350002,-123.45,2016-05-26 00:00:00,0,0.0
37.350002,-123.34999,2016-05-26 00:00:00,0,0.0
37.350002,-123.25,2016-05-26 00:00:00,0,0.0
37.350002,-123.149994,2016-05-26 00:00:00,0,0.0
37.350002,-123.049995,2016-05-26 00:00:00,0,0.0
37.350002,-122.95,2016-05-26 00:00:00,0,0.0
37.350002,-122.84999,2016-05-26 00:00:00,0,0.0
37.350002,-122.75,2016-05-26 00:00:00,0,0.0
37.350002,-122.649994,2016-05-26 00:00:00,0,0.0
37.350002,-122.549995,2016-05-26 00:00:00,0,0.0
37.350002,-122.45,2016-05-26 00:00:00,0,0.0
37.350002,-122.34999,2016-05-26 00:00:00,0,0.0009864869
37.350002,-122.25,2016-05-26 00:00:00,0,0.00011015011
37.350002,-122.149994,2016-05-26 00:00:00,0,0.0049853376
37.350002,-122.049995,2016-05-26 00:00:00,0,0.005587334
37.350002,-121.95,2016-05-26 00:00:00,0,0.0076410156
37.350002,-121.84999,2016-05-26 00:00:00,0,0.01
37.350002,-121.75,2016-05-26 00:00:00,0,0.0285839
37.350002,-121.649994,2016-05-26 00:00:00,0,0.0
37.350002,-121.549995,2016-05-26 00:00:00,0,0.0
37.350002,-121.45,2016-05-26 00:00:00,0,0.0
37.350002,-121.34999,2016-05-26 00:00:00,0,0.0
37.350002,-121.25,2016-05-26 00:00:00,0,0.0
37.350002,-121.149994,2016-05-26 00:00:00,0,0.0
37.350002,-121.049995,2016-05-26 00:00:00,0,0.0
37.350002,-120.95,2016-05-26 00:00:00,0,0.0
37.350002,-120.84999,2016-05-26 00:00:00,0,0.0
37.350002,-120.75,2016-05-26 00:00:00,0,0.0
37.350002,-120.649994,2016-05-26 00:00:00,0,0.0
37.350002,-120.549995,2016-05-26 00:00:00,0,0.0
37.350002,-120.45,2016-05-26 00:00:00,0,0.0
37.350002,-120.34999,2016-05-26 00:00:00,0,0.0
37.350002,-120.25,2016-05-26 00:00:00,0,0.0
37.350002,-120.149994,2016-05-26 00:00:00,0,0.0
37.350002,-120.049995,2016-05-26 00:00:00,0,0.0027264133
37.350002,-119.95,2016-05-26 00:00:00,0,0.14601131
37.350002,-119.84999,2016-05-26 00:00:00,0,1.3024642
37.350002,-119.75,2016-05-26 00:00:00,0,0.8335644
37.350002,-119.649994,2016-05-26 00:00:00,0,2.1052675
37.350002,-119.549995,2016-05-26 00:00:00,0,2.1117342
37.350002,-119.45,2016-05-26 00:00:00,0,2.0373619
37.350002,-119.34999,2016-05-26 00:00:00,0,1.6460763
37.350002,-119.25,2016-05-26 00:00:00,0,1.6371275
37.350002,-119.149994,2016-05-26 00:00:00,0,0.63077354
37.350002,-119.049995,2016-05-26 00:00:00,0,0.78255665
37.350002,-118.95,2016-05-26 00:00:00,0,2.248416
37.350002,-118.84999,2016-05-26 00:00:00,0,2.5930161
37.350002,-118.75,2016-05-26 00:00:00,0,0.549
37.350002,-118.649994,2016-05-26 00:00:00,0,3.242406
37.350002,-118.549995,2016-05-26 00:00:00,0,0.9375592
37.350002,-118.45,2016-05-26 00:00:00,0,0.03453904
37.350002,-118.34999,2016-05-26 00:00:00,0,0.09660501
37.350002,-118.25,2016-05-26 00:00:00,0,0.42430022
37.350002,-118.149994,2016-05-26 00:00:00,0,1.0551133
37.350002,-118.049995,2016-05-26 00:00:00,0,3.1968644
37.350002,-117.95,2016-05-26 00:00:00,0,6.2286155e-05
37.350002,-117.84999,2016-05-26 00:00:00,0,0.8047265
37.350002,-117.75,2016-05-26 00:00:00,0,0.89496994
37.350002,-117.649994,2016-05-26 00:00:00,0,0.0
37.350002,-117.549995,2016-05-26 00:00:00,0,0.0
37.350002,-117.45,2016-05-26 00:00:00,0,0.0
37.350002,-117.34999,2016-05-26 00:00:00,0,0.0
37.350002,-117.25,2016-05-26 00:00:00,0,0.0
37.350002,-117.149994,2016-05-26 00:00:00,0,0.0
37.350002,-117.049995,2016-05-26 00:00:00,0,0.0
37.350002,-116.95,2016-05-26 00:00:00,0,0.0
37.350002,-116.84999,2016-05-26 00:00:00,0,0.0
37.350002,-116.75,2016-05-26 00:00:00,0,0.0
37.350002,-116.649994,2016-05-26 00:00:00,0,0.0
37.350002,-116.549995,2016-05-26 00:00:00,0,0.0
37.350002,-116.45,2016-05-26 00:00:00,0,0.0
37.350002,-116.34999,2016-05-26 00:00:00,0,0.0
37.350002,-116.25,2016-05-26 00:00:00,0,0.0
37.350002,-116.149994,2016-05-26 00:00:00,0,0.0
37.350002,-116.049995,2016-05-26 00:00:00,0,0.0
37.350002,-115.95,2016-05-26 00:00:00,0,0.0
37.350002,-115.85,2016-05-26 00:00:00,0,0.0
37.350002,-115.74999,2016-05-26 00:00:00,0,0.0
37.350002,-115.649994,2016-05-26 00:00:00,0,0.0
37.350002,-115.549995,2016-05-26 00:00:00,0,0.0
37.350002,-115.45,2016-05-26 00:00:00,0,0.0
37.350002,-115.35,2016-05-26 00:00:00,0,0.0
37.350002,-115.24999,2016-05-26 00:00:00,0,0.0
37.350002,-115.149994,2016-05-26 00:00:00,0,0.0
37.350002,-115.049995,2016-05-26 00:00:00,0,0.0
37.350002,-114.95,2016-05-26 00:00:00,0,0.0
37.350002,-114.85,2016-05-26 00:00:00,0,0.0
37.350002,-114.74999,2016-05-26 00:00:00,0,0.0
37.350002,-114.649994,2016-05-26 00:00:00,0,0.0
37.350002,-114.549995,2016-05-26 00:00:00,0,0.0
37.350002,-114.45,2016-05-26 00:00:00,0,0.0
37.350002,-114.35,2016-05-26 00:00:00,0,0.0
37.350002,-114.24999,2016-05-26 00:00:00,0,0.0
37.45,-124.34999,2016-05-26 00:00:00,0,0.0
37.45,-124.25,2016-05-26 00:00:00,0,0.0
37.45,-124.149994,2016-05-26 00:00:00,0,0.0
37.45,-124.049995,2016-05-26 00:00:00,0,0.0
37.45,-123.95,2016-05-26 00:00:00,0,0.0
37.45,-123.84999,2016-05-26 00:00:00,0,0.0
37.45,-123.75,2016-05-26 00:00:00,0,0.0
37.45,-123.649994,2016-05-26 00:00:00,0,0.0
37.45,-123.549995,2016-05-26 00:00:00,0,0.0
37.45,-123.45,2016-05-26 00:00:00,0,0.0
37.45,-123.34999,2016-05-26 00:00:00,0,0.0
37.45,-123.25,2016-05-26 00:00:00,0,0.0
37.45,-123.149994,2016-05-26 00:00:00,0,0.0
37.45,-123.049995,2016-05-26 00:00:00,0,0.0
37.45,-122.95,2016-05-26 00:00:00,0,0.0
37.45,-122.84999,2016-05-26 00:00:00,0,0.0
37.45,-122.75,2016-05-26 00:00:00,0,0.0
37.45,-122.649994,2016-05-26 00:00:00,0,0.0
37.45,-122.549995,2016-05-26 00:00:00,0,0.0
37.45,-122.45,2016-05-26 00:00:00,0,0.0
37.45,-122.34999,2016-05-26 00:00:00,0,0.00036131436
37.45,-122.25,2016-05-26 00:00:00,0,0.0
37.45,-122.149994,2016-05-26 00:00:00,0,0.0
37.45,-122.049995,2016-05-26 00:00:00,0,0.0
37.45,-121.95,2016-05-26 00:00:00,0,0.0
37.45,-121.84999,2016-05-26 00:00:00,0,0.0
37.45,-121.75,2016-05-26 00:00:00,0,0.00070509344
37.45,-121.649994,2016-05-26 00:00:00,0,0.0
37.45,-121.549995,2016-05-26 00:00:00,0,0.0
37.45,-121.45,2016-05-26 00:00:00,0,0.0
37.45,-121.34999,2016-05-26 00:00:00,0,0.0
37.45,-121.25,2016-05-26 00:00:00,0,0.0
37.45,-121.149994,2016-05-26 00:00:00,0,0.0
37.45,-121.049995,2016-05-26 00:00:00,0,0.0
37.45,-120.95,2016-05-26 00:00:00,0,0.0
37.45,-120.84999,2016-05-26 00:00:00,0,0.0
37.45,-120.75,2016-05-26 00:00:00,0,0.0
37.45,-120.649994,2016-05-26 00:00:00,0,0.0
37.45,-120.549995,2016-05-26 00:00:00,0,0.0
37.45,-120.45,2016-05-26 00:00:00,0,0.0
37.45,-120.34999,2016-05-26 00:00:00,0,0.0
37.45,-120.25,2016-05-26 00:00:00,0,0.0
37.45,-120.149994,2016-05-26 00:00:00,0,0.0
37.45,-120.049995,2016-05-26 00:00:00,0,0.004140109
37.45,-119.95,2016-05-26 00:00:00,0,0.05213078
37.45,-119.84999,2016-05-26 00:00:00,0,0.14956261
37.45,-119.75,2016-05-26 00:00:00,0,0.8426426
37.45,-119.649994,2016-05-26 00:00:00,0,0.86425954
37.45,-119.549995,2016-05-26 00:00:00,0,1.110696
37.45,-119.45,2016-05-26 00:00:00,0,1.9205106
37.45,-119.34999,2016-05-26 00:00:00,0,1.4598244
37.45,-119.25,2016-05-26 00:00:00,0,2.5292158
37.45,-119.149994,2016-05-26 00:00:00,0,2.0051227
37.45,-119.049995,2016-05-26 00:00:00,0,2.1253161
37.45,-118.95,2016-05-26 00:00:00,0,1.7738
37.45,-118.84999,2016-05-26 00:00:00,0,1.9114
37.45,-118.75,2016-05-26 00:00:00,0,1.0511999
37.45,-118.649994,2016-05-26 00:00:00,0,0.30998877
37.45,-118.549995,2016-05-26 00:00:00,0,0.028467895
37.45,-118.45,2016-05-26 00:00:00,0,0.029023582
37.45,-118.34999,2016-05-26 00:00:00,0,0.120390475
37.45,-118.25,2016-05-26 00:00:00,0,0.44029528
37.45,-118.149994,2016-05-26 00:00:00,0,1.1598653
37.45,-118.049995,2016-05-26 00:00:00,0,3.9098272
37.45,-117.95,2016-05-26 00:00:00,0,1.4162264
37.45,-117.84999,2016-05-26 00:00:00,0,1.0050985
37.45,-117.75,2016-05-26 00:00:00,0,0.0
37.45,-117.649994,2016-05-26 00:00:00,0,0.0
37.45,-117.549995,2016-05-26 00:00:00,0,0.0
37.45,-117.45,2016-05-26 00:00:00,0,0.0
37.45,-117.34999,2016-05-26 00:00:00,0,0.0
37.45,-117.25,2016-05-26 00:00:00,0,0.0
37.45,-117.149994,2016-05-26 00:00:00,0,0.0
37.45,-117.049995,2016-05-26 00:00:00,0,0.0
37.45,-116.95,2016-05-26 00:00:00,0,0.0
37.45,-116.84999,2016-05-26 00:00:00,0,0.0
37.45,-116.75,2016-05-26 00:00:00,0,0.0
37.45,-116.649994,2016-05-26 00:00:00,0,0.0
37.45,-116.549995,2016-05-26 00:00:00,0,0.0
37.45,-116.45,2016-05-26 00:00:00,0,0.0
37.45,-116.34999,2016-05-26 00:00:00,0,0.0
37.45,-116.25,2016-05-26 00:00:00,0,0.0
37.45,-116.149994,2016-05-26 00:00:00,0,0.0
37.45,-116.049995,2016-05-26 00:00:00,0,0.0
37.45,-115.95,2016-05-26 00:00:00,0,0.0
37.45,-115.85,2016-05-26 00:00:00,0,0.0
37.45,-115.74999,2016-05-26 00:00:00,0,0.0
37.45,-115.649994,2016-05-26 00:00:00,0,0.0
37.45,-115.549995,2016-05-26 00:00:00,0,0.0
37.45,-115.45,2016-05-26 00:00:00,0,0.0
37.45,-115.35,2016-05-26 00:00:00,0,0.0
37.45,-115.24999,2016-05-26 00:00:00,0,0.0
37.45,-115.149994,2016-05-26 00:00:00,0,0.0
37.45,-115.049995,2016-05-26 00:00:00,0,0.0
37.45,-114.95,2016-05-26 00:00:00,0,0.0
37.45,-114.85,2016-05-26 00:00:00,0,0.0
37.45,-114.74999,2016-05-26 00:00:00,0,0.0
37.45,-114.649994,2016-05-26 00:00:00,0,0.0
37.45,-114.549995,2016-05-26 00:00:00,0,0.0
37.45,-114.45,2016-05-26 00:00:00,0,0.0
37.45,-114.35,2016-05-26 00:00:00,0,0.0
37.45,-114.24999,2016-05-26 00:00:00,0,0.0
37.55,-124.34999,2016-05-26 00:00:00,0,0.0
37.55,-124.25,2016-05-26 00:00:00,0,0.0
37.55,-124.149994,2016-05-26 00:00:00,0,0.0
37.55,-124.049995,2016-05-26 00:00:00,0,0.0
37.55,-123.95,2016-05-26 00:00:00,0,0.0
37.55,-123.84999,2016-05-26 00:00:00,0,0.0
37.55,-123.75,2016-05-26 00:00:00,0,0.0
37.55,-123.649994,2016-05-26 00:00:00,0,0.0
37.55,-123.549995,2016-05-26 00:00:00,0,0.0
37.55,-123.45,2016-05-26 00:00:00,0,0.0
37.55,-123.34999,2016-05-26 00:00:00,0,0.0
37.55,-123.25,2016-05-26 00:00:00,0,0.0
37.55,-123.149994,2016-05-26 00:00:00,0,0.0
37.55,-123.049995,2016-05-26 00:00:00,0,0.0
37.55,-122.95,2016-05-26 00:00:00,0,0.0
37.55,-122.84999,2016-05-26 00:00:00,0,0.0
37.55,-122.75,2016-05-26 00:00:00,0,0.0
37.55,-122.649994,2016-05-26 00:00:00,0,0.0
37.55,-122.549995,2016-05-26 00:00:00,0,0.0
37.55,-122.45,2016-05-26 00:00:00,0,0.012714853
37.55,-122.34999,2016-05-26 00:00:00,0,0.0
37.55,-122.25,2016-05-26 00:00:00,0,0.0
37.55,-122.149994,2016-05-26 00:00:00,0,0.0
37.55,-122.049995,2016-05-26 00:00:00,0,0.0
37.55,-121.95,2016-05-26 00:00:00,0,0.0074780066
37.55,-121.84999,2016-05-26 00:00:00,0,0.008381001
37.55,-121.75,2016-05-26 00:00:00,0,0.011864439
37.55,-121.649994,2016-05-26 00:00:00,0,0.015
37.55,-121.549995,2016-05-26 00:00:00,0,0.0
37.55,-121.45,2016-05-26 00:00:00,0,0.0
37.55,-121.34999,2016-05-26 00:00:00,0,0.0
37.55,-121.25,2016-05-26 00:00:00,0,0.0
37.55,-121.149994,2016-05-26 00:00:00,0,0.0
37.55,-121.049995,2016-05-26 00:00:00,0,0.0
37.55,-120.95,2016-05-26 00:00:00,0,0.0
37.55,-120.84999,2016-05-26 00:00:00,0,0.0
37.55,-120.75,2016-05-26 00:00:00,0,0.20910795
37.55,-120.649994,2016-05-26 00:00:00,0,0.14936282
37.55,-120.549995,2016-05-26 00:00:00,0,0.0
37.55,-120.45,2016-05-26 00:00:00,0,0.0
37.55,-120.34999,2016-05-26 00:00:00,0,0.0
37.55,-120.25,2016-05-26 00:00:00,0,0.0
37.55,-120.149994,2016-05-26 00:00:00,0,0.20910795
37.55,-120.049995,2016-05-26 00:00:00,0,0.0007068479
37.55,-119.95,2016-05-26 00:00:00,0,0.0056321304
37.55,-119.84999,2016-05-26 00:00:00,0,0.023858562
37.55,-119.75,2016-05-26 00:00:00,0,0.057638034
37.55,-119.649994,2016-05-26 00:00:00,0,0.88270044
37.55,-119.549995,2016-05-26 00:00:00,0,0.8800179
37.55,-119.45,2016-05-26 00:00:00,0,1.3909793
37.55,-119.34999,2016-05-26 00:00:00,0,0.010199999
37.55,-119.25,2016-05-26 00:00:00,0,2.5028698
37.55,-119.149994,2016-05-26 00:00:00,0,2.0141914
37.55,-119.049995,2016-05-26 00:00:00,0,4.852569
37.55,-118.95,2016-05-26 00:00:00,0,5.4786544
37.55,-118.84999,2016-05-26 00:00:00,0,4.9380083
37.55,-118.75,2016-05-26 00:00:00,0,4.7644286
37.55,-118.649994,2016-05-26 00:00:00,0,0.2908058
37.55,-118.549995,2016-05-26 00:00:00,0,0.023019673
37.55,-118.45,2016-05-26 00:00:00,0,0.053999733
37.55,-118.34999,2016-05-26 00:00:00,0,0.13001041
37.55,-118.25,2016-05-26 00:00:00,0,0.14590678
37.55,-118.149994,2016-05-26 00:00:00,0,1.4717238
37.55,-118.049995,2016-05-26 00:00:00,0,3.4209094
37.55,-117.95,2016-05-26 00:00:00,0,1.1098809
37.55,-117.84999,2016-05-26 00:00:00,0,0.0
37.55,-117.75,2016-05-26 00:00:00,0,0.0
37.55,-117.649994,2016-05-26 00:00:00,0,0.0
37.55,-117.549995,2016-05-26 00:00:00,0,0.0
37.55,-117.45,2016-05-26 00:00:00,0,0.0
37.55,-117.34999,2016-05-26 00:00:00,0,0.0
37.55,-117.25,2016-05-26 00:00:00,0,0.0
37.55,-117.149994,2016-05-26 00:00:00,0,0.0
37.55,-117.049995,2016-05-26 00:00:00,0,0.0
37.55,-116.95,2016-05-26 00:00:00,0,0.0
37.55,-116.84999,2016-05-26 00:00:00,0,0.0
37.55,-116.75,2016-05-26 00:00:00,0,0.0
37.55,-116.649994,2016-05-26 00:00:00,0,0.0
37.55,-116.549995,2016-05-26 00:00:00,0,0.0
37.55,-116.45,2016-05-26 00:00:00,0,0.0
37.55,-116.34999,2016-05-26 00:00:00,0,0.0
37.55,-116.25,2016-05-26 00:00:00,0,0.0
37.55,-116.149994,2016-05-26 00:00:00,0,0.0
37.55,-116.049995,2016-05-26 00:00:00,0,0.0
37.55,-115.95,2016-05-26 00:00:00,0,0.0
37.55,-115.85,2016-05-26 00:00:00,0,0.0
37.55,-115.74999,2016-05-26 00:00:00,0,0.0
37.55,-115.649994,2016-05-26 00:00:00,0,0.0
37.55,-115.549995,2016-05-26 00:00:00,0,0.0
37.55,-115.45,2016-05-26 00:00:00,0,0.0
37.55,-115.35,2016-05-26 00:00:00,0,0.0
37.55,-115.24999,2016-05-26 00:00:00,0,0.0
37.55,-115.149994,2016-05-26 00:00:00,0,0.0
37.55,-115.049995,2016-05-26 00:00:00,0,0.0
37.55,-114.95,2016-05-26 00:00:00,0,0.0
37.55,-114.85,2016-05-26 00:00:00,0,0.0
37.55,-114.74999,2016-05-26 00:00:00,0,0.0
37.55,-114.649994,2016-05-26 00:00:00,0,0.0
37.55,-114.549995,2016-05-26 00:00:00,0,0.0
37.55,-114.45,2016-05-26 00:00:00,0,0.0
37.55,-114.35,2016-05-26 00:00:00,0,0.0
37.55,-114.24999,2016-05-26 00:00:00,0,0.0
37.649998,-124.34999,2016-05-26 00:00:00,0,0.0
37.649998,-124.25,2016-05-26 00:00:00,0,0.0
37.649998,-124.149994,2016-05-26 00:00:00,0,0.0
37.649998,-124.049995,2016-05-26 00:00:00,0,0.0
37.649998,-123.95,2016-05-26 00:00:00,0,0.0
37.649998,-123.84999,2016-05-26 00:00:00,0,0.0
37.649998,-123.75,2016-05-26 00:00:00,0,0.0
37.649998,-123.649994,2016-05-26 00:00:00,0,0.0
37.649998,-123.549995,2016-05-26 00:00:00,0,0.0
37.649998,-123.45,2016-05-26 00:00:00,0,0.0
37.649998,-123.34999,2016-05-26 00:00:00,0,0.0
37.649998,-123.25,2016-05-26 00:00:00,0,0.0
37.649998,-123.149994,2016-05-26 00:00:00,0,0.0
37.649998,-123.049995,2016-05-26 00:00:00,0,0.0
37.649998,-122.95,2016-05-26 00:00:00,0,0.0
37.649998,-122.84999,2016-05-26 00:00:00,0,0.0
37.649998,-122.75,2016-05-26 00:00:00,0,0.0
37.649998,-122.649994,2016-05-26 00:00:00,0,0.0
37.649998,-122.549995,2016-05-26 00:00:00,0,0.0
37.649998,-122.45,2016-05-26 00:00:00,0,0.0
37.649998,-122.34999,2016-05-26 00:00:00,0,0.0
37.649998,-122.25,2016-05-26 00:00:00,0,0.0
37.649998,-122.149994,2016-05-26 00:00:00,0,0.0
37.649998,-122.049995,2016-05-26 00:00:00,0,0.0
37.649998,-121.95,2016-05-26 00:00:00,0,0.0
37.649998,-121.84999,2016-05-26 00:00:00,0,0.0
37.649998,-121.75,2016-05-26 00:00:00,0,0.00018065718
37.649998,-121.649994,2016-05-26 00:00:00,0,0.0
37.649998,-121.549995,2016-05-26 00:00:00,0,0.0
37.649998,-121.45,2016-05-26 00:00:00,0,0.0
37.649998,-121.34999,2016-05-26 00:00:00,0,0.0
37.649998,-121.25,2016-05-26 00:00:00,0,0.0
37.649998,-121.149994,2016-05-26 00:00:00,0,0.0
37.649998,-121.049995,2016-05-26 00:00:00,0,0.0
37.649998,-120.95,2016-05-26 00:00:00,0,0.119490266
37.649998,-120.84999,2016-05-26 00:00:00,0,0.0
37.649998,-120.75,2016-05-26 00:00:00,0,0.0
37.649998,-120.649994,2016-05-26 00:00:00,0,0.0
37.649998,-120.549995,2016-05-26 00:00:00,0,0.0
37.649998,-120.45,2016-05-26 00:00:00,0,0.0
37.649998,-120.34999,2016-05-26 00:00:00,0,0.0
37.649998,-120.25,2016-05-26 00:00:00,0,0.12147954
37.649998,-120.149994,2016-05-26 00:00:00,0,0.12147954
37.649998,-120.049995,2016-05-26 00:00:00,0,0.0
37.649998,-119.95,2016-05-26 00:00:00,0,0.0
37.649998,-119.84999,2016-05-26 00:00:00,0,0.072887726
37.649998,-119.75,2016-05-26 00:00:00,0,0.29822508
37.649998,-119.649994,2016-05-26 00:00:00,0,0.048591815
37.649998,-119.549995,2016-05-26 00:00:00,0,0.048591815
37.649998,-119.45,2016-05-26 00:00:00,0,2.2174947
37.649998,-119.34999,2016-05-26 00:00:00,0,0.0238
37.649998,-119.25,2016-05-26 00:00:00,0,0.1522
37.649998,-119.149994,2016-05-26 00:00:00,0,0.9788
37.649998,-119.049995,2016-05-26 00:00:00,0,7.237683
37.649998,-118.95,2016-05-26 00:00:00,0,4.837173
37.649998,-118.84999,2016-05-26 00:00:00,0,4.398352
37.649998,-118.75,2016-05-26 00:00:00,0,2.5391421
37.649998,-118.649994,2016-05-26 00:00:00,0,1.9128788
37.649998,-118.549995,2016-05-26 00:00:00,0,0.17569372
37.649998,-118.45,2016-05-26 00:00:00,0,0.25361142
37.649998,-118.34999,2016-05-26 00:00:00,0,0.12589216
37.649998,-118.25,2016-05-26 00:00:00,0,1.3267311
37.649998,-118.149994,2016-05-26 00:00:00,0,3.1917667
37.649998,-118.049995,2016-05-26 00:00:00,0,0.0
37.649998,-117.95,2016-05-26 00:00:00,0,0.0
37.649998,-117.84999,2016-05-26 00:00:00,0,0.0
37.649998,-117.75,2016-05-26 00:00:00,0,0.0
37.649998,-117.649994,2016-05-26 00:00:00,0,0.0
37.649998,-117.549995,2016-05-26 00:00:00,0,0.0
37.649998,-117.45,2016-05-26 00:00:00,0,0.0
37.649998,-117.34999,2016-05-26 00:00:00,0,0.0
37.649998,-117.25,2016-05-26 00:00:00,0,0.0
37.649998,-117.149994,2016-05-26 00:00:00,0,0.0
37.649998,-117.049995,2016-05-26 00:00:00,0,0.0
37.649998,-116.95,2016-05-26 00:00:00,0,0.0
37.649998,-116.84999,2016-05-26 00:00:00,0,0.0
37.649998,-116.75,2016-05-26 00:00:00,0,0.0
37.649998,-116.649994,2016-05-26 00:00:00,0,0.0
37.649998,-116.549995,2016-05-26 00:00:00,0,0.0
37.649998,-116.45,2016-05-26 00:00:00,0,0.0
37.649998,-116.34999,2016-05-26 00:00:00,0,0.0
37.649998,-116.25,2016-05-26 00:00:00,0,0.0
37.649998,-116.149994,2016-05-26 00:00:00,0,0.0
37.649998,-116.049995,2016-05-26 00:00:00,0,0.0
37.649998,-115.95,2016-05-26 00:00:00,0,0.0
37.649998,-115.85,2016-05-26 00:00:00,0,0.0
37.649998,-115.74999,2016-05-26 00:00:00,0,0.0
37.649998,-115.649994,2016-05-26 00:00:00,0,0.0
37.649998,-115.549995,2016-05-26 00:00:00,0,0.0
37.649998,-115.45,2016-05-26 00:00:00,0,0.0
37.649998,-115.35,2016-05-26 00:00:00,0,0.0
37.649998,-115.24999,2016-05-26 00:00:00,0,0.0
37.649998,-115.149994,2016-05-26 00:00:00,0,0.0
37.649998,-115.049995,2016-05-26 00:00:00,0,0.0
37.649998,-114.95,2016-05-26 00:00:00,0,0.0
37.649998,-114.85,2016-05-26 00:00:00,0,0.0
37.649998,-114.74999,2016-05-26 00:00:00,0,0.0
37.649998,-114.649994,2016-05-26 00:00:00,0,0.0
37.649998,-114.549995,2016-05-26 00:00:00,0,0.0
37.649998,-114.45,2016-05-26 00:00:00,0,0.0
37.649998,-114.35,2016-05-26 00:00:00,0,0.0
37.649998,-114.24999,2016-05-26 00:00:00,0,0.0
37.750004,-124.34999,2016-05-26 00:00:00,0,0.0
37.750004,-124.25,2016-05-26 00:00:00,0,0.0
37.750004,-124.149994,2016-05-26 00:00:00,0,0.0
37.750004,-124.049995,2016-05-26 00:00:00,0,0.0
37.750004,-123.95,2016-05-26 00:00:00,0,0.0
37.750004,-123.84999,2016-05-26 00:00:00,0,0.0
37.750004,-123.75,2016-05-26 00:00:00,0,0.0
37.750004,-123.649994,2016-05-26 00:00:00,0,0.0
37.750004,-123.549995,2016-05-26 00:00:00,0,0.0
37.750004,-123.45,2016-05-26 00:00:00,0,0.0
37.750004,-123.34999,2016-05-26 00:00:00,0,0.0
37.750004,-123.25,2016-05-26 00:00:00,0,0.0
37.750004,-123.149994,2016-05-26 00:00:00,0,0.0
37.750004,-123.049995,2016-05-26 00:00:00,0,0.0
37.750004,-122.95,2016-05-26 00:00:00,0,0.0
37.750004,-122.84999,2016-05-26 00:00:00,0,0.0
37.750004,-122.75,2016-05-26 00:00:00,0,0.0
37.750004,-122.649994,2016-05-26 00:00:00,0,0.0
37.750004,-122.549995,2016-05-26 00:00:00,0,0.0
37.750004,-122.45,2016-05-26 00:00:00,0,0.0
37.750004,-122.34999,2016-05-26 00:00:00,0,0.0
37.750004,-122.25,2016-05-26 00:00:00,0,0.0
37.750004,-122.149994,2016-05-26 00:00:00,0,0.0
37.750004,-122.049995,2016-05-26 00:00:00,0,0.0
37.750004,-121.95,2016-05-26 00:00:00,0,0.0
37.750004,-121.84999,2016-05-26 00:00:00,0,0.0
37.750004,-121.75,2016-05-26 00:00:00,0,0.0
37.750004,-121.649994,2016-05-26 00:00:00,0,0.0
37.750004,-121.549995,2016-05-26 00:00:00,0,0.0
37.750004,-121.45,2016-05-26 00:00:00,0,0.0
37.750004,-121.34999,2016-05-26 00:00:00,0,0.0
37.750004,-121.25,2016-05-26 00:00:00,0,0.0
37.750004,-121.149994,2016-05-26 00:00:00,0,0.0
37.750004,-121.049995,2016-05-26 00:00:00,0,0.0
37.750004,-120.95,2016-05-26 00:00:00,0,0.0
37.750004,-120.84999,2016-05-26 00:00:00,0,0.0
37.750004,-120.75,2016-05-26 00:00:00,0,0.0
37.750004,-120.649994,2016-05-26 00:00:00,0,0.0
37.750004,-120.549995,2016-05-26 00:00:00,0,0.0
37.750004,-120.45,2016-05-26 00:00:00,0,0.0
37.750004,-120.34999,2016-05-26 00:00:00,0,0.0
37.750004,-120.25,2016-05-26 00:00:00,0,1.093316
37.750004,-120.149994,2016-05-26 00:00:00,0,0.14577545
37.750004,-120.049995,2016-05-26 00:00:00,0,0.14577545
37.750004,-119.95,2016-05-26 00:00:00,0,0.14577545
37.750004,-119.84999,2016-05-26 00:00:00,0,0.14577545
37.750004,-119.75,2016-05-26 00:00:00,0,0.17011791
37.750004,-119.649994,2016-05-26 00:00:00,0,0.09723019
37.750004,-119.549995,2016-05-26 00:00:00,0,0.075570315
37.750004,-119.45,2016-05-26 00:00:00,0,1.5063466
37.750004,-119.34999,2016-05-26 00:00:00,0,0.029799998
37.750004,-119.25,2016-05-26 00:00:00,0,0.09819999
37.750004,-119.149994,2016-05-26 00:00:00,0,0.44799998
37.750004,-119.049995,2016-05-26 00:00:00,0,4.990052
37.750004,-118.95,2016-05-26 00:00:00,0,3.8383722
37.750004,-118.84999,2016-05-26 00:00:00,0,3.8179364
37.750004,-118.75,2016-05-26 00:00:00,0,2.093187
37.750004,-118.649994,2016-05-26 00:00:00,0,2.1698658
37.750004,-118.549995,2016-05-26 00:00:00,0,1.8218833
37.750004,-118.45,2016-05-26 00:00:00,0,0.22707355
37.750004,-118.34999,2016-05-26 00:00:00,0,0.46057183
37.750004,-118.25,2016-05-26 00:00:00,0,2.5613213
37.750004,-118.149994,2016-05-26 00:00:00,0,0.0
37.750004,-118.049995,2016-05-26 00:00:00,0,0.0
37.750004,-117.95,2016-05-26 00:00:00,0,0.0
37.750004,-117.84999,2016-05-26 00:00:00,0,0.0
37.750004,-117.75,2016-05-26 00:00:00,0,0.0
37.750004,-117.649994,2016-05-26 00:00:00,0,0.0
37.750004,-117.549995,2016-05-26 00:00:00,0,0.0
37.750004,-117.45,2016-05-26 00:00:00,0,0.0
37.750004,-117.34999,2016-05-26 00:00:00,0,0.0
37.750004,-117.25,2016-05-26 00:00:00,0,0.0
37.750004,-117.149994,2016-05-26 00:00:00,0,0.0
37.750004,-117.049995,2016-05-26 00:00:00,0,0.0
37.750004,-116.95,2016-05-26 00:00:00,0,0.0
37.750004,-116.84999,2016-05-26 00:00:00,0,0.0
37.750004,-116.75,2016-05-26 00:00:00,0,0.0
37.750004,-116.649994,2016-05-26 00:00:00,0,0.0
37.750004,-116.549995,2016-05-26 00:00:00,0,0.0
37.750004,-116.45,2016-05-26 00:00:00,0,0.0
37.750004,-116.34999,2016-05-26 00:00:00,0,0.0
37.750004,-116.25,2016-05-26 00:00:00,0,0.0
37.750004,-116.149994,2016-05-26 00:00:00,0,0.0
37.750004,-116.049995,2016-05-26 00:00:00,0,0.0
37.750004,-115.95,2016-05-26 00:00:00,0,0.0
37.750004,-115.85,2016-05-26 00:00:00,0,0.0
37.750004,-115.74999,2016-05-26 00:00:00,0,0.0
37.750004,-115.649994,2016-05-26 00:00:00,0,0.0
37.750004,-115.549995,2016-05-26 00:00:00,0,0.0
37.750004,-115.45,2016-05-26 00:00:00,0,0.0
37.750004,-115.35,2016-05-26 00:00:00,0,0.0
37.750004,-115.24999,2016-05-26 00:00:00,0,0.0
37.750004,-115.149994,2016-05-26 00:00:00,0,0.0
37.750004,-115.049995,2016-05-26 00:00:00,0,0.0
37.750004,-114.95,2016-05-26 00:00:00,0,0.0
37.750004,-114.85,2016-05-26 00:00:00,0,0.0
37.750004,-114.74999,2016-05-26 00:00:00,0,0.0
37.750004,-114.649994,2016-05-26 00:00:00,0,0.0
37.750004,-114.549995,2016-05-26 00:00:00,0,0.0
37.750004,-114.45,2016-05-26 00:00:00,0,0.0
37.750004,-114.35,2016-05-26 00:00:00,0,0.0
37.750004,-114.24999,2016-05-26 00:00:00,0,0.0
37.850002,-124.34999,2016-05-26 00:00:00,0,0.0
37.850002,-124.25,2016-05-26 00:00:00,0,0.0
37.850002,-124.149994,2016-05-26 00:00:00,0,0.0
37.850002,-124.049995,2016-05-26 00:00:00,0,0.0
37.850002,-123.95,2016-05-26 00:00:00,0,0.0
37.850002,-123.84999,2016-05-26 00:00:00,0,0.0
37.850002,-123.75,2016-05-26 00:00:00,0,0.0
37.850002,-123.649994,2016-05-26 00:00:00,0,0.0
37.850002,-123.549995,2016-05-26 00:00:00,0,0.0
37.850002,-123.45,2016-05-26 00:00:00,0,0.0
37.850002,-123.34999,2016-05-26 00:00:00,0,0.0
37.850002,-123.25,2016-05-26 00:00:00,0,0.0
37.850002,-123.149994,2016-05-26 00:00:00,0,0.0
37.850002,-123.049995,2016-05-26 00:00:00,0,0.0
37.850002,-122.95,2016-05-26 00:00:00,0,0.0
37.850002,-122.84999,2016-05-26 00:00:00,0,0.0
37.850002,-122.75,2016-05-26 00:00:00,0,0.0
37.850002,-122.649994,2016-05-26 00:00:00,0,0.0
37.850002,-122.549995,2016-05-26 00:00:00,0,0.0
37.850002,-122.45,2016-05-26 00:00:00,0,0.012714853
37.850002,-122.34999,2016-05-26 00:00:00,0,0.0
37.850002,-122.25,2016-05-26 00:00:00,0,0.0
37.850002,-122.149994,2016-05-26 00:00:00,0,0.0
37.850002,-122.049995,2016-05-26 00:00:00,0,0.0
37.850002,-121.95,2016-05-26 00:00:00,0,0.0
37.850002,-121.84999,2016-05-26 00:00:00,0,0.0
37.850002,-121.75,2016-05-26 00:00:00,0,0.0
37.850002,-121.649994,2016-05-26 00:00:00,0,0.0
37.850002,-121.549995,2016-05-26 00:00:00,0,0.0
37.850002,-121.45,2016-05-26 00:00:00,0,0.0
37.850002,-121.34999,2016-05-26 00:00:00,0,0.0
37.850002,-121.25,2016-05-26 00:00:00,0,0.0
37.850002,-121.149994,2016-05-26 00:00:00,0,0.0
37.850002,-121.049995,2016-05-26 00:00:00,0,0.0
37.850002,-120.95,2016-05-26 00:00:00,0,0.0
37.850002,-120.84999,2016-05-26 00:00:00,0,0.0
37.850002,-120.75,2016-05-26 00:00:00,0,0.2815679
37.850002,-120.649994,2016-05-26 00:00:00,0,0.0
37.850002,-120.549995,2016-05-26 00:00:00,0,0.0
37.850002,-120.45,2016-05-26 00:00:00,0,0.0
37.850002,-120.34999,2016-05-26 00:00:00,0,1.093316
37.850002,-120.25,2016-05-26 00:00:00,0,1.1176119
37.850002,-120.149994,2016-05-26 00:00:00,0,1.1176119
37.850002,-120.049995,2016-05-26 00:00:00,0,1.1419077
37.850002,-119.95,2016-05-26 00:00:00,0,2.2563791
37.850002,-119.84999,2016-05-26 00:00:00,0,0.18007137
37.850002,-119.75,2016-05-26 00:00:00,0,0.20658505
37.850002,-119.649994,2016-05-26 00:00:00,0,0.19007136
37.850002,-119.549995,2016-05-26 00:00:00,0,0.05395699
37.850002,-119.45,2016-05-26 00:00:00,0,1.4952533
37.850002,-119.34999,2016-05-26 00:00:00,0,1.7586253
37.850002,-119.25,2016-05-26 00:00:00,0,1.6790893
37.850002,-119.149994,2016-05-26 00:00:00,0,0.3144
37.850002,-119.049995,2016-05-26 00:00:00,0,3.2510388
37.850002,-118.95,2016-05-26 00:00:00,0,4.021382
37.850002,-118.84999,2016-05-26 00:00:00,0,1.5599995
37.850002,-118.75,2016-05-26 00:00:00,0,0.69308716
37.850002,-118.649994,2016-05-26 00:00:00,0,0.62798417
37.850002,-118.549995,2016-05-26 00:00:00,0,1.869282
37.850002,-118.45,2016-05-26 00:00:00,0,0.29357144
37.850002,-118.34999,2016-05-26 00:00:00,0,0.0
37.850002,-118.25,2016-05-26 00:00:00,0,0.0
37.850002,-118.149994,2016-05-26 00:00:00,0,0.0
37.850002,-118.049995,2016-05-26 00:00:00,0,0.0
37.850002,-117.95,2016-05-26 00:00:00,0,0.0
37.850002,-117.84999,2016-05-26 00:00:00,0,0.0
37.850002,-117.75,2016-05-26 00:00:00,0,0.0
37.850002,-117.649994,2016-05-26 00:00:00,0,0.0
37.850002,-117.549995,2016-05-26 00:00:00,0,0.0
37.850002,-117.45,2016-05-26 00:00:00,0,0.0
37.850002,-117.34999,2016-05-26 00:00:00,0,0.0
37.850002,-117.25,2016-05-26 00:00:00,0,0.0
37.850002,-117.149994,2016-05-26 00:00:00,0,0.0
37.850002,-117.049995,2016-05-26 00:00:00,0,0.0
37.850002,-116.95,2016-05-26 00:00:00,0,0.0
37.850002,-116.84999,2016-05-26 00:00:00,0,0.0
37.850002,-116.75,2016-05-26 00:00:00,0,0.0
37.850002,-116.649994,2016-05-26 00:00:00,0,0.0
37.850002,-116.549995,2016-05-26 00:00:00,0,0.0
37.850002,-116.45,2016-05-26 00:00:00,0,0.0
37.850002,-116.34999,2016-05-26 00:00:00,0,0.0
37.850002,-116.25,2016-05-26 00:00:00,0,0.0
37.850002,-116.149994,2016-05-26 00:00:00,0,0.0
37.850002,-116.049995,2016-05-26 00:00:00,0,0.0
37.850002,-115.95,2016-05-26 00:00:00,0,0.0
37.850002,-115.85,2016-05-26 00:00:00,0,0.0
37.850002,-115.74999,2016-05-26 00:00:00,0,0.0
37.850002,-115.649994,2016-05-26 00:00:00,0,0.0
37.850002,-115.549995,2016-05-26 00:00:00,0,0.0
37.850002,-115.45,2016-05-26 00:00:00,0,0.0
37.850002,-115.35,2016-05-26 00:00:00,0,0.0
37.850002,-115.24999,2016-05-26 00:00:00,0,0.0
37.850002,-115.149994,2016-05-26 00:00:00,0,0.0
37.850002,-115.049995,2016-05-26 00:00:00,0,0.0
37.850002,-114.95,2016-05-26 00:00:00,0,0.0
37.850002,-114.85,2016-05-26 00:00:00,0,0.0
37.850002,-114.74999,2016-05-26 00:00:00,0,0.0
37.850002,-114.649994,2016-05-26 00:00:00,0,0.0
37.850002,-114.549995,2016-05-26 00:00:00,0,0.0
37.850002,-114.45,2016-05-26 00:00:00,0,0.0
37.850002,-114.35,2016-05-26 00:00:00,0,0.0
37.850002,-114.24999,2016-05-26 00:00:00,0,0.0
37.95,-124.34999,2016-05-26 00:00:00,0,0.0
37.95,-124.25,2016-05-26 00:00:00,0,0.0
37.95,-124.149994,2016-05-26 00:00:00,0,0.0
37.95,-124.049995,2016-05-26 00:00:00,0,0.0
37.95,-123.95,2016-05-26 00:00:00,0,0.0
37.95,-123.84999,2016-05-26 00:00:00,0,0.0
37.95,-123.75,2016-05-26 00:00:00,0,0.0
37.95,-123.649994,2016-05-26 00:00:00,0,0.0
37.95,-123.549995,2016-05-26 00:00:00,0,0.0
37.95,-123.45,2016-05-26 00:00:00,0,0.0
37.95,-123.34999,2016-05-26 00:00:00,0,0.0
37.95,-123.25,2016-05-26 00:00:00,0,0.0
37.95,-123.149994,2016-05-26 00:00:00,0,0.0
37.95,-123.049995,2016-05-26 00:00:00,0,0.0
37.95,-122.95,2016-05-26 00:00:00,0,0.0
37.95,-122.84999,2016-05-26 00:00:00,0,0.0
37.95,-122.75,2016-05-26 00:00:00,0,0.025429705
37.95,-122.649994,2016-05-26 00:00:00,0,0.0
37.95,-122.549995,2016-05-26 00:00:00,0,0.0
37.95,-122.45,2016-05-26 00:00:00,0,0.0
37.95,-122.34999,2016-05-26 00:00:00,0,0.0
37.95,-122.25,2016-05-26 00:00:00,0,0.0
37.95,-122.149994,2016-05-26 00:00:00,0,0.0
37.95,-122.049995,2016-05-26 00:00:00,0,0.0
37.95,-121.95,2016-05-26 00:00:00,0,0.0
37.95,-121.84999,2016-05-26 00:00:00,0,0.0
37.95,-121.75,2016-05-26 00:00:00,0,0.0
37.95,-121.649994,2016-05-26 00:00:00,0,0.0
37.95,-121.549995,2016-05-26 00:00:00,0,0.0
37.95,-121.45,2016-05-26 00:00:00,0,0.0
37.95,-121.34999,2016-05-26 00:00:00,0,0.0
37.95,-121.25,2016-05-26 00:00:00,0,0.0
37.95,-121.149994,2016-05-26 00:00:00,0,0.119490266
37.95,-121.049995,2016-05-26 00:00:00,0,0.0
37.95,-120.95,2016-05-26 00:00:00,0,0.0
37.95,-120.84999,2016-05-26 00:00:00,0,0.0
37.95,-120.75,2016-05-26 00:00:00,0,0.0
37.95,-120.649994,2016-05-26 00:00:00,0,0.0
37.95,-120.549995,2016-05-26 00:00:00,0,0.0
37.95,-120.45,2016-05-26 00:00:00,0,0.0
37.95,-120.34999,2016-05-26 00:00:00,0,0.0
37.95,-120.25,2016-05-26 00:00:00,0,0.0
37.95,-120.149994,2016-05-26 00:00:00,0,1.1419077
37.95,-120.049995,2016-05-26 00:00:00,0,1.1419077
37.95,-119.95,2016-05-26 00:00:00,0,2.2833576
37.95,-119.84999,2016-05-26 00:00:00,0,2.6655347
37.95,-119.75,2016-05-26 00:00:00,0,2.2474413
37.95,-119.649994,2016-05-26 00:00:00,0,2.2109275
37.95,-119.549995,2016-05-26 00:00:00,0,0.558685
37.95,-119.45,2016-05-26 00:00:00,0,0.16187097
37.95,-119.34999,2016-05-26 00:00:00,0,0.0018
37.95,-119.25,2016-05-26 00:00:00,0,0.0198
37.95,-119.149994,2016-05-26 00:00:00,0,0.1892
37.95,-119.049995,2016-05-26 00:00:00,0,2.5698903
37.95,-118.95,2016-05-26 00:00:00,0,3.3710036
37.95,-118.84999,2016-05-26 00:00:00,0,1.3386638
37.95,-118.75,2016-05-26 00:00:00,0,1.37455
37.95,-118.649994,2016-05-26 00:00:00,0,1.5399803
37.95,-118.549995,2016-05-26 00:00:00,0,1.0618302
37.95,-118.45,2016-05-26 00:00:00,0,0.0
37.95,-118.34999,2016-05-26 00:00:00,0,0.0
37.95,-118.25,2016-05-26 00:00:00,0,0.0
37.95,-118.149994,2016-05-26 00:00:00,0,0.0
37.95,-118.049995,2016-05-26 00:00:00,0,0.0
37.95,-117.95,2016-05-26 00:00:00,0,0.0
37.95,-117.84999,2016-05-26 00:00:00,0,0.0
37.95,-117.75,2016-05-26 00:00:00,0,0.0
37.95,-117.649994,2016-05-26 00:00:00,0,0.0
37.95,-117.549995,2016-05-26 00:00:00,0,0.0
37.95,-117.45,2016-05-26 00:00:00,0,0.0
37.95,-117.34999,2016-05-26 00:00:00,0,0.0
37.95,-117.25,2016-05-26 00:00:00,0,0.0
37.95,-117.149994,2016-05-26 00:00:00,0,0.0
37.95,-117.049995,2016-05-26 00:00:00,0,0.0
37.95,-116.95,2016-05-26 00:00:00,0,0.0
37.95,-116.84999,2016-05-26 00:00:00,0,0.0
37.95,-116.75,2016-05-26 00:00:00,0,0.0
37.95,-116.649994,2016-05-26 00:00:00,0,0.0
37.95,-116.549995,2016-05-26 00:00:00,0,0.0
37.95,-116.45,2016-05-26 00:00:00,0,0.0
37.95,-116.34999,2016-05-26 00:00:00,0,0.0
37.95,-116.25,2016-05-26 00:00:00,0,0.0
37.95,-116.149994,2016-05-26 00:00:00,0,0.0
37.95,-116.049995,2016-05-26 00:00:00,0,0.0
37.95,-115.95,2016-05-26 00:00:00,0,0.0
37.95,-115.85,2016-05-26 00:00:00,0,0.0
37.95,-115.74999,2016-05-26 00:00:00,0,0.0
37.95,-115.649994,2016-05-26 00:00:00,0,0.0
37.95,-115.549995,2016-05-26 00:00:00,0,0.0
37.95,-115.45,2016-05-26 00:00:00,0,0.0
37.95,-115.35,2016-05-26 00:00:00,0,0.0
37.95,-115.24999,2016-05-26 00:00:00,0,0.0
37.95,-115.149994,2016-05-26 00:00:00,0,0.0
37.95,-115.049995,2016-05-26 00:00:00,0,0.0
37.95,-114.95,2016-05-26 00:00:00,0,0.0
37.95,-114.85,2016-05-26 00:00:00,0,0.0
37.95,-114.74999,2016-05-26 00:00:00,0,0.0
37.95,-114.649994,2016-05-26 00:00:00,0,0.0
37.95,-114.549995,2016-05-26 00:00:00,0,0.0
37.95,-114.45,2016-05-26 00:00:00,0,0.0
37.95,-114.35,2016-05-26 00:00:00,0,0.0
37.95,-114.24999,2016-05-26 00:00:00,0,0.0
38.05,-124.34999,2016-05-26 00:00:00,0,0.0
38.05,-124.25,2016-05-26 00:00:00,0,0.0
38.05,-124.149994,2016-05-26 00:00:00,0,0.0
38.05,-124.049995,2016-05-26 00:00:00,0,0.0
38.05,-123.95,2016-05-26 00:00:00,0,0.0
38.05,-123.84999,2016-05-26 00:00:00,0,0.0
38.05,-123.75,2016-05-26 00:00:00,0,0.0
38.05,-123.649994,2016-05-26 00:00:00,0,0.0
38.05,-123.549995,2016-05-26 00:00:00,0,0.0
38.05,-123.45,2016-05-26 00:00:00,0,0.0
38.05,-123.34999,2016-05-26 00:00:00,0,0.0
38.05,-123.25,2016-05-26 00:00:00,0,0.0
38.05,-123.149994,2016-05-26 00:00:00,0,0.0
38.05,-123.049995,2016-05-26 00:00:00,0,0.0
38.05,-122.95,2016-05-26 00:00:00,0,0.005
38.05,-122.84999,2016-05-26 00:00:00,0,0.0
38.05,-122.75,2016-05-26 00:00:00,0,0.0
38.05,-122.649994,2016-05-26 00:00:00,0,0.0
38.05,-122.549995,2016-05-26 00:00:00,0,0.0
38.05,-122.45,2016-05-26 00:00:00,0,0.0
38.05,-122.34999,2016-05-26 00:00:00,0,0.0
38.05,-122.25,2016-05-26 00:00:00,0,0.0
38.05,-122.149994,2016-05-26 00:00:00,0,0.0
38.05,-122.049995,2016-05-26 00:00:00,0,0.0049853376
38.05,-121.95,2016-05-26 00:00:00,0,0.005587334
38.05,-121.84999,2016-05-26 00:00:00,0,0.0076410156
38.05,-121.75,2016-05-26 00:00:00,0,0.01
38.05,-121.649994,2016-05-26 00:00:00,0,0.0
38.05,-121.549995,2016-05-26 00:00:00,0,0.0
38.05,-121.45,2016-05-26 00:00:00,0,0.0
38.05,-121.34999,2016-05-26 00:00:00,0,0.0073911627
38.05,-121.25,2016-05-26 00:00:00,0,0.01202685
38.05,-121.149994,2016-05-26 00:00:00,0,0.025429705
38.05,-121.049995,2016-05-26 00:00:00,0,0.0
38.05,-120.95,2016-05-26 00:00:00,0,0.0
38.05,-120.84999,2016-05-26 00:00:00,0,0.0
38.05,-120.75,2016-05-26 00:00:00,0,0.0
38.05,-120.649994,2016-05-26 00:00:00,0,0.0
38.05,-120.549995,2016-05-26 00:00:00,0,0.0
38.05,-120.45,2016-05-26 00:00:00,0,0.0
38.05,-120.34999,2016-05-26 00:00:00,0,0.0
38.05,-120.25,2016-05-26 00:00:00,0,0.0
38.05,-120.149994,2016-05-26 00:00:00,0,0.0
38.05,-120.049995,2016-05-26 00:00:00,0,0.46162227
38.05,-119.95,2016-05-26 00:00:00,0,0.73003364
38.05,-119.84999,2016-05-26 00:00:00,0,1.8076394
38.05,-119.75,2016-05-26 00:00:00,0,2.7190864
38.05,-119.649994,2016-05-26 00:00:00,0,0.0044
38.05,-119.549995,2016-05-26 00:00:00,0,0.0414
38.05,-119.45,2016-05-26 00:00:00,0,0.0842
38.05,-119.34999,2016-05-26 00:00:00,0,0.020399999
38.05,-119.25,2016-05-26 00:00:00,0,0.0124
38.05,-119.149994,2016-05-26 00:00:00,0,3.2899902
38.05,-119.049995,2016-05-26 00:00:00,0,2.373553
38.05,-118.95,2016-05-26 00:00:00,0,2.9791572
38.05,-118.84999,2016-05-26 00:00:00,0,0.62506676
38.05,-118.75,2016-05-26 00:00:00,0,1.0932685
38.05,-118.649994,2016-05-26 00:00:00,0,1.5696996
38.05,-118.549995,2016-05-26 00:00:00,0,0.0
38.05,-118.45,2016-05-26 00:00:00,0,0.0
38.05,-118.34999,2016-05-26 00:00:00,0,0.0
38.05,-118.25,2016-05-26 00:00:00,0,0.0
38.05,-118.149994,2016-05-26 00:00:00,0,0.0
38.05,-118.049995,2016-05-26 00:00:00,0,0.0
38.05,-117.95,2016-05-26 00:00:00,0,0.0
38.05,-117.84999,2016-05-26 00:00:00,0,0.0
38.05,-117.75,2016-05-26 00:00:00,0,0.0
38.05,-117.649994,2016-05-26 00:00:00,0,0.0
38.05,-117.549995,2016-05-26 00:00:00,0,0.0
38.05,-117.45,2016-05-26 00:00:00,0,0.0
38.05,-117.34999,2016-05-26 00:00:00,0,0.0
38.05,-117.25,2016-05-26 00:00:00,0,0.0
38.05,-117.149994,2016-05-26 00:00:00,0,0.0
38.05,-117.049995,2016-05-26 00:00:00,0,0.0
38.05,-116.95,2016-05-26 00:00:00,0,0.0
38.05,-116.84999,2016-05-26 00:00:00,0,0.0
38.05,-116.75,2016-05-26 00:00:00,0,0.0
38.05,-116.649994,2016-05-26 00:00:00,0,0.0
38.05,-116.549995,2016-05-26 00:00:00,0,0.0
38.05,-116.45,2016-05-26 00:00:00,0,0.0
38.05,-116.34999,2016-05-26 00:00:00,0,0.0
38.05,-116.25,2016-05-26 00:00:00,0,0.0
38.05,-116.149994,2016-05-26 00:00:00,0,0.0
38.05,-116.049995,2016-05-26 00:00:00,0,0.0
38.05,-115.95,2016-05-26 00:00:00,0,0.0
38.05,-115.85,2016-05-26 00:00:00,0,0.0
38.05,-115.74999,2016-05-26 00:00:00,0,0.0
38.05,-115.649994,2016-05-26 00:00:00,0,0.0
38.05,-115.549995,2016-05-26 00:00:00,0,0.0
38.05,-115.45,2016-05-26 00:00:00,0,0.0
38.05,-115.35,2016-05-26 00:00:00,0,0.0
38.05,-115.24999,2016-05-26 00:00:00,0,0.0
38.05,-115.149994,2016-05-26 00:00:00,0,0.0
38.05,-115.049995,2016-05-26 00:00:00,0,0.0
38.05,-114.95,2016-05-26 00:00:00,0,0.0
38.05,-114.85,2016-05-26 00:00:00,0,0.0
38.05,-114.74999,2016-05-26 00:00:00,0,0.0
38.05,-114.649994,2016-05-26 00:00:00,0,0.0
38.05,-114.549995,2016-05-26 00:00:00,0,0.0
38.05,-114.45,2016-05-26 00:00:00,0,0.0
38.05,-114.35,2016-05-26 00:00:00,0,0.0
38.05,-114.24999,2016-05-26 00:00:00,0,0.0
38.150005,-124.34999,2016-05-26 00:00:00,0,0.0
38.150005,-124.25,2016-05-26 00:00:00,0,0.0
38.150005,-124.149994,2016-05-26 00:00:00,0,0.0
38.150005,-124.049995,2016-05-26 00:00:00,0,0.0
38.150005,-123.95,2016-05-26 00:00:00,0,0.0
38.150005,-123.84999,2016-05-26 00:00:00,0,0.0
38.150005,-123.75,2016-05-26 00:00:00,0,0.0
38.150005,-123.649994,2016-05-26 00:00:00,0,0.0
38.150005,-123.549995,2016-05-26 00:00:00,0,0.0
38.150005,-123.45,2016-05-26 00:00:00,0,0.0
38.150005,-123.34999,2016-05-26 00:00:00,0,0.0
38.150005,-123.25,2016-05-26 00:00:00,0,0.0
38.150005,-123.149994,2016-05-26 00:00:00,0,0.0
38.150005,-123.049995,2016-05-26 00:00:00,0,0.0
38.150005,-122.95,2016-05-26 00:00:00,0,0.0
38.150005,-122.84999,2016-05-26 00:00:00,0,0.0
38.150005,-122.75,2016-05-26 00:00:00,0,0.0
38.150005,-122.649994,2016-05-26 00:00:00,0,0.0
38.150005,-122.549995,2016-05-26 00:00:00,0,0.0
38.150005,-122.45,2016-05-26 00:00:00,0,0.0
38.150005,-122.34999,2016-05-26 00:00:00,0,0.0
38.150005,-122.25,2016-05-26 00:00:00,0,0.0
38.150005,-122.149994,2016-05-26 00:00:00,0,0.0
38.150005,-122.049995,2016-05-26 00:00:00,0,0.0398827
38.150005,-121.95,2016-05-26 00:00:00,0,0.04469867
38.150005,-121.84999,2016-05-26 00:00:00,0,0.061128125
38.150005,-121.75,2016-05-26 00:00:00,0,0.08
38.150005,-121.649994,2016-05-26 00:00:00,0,0.0
38.150005,-121.549995,2016-05-26 00:00:00,0,0.0
38.150005,-121.45,2016-05-26 00:00:00,0,0.008765383
38.150005,-121.34999,2016-05-26 00:00:00,0,0.0
38.150005,-121.25,2016-05-26 00:00:00,0,0.01202685
38.150005,-121.149994,2016-05-26 00:00:00,0,0.025429705
38.150005,-121.049995,2016-05-26 00:00:00,0,0.0
38.150005,-120.95,2016-05-26 00:00:00,0,0.0
38.150005,-120.84999,2016-05-26 00:00:00,0,0.0
38.150005,-120.75,2016-05-26 00:00:00,0,0.0
38.150005,-120.649994,2016-05-26 00:00:00,0,0.0
38.150005,-120.549995,2016-05-26 00:00:00,0,0.0
38.150005,-120.45,2016-05-26 00:00:00,0,0.0
38.150005,-120.34999,2016-05-26 00:00:00,0,0.0
38.150005,-120.25,2016-05-26 00:00:00,0,0.0
38.150005,-120.149994,2016-05-26 00:00:00,0,0.0
38.150005,-120.049995,2016-05-26 00:00:00,0,0.36214933
38.150005,-119.95,2016-05-26 00:00:00,0,0.9053912
38.150005,-119.84999,2016-05-26 00:00:00,0,1.2115719
38.150005,-119.75,2016-05-26 00:00:00,0,0.0
38.150005,-119.649994,2016-05-26 00:00:00,0,0.0004
38.150005,-119.549995,2016-05-26 00:00:00,0,0.023799999
38.150005,-119.45,2016-05-26 00:00:00,0,0.113800004
38.150005,-119.34999,2016-05-26 00:00:00,0,0.116799995
38.150005,-119.25,2016-05-26 00:00:00,0,2.3081112
38.150005,-119.149994,2016-05-26 00:00:00,0,2.2842717
38.150005,-119.049995,2016-05-26 00:00:00,0,2.3820128
38.150005,-118.95,2016-05-26 00:00:00,0,1.3750318
38.150005,-118.84999,2016-05-26 00:00:00,0,0.9390831
38.150005,-118.75,2016-05-26 00:00:00,0,0.0
38.150005,-118.649994,2016-05-26 00:00:00,0,0.0
38.150005,-118.549995,2016-05-26 00:00:00,0,0.0
38.150005,-118.45,2016-05-26 00:00:00,0,0.0
38.150005,-118.34999,2016-05-26 00:00:00,0,0.0
38.150005,-118.25,2016-05-26 00:00:00,0,0.0
38.150005,-118.149994,2016-05-26 00:00:00,0,0.0
38.150005,-118.049995,2016-05-26 00:00:00,0,0.0
38.150005,-117.95,2016-05-26 00:00:00,0,0.0
38.150005,-117.84999,2016-05-26 00:00:00,0,0.0
38.150005,-117.75,2016-05-26 00:00:00,0,0.0
38.150005,-117.649994,2016-05-26 00:00:00,0,0.0
38.150005,-117.549995,2016-05-26 00:00:00,0,0.0
38.150005,-117.45,2016-05-26 00:00:00,0,0.0
38.150005,-117.34999,2016-05-26 00:00:00,0,0.0
38.150005,-117.25,2016-05-26 00:00:00,0,0.0
38.150005,-117.149994,2016-05-26 00:00:00,0,0.0
38.150005,-117.049995,2016-05-26 00:00:00,0,0.0
38.150005,-116.95,2016-05-26 00:00:00,0,0.0
38.150005,-116.84999,2016-05-26 00:00:00,0,0.0
38.150005,-116.75,2016-05-26 00:00:00,0,0.0
38.150005,-116.649994,2016-05-26 00:00:00,0,0.0
38.150005,-116.549995,2016-05-26 00:00:00,0,0.0
38.150005,-116.45,2016-05-26 00:00:00,0,0.0
38.150005,-116.34999,2016-05-26 00:00:00,0,0.0
38.150005,-116.25,2016-05-26 00:00:00,0,0.0
38.150005,-116.149994,2016-05-26 00:00:00,0,0.0
38.150005,-116.049995,2016-05-26 00:00:00,0,0.0
38.150005,-115.95,2016-05-26 00:00:00,0,0.0
38.150005,-115.85,2016-05-26 00:00:00,0,0.0
38.150005,-115.74999,2016-05-26 00:00:00,0,0.0
38.150005,-115.649994,2016-05-26 00:00:00,0,0.0
38.150005,-115.549995,2016-05-26 00:00:00,0,0.0
38.150005,-115.45,2016-05-26 00:00:00,0,0.0
38.150005,-115.35,2016-05-26 00:00:00,0,0.0
38.150005,-115.24999,2016-05-26 00:00:00,0,0.0
38.150005,-115.149994,2016-05-26 00:00:00,0,0.0
38.150005,-115.049995,2016-05-26 00:00:00,0,0.0
38.150005,-114.95,2016-05-26 00:00:00,0,0.0
38.150005,-114.85,2016-05-26 00:00:00,0,0.0
38.150005,-114.74999,2016-05-26 00:00:00,0,0.0
38.150005,-114.649994,2016-05-26 00:00:00,0,0.0
38.150005,-114.549995,2016-05-26 00:00:00,0,0.0
38.150005,-114.45,2016-05-26 00:00:00,0,0.0
38.150005,-114.35,2016-05-26 00:00:00,0,0.0
38.150005,-114.24999,2016-05-26 00:00:00,0,0.0
38.249996,-124.34999,2016-05-26 00:00:00,0,0.0
38.249996,-124.25,2016-05-26 00:00:00,0,0.0
38.249996,-124.149994,2016-05-26 00:00:00,0,0.0
38.249996,-124.049995,2016-05-26 00:00:00,0,0.0
38.249996,-123.95,2016-05-26 00:00:00,0,0.0
38.249996,-123.84999,2016-05-26 00:00:00,0,0.0
38.249996,-123.75,2016-05-26 00:00:00,0,0.0
38.249996,-123.649994,2016-05-26 00:00:00,0,0.0
38.249996,-123.549995,2016-05-26 00:00:00,0,0.0
38.249996,-123.45,2016-05-26 00:00:00,0,0.0
38.249996,-123.34999,2016-05-26 00:00:00,0,0.0
38.249996,-123.25,2016-05-26 00:00:00,0,0.0
38.249996,-123.149994,2016-05-26 00:00:00,0,0.0
38.249996,-123.049995,2016-05-26 00:00:00,0,0.0
38.249996,-122.95,2016-05-26 00:00:00,0,0.0
38.249996,-122.84999,2016-05-26 00:00:00,0,0.0
38.249996,-122.75,2016-05-26 00:00:00,0,0.0
38.249996,-122.649994,2016-05-26 00:00:00,0,0.0
38.249996,-122.549995,2016-05-26 00:00:00,0,0.0
38.249996,-122.45,2016-05-26 00:00:00,0,0.0
38.249996,-122.34999,2016-05-26 00:00:00,0,0.00034630348
38.249996,-122.25,2016-05-26 00:00:00,0,0.0018854301
38.249996,-122.149994,2016-05-26 00:00:00,0,0.00038478166
38.249996,-122.049995,2016-05-26 00:00:00,0,0.0
38.249996,-121.95,2016-05-26 00:00:00,0,0.0
38.249996,-121.84999,2016-05-26 00:00:00,0,0.0
38.249996,-121.75,2016-05-26 00:00:00,0,0.0
38.249996,-121.649994,2016-05-26 00:00:00,0,0.0
38.249996,-121.549995,2016-05-26 00:00:00,0,0.07344381
38.249996,-121.45,2016-05-26 00:00:00,0,0.06574928
38.249996,-121.34999,2016-05-26 00:00:00,0,0.0
38.249996,-121.25,2016-05-26 00:00:00,0,0.01202685
38.249996,-121.149994,2016-05-26 00:00:00,0,0.01202685
38.249996,-121.049995,2016-05-26 00:00:00,0,0.0
38.249996,-120.95,2016-05-26 00:00:00,0,0.0
38.249996,-120.84999,2016-05-26 00:00:00,0,0.8663044
38.249996,-120.75,2016-05-26 00:00:00,0,0.0
38.249996,-120.649994,2016-05-26 00:00:00,0,0.0
38.249996,-120.549995,2016-05-26 00:00:00,0,0.0
38.249996,-120.45,2016-05-26 00:00:00,0,0.0
38.249996,-120.34999,2016-05-26 00:00:00,0,0.0
38.249996,-120.25,2016-05-26 00:00:00,0,0.0
38.249996,-120.149994,2016-05-26 00:00:00,0,0.0
38.249996,-120.049995,2016-05-26 00:00:00,0,0.32191047
38.249996,-119.95,2016-05-26 00:00:00,0,0.32191047
38.249996,-119.84999,2016-05-26 00:00:00,0,0.38256747
38.249996,-119.75,2016-05-26 00:00:00,0,0.24049498
38.249996,-119.649994,2016-05-26 00:00:00,0,0.0019999999
38.249996,-119.549995,2016-05-26 00:00:00,0,0.04
38.249996,-119.45,2016-05-26 00:00:00,0,1.8899289
38.249996,-119.34999,2016-05-26 00:00:00,0,4.936823
38.249996,-119.25,2016-05-26 00:00:00,0,2.8912961
38.249996,-119.149994,2016-05-26 00:00:00,0,2.8922489
38.249996,-119.049995,2016-05-26 00:00:00,0,2.8705654
38.249996,-118.95,2016-05-26 00:00:00,0,1.2362313
38.249996,-118.84999,2016-05-26 00:00:00,0,0.0
38.249996,-118.75,2016-05-26 00:00:00,0,0.0
38.249996,-118.649994,2016-05-26 00:00:00,0,0.0
38.249996,-118.549995,2016-05-26 00:00:00,0,0.0
38.249996,-118.45,2016-05-26 00:00:00,0,0.0
38.249996,-118.34999,2016-05-26 00:00:00,0,0.0
38.249996,-118.25,2016-05-26 00:00:00,0,0.0
38.249996,-118.149994,2016-05-26 00:00:00,0,0.0
38.249996,-118.049995,2016-05-26 00:00:00,0,0.0
38.249996,-117.95,2016-05-26 00:00:00,0,0.0
38.249996,-117.84999,2016-05-26 00:00:00,0,0.0
38.249996,-117.75,2016-05-26 00:00:00,0,0.0
38.249996,-117.649994,2016-05-26 00:00:00,0,0.0
38.249996,-117.549995,2016-05-26 00:00:00,0,0.0
38.249996,-117.45,2016-05-26 00:00:00,0,0.0
38.249996,-117.34999,2016-05-26 00:00:00,0,0.0
38.249996,-117.25,2016-05-26 00:00:00,0,0.0
38.249996,-117.149994,2016-05-26 00:00:00,0,0.0
38.249996,-117.049995,2016-05-26 00:00:00,0,0.0
38.249996,-116.95,2016-05-26 00:00:00,0,0.0
38.249996,-116.84999,2016-05-26 00:00:00,0,0.0
38.249996,-116.75,2016-05-26 00:00:00,0,0.0
38.249996,-116.649994,2016-05-26 00:00:00,0,0.0
38.249996,-116.549995,2016-05-26 00:00:00,0,0.0
38.249996,-116.45,2016-05-26 00:00:00,0,0.0
38.249996,-116.34999,2016-05-26 00:00:00,0,0.0
38.249996,-116.25,2016-05-26 00:00:00,0,0.0
38.249996,-116.149994,2016-05-26 00:00:00,0,0.0
38.249996,-116.049995,2016-05-26 00:00:00,0,0.0
38.249996,-115.95,2016-05-26 00:00:00,0,0.0
38.249996,-115.85,2016-05-26 00:00:00,0,0.0
38.249996,-115.74999,2016-05-26 00:00:00,0,0.0
38.249996,-115.649994,2016-05-26 00:00:00,0,0.0
38.249996,-115.549995,2016-05-26 00:00:00,0,0.0
38.249996,-115.45,2016-05-26 00:00:00,0,0.0
38.249996,-115.35,2016-05-26 00:00:00,0,0.0
38.249996,-115.24999,2016-05-26 00:00:00,0,0.0
38.249996,-115.149994,2016-05-26 00:00:00,0,0.0
38.249996,-115.049995,2016-05-26 00:00:00,0,0.0
38.249996,-114.95,2016-05-26 00:00:00,0,0.0
38.249996,-114.85,2016-05-26 00:00:00,0,0.0
38.249996,-114.74999,2016-05-26 00:00:00,0,0.0
38.249996,-114.649994,2016-05-26 00:00:00,0,0.0
38.249996,-114.549995,2016-05-26 00:00:00,0,0.0
38.249996,-114.45,2016-05-26 00:00:00,0,0.0
38.249996,-114.35,2016-05-26 00:00:00,0,0.0
38.249996,-114.24999,2016-05-26 00:00:00,0,0.0
38.350002,-124.34999,2016-05-26 00:00:00,0,0.0
38.350002,-124.25,2016-05-26 00:00:00,0,0.0
38.350002,-124.149994,2016-05-26 00:00:00,0,0.0
38.350002,-124.049995,2016-05-26 00:00:00,0,0.0
38.350002,-123.95,2016-05-26 00:00:00,0,0.0
38.350002,-123.84999,2016-05-26 00:00:00,0,0.0
38.350002,-123.75,2016-05-26 00:00:00,0,0.0
38.350002,-123.649994,2016-05-26 00:00:00,0,0.0
38.350002,-123.549995,2016-05-26 00:00:00,0,0.0
38.350002,-123.45,2016-05-26 00:00:00,0,0.0
38.350002,-123.34999,2016-05-26 00:00:00,0,0.0
38.350002,-123.25,2016-05-26 00:00:00,0,0.0
38.350002,-123.149994,2016-05-26 00:00:00,0,0.0
38.350002,-123.049995,2016-05-26 00:00:00,0,0.0
38.350002,-122.95,2016-05-26 00:00:00,0,0.0
38.350002,-122.84999,2016-05-26 00:00:00,0,0.0
38.350002,-122.75,2016-05-26 00:00:00,0,0.0
38.350002,-122.649994,2016-05-26 00:00:00,0,0.0
38.350002,-122.549995,2016-05-26 00:00:00,0,0.0
38.350002,-122.45,2016-05-26 00:00:00,0,0.0
38.350002,-122.34999,2016-05-26 00:00:00,0,0.0021932556
38.350002,-122.25,2016-05-26 00:00:00,0,0.011735843
38.350002,-122.149994,2016-05-26 00:00:00,0,0.0031552098
38.350002,-122.049995,2016-05-26 00:00:00,0,0.00015391267
38.350002,-121.95,2016-05-26 00:00:00,0,0.0
38.350002,-121.84999,2016-05-26 00:00:00,0,0.0
38.350002,-121.75,2016-05-26 00:00:00,0,0.0
38.350002,-121.649994,2016-05-26 00:00:00,0,0.02732053
38.350002,-121.549995,2016-05-26 00:00:00,0,0.2807479
38.350002,-121.45,2016-05-26 00:00:00,0,0.093937494
38.350002,-121.34999,2016-05-26 00:00:00,0,0.0
38.350002,-121.25,2016-05-26 00:00:00,0,0.0
38.350002,-121.149994,2016-05-26 00:00:00,0,0.0
38.350002,-121.049995,2016-05-26 00:00:00,0,0.0
38.350002,-120.95,2016-05-26 00:00:00,0,0.0
38.350002,-120.84999,2016-05-26 00:00:00,0,0.0
38.350002,-120.75,2016-05-26 00:00:00,0,0.0
38.350002,-120.649994,2016-05-26 00:00:00,0,0.0
38.350002,-120.549995,2016-05-26 00:00:00,0,0.0
38.350002,-120.45,2016-05-26 00:00:00,0,0.0
38.350002,-120.34999,2016-05-26 00:00:00,0,0.0
38.350002,-120.25,2016-05-26 00:00:00,0,0.0
38.350002,-120.149994,2016-05-26 00:00:00,0,0.0
38.350002,-120.049995,2016-05-26 00:00:00,0,0.044999998
38.350002,-119.95,2016-05-26 00:00:00,0,0.044999998
38.350002,-119.84999,2016-05-26 00:00:00,0,0.29872563
38.350002,-119.75,2016-05-26 00:00:00,0,0.40578803
38.350002,-119.649994,2016-05-26 00:00:00,0,0.0084
38.350002,-119.549995,2016-05-26 00:00:00,0,3.0385897
38.350002,-119.45,2016-05-26 00:00:00,0,3.2673378
38.350002,-119.34999,2016-05-26 00:00:00,0,2.525706
38.350002,-119.25,2016-05-26 00:00:00,0,2.5276997
38.350002,-119.149994,2016-05-26 00:00:00,0,6.13261
38.350002,-119.049995,2016-05-26 00:00:00,0,0.0
38.350002,-118.95,2016-05-26 00:00:00,0,0.0
38.350002,-118.84999,2016-05-26 00:00:00,0,0.0
38.350002,-118.75,2016-05-26 00:00:00,0,0.0
38.350002,-118.649994,2016-05-26 00:00:00,0,0.0
38.350002,-118.549995,2016-05-26 00:00:00,0,0.0
38.350002,-118.45,2016-05-26 00:00:00,0,0.0
38.350002,-118.34999,2016-05-26 00:00:00,0,0.0
38.350002,-118.25,2016-05-26 00:00:00,0,0.0
38.350002,-118.149994,2016-05-26 00:00:00,0,0.0
38.350002,-118.049995,2016-05-26 00:00:00,0,0.0
38.350002,-117.95,2016-05-26 00:00:00,0,0.0
38.350002,-117.84999,2016-05-26 00:00:00,0,0.0
38.350002,-117.75,2016-05-26 00:00:00,0,0.0
38.350002,-117.649994,2016-05-26 00:00:00,0,0.0
38.350002,-117.549995,2016-05-26 00:00:00,0,0.0
38.350002,-117.45,2016-05-26 00:00:00,0,0.0
38.350002,-117.34999,2016-05-26 00:00:00,0,0.0
38.350002,-117.25,2016-05-26 00:00:00,0,0.0
38.350002,-117.149994,2016-05-26 00:00:00,0,0.0
38.350002,-117.049995,2016-05-26 00:00:00,0,0.0
38.350002,-116.95,2016-05-26 00:00:00,0,0.0
38.350002,-116.84999,2016-05-26 00:00:00,0,0.0
38.350002,-116.75,2016-05-26 00:00:00,0,0.0
38.350002,-116.649994,2016-05-26 00:00:00,0,0.0
38.350002,-116.549995,2016-05-26 00:00:00,0,0.0
38.350002,-116.45,2016-05-26 00:00:00,0,0.0
38.350002,-116.34999,2016-05-26 00:00:00,0,0.0
38.350002,-116.25,2016-05-26 00:00:00,0,0.0
38.350002,-116.149994,2016-05-26 00:00:00,0,0.0
38.350002,-116.049995,2016-05-26 00:00:00,0,0.0
38.350002,-115.95,2016-05-26 00:00:00,0,0.0
38.350002,-115.85,2016-05-26 00:00:00,0,0.0
38.350002,-115.74999,2016-05-26 00:00:00,0,0.0
38.350002,-115.649994,2016-05-26 00:00:00,0,0.0
38.350002,-115.549995,2016-05-26 00:00:00,0,0.0
38.350002,-115.45,2016-05-26 00:00:00,0,0.0
38.350002,-115.35,2016-05-26 00:00:00,0,0.0
38.350002,-115.24999,2016-05-26 00:00:00,0,0.0
38.350002,-115.149994,2016-05-26 00:00:00,0,0.0
38.350002,-115.049995,2016-05-26 00:00:00,0,0.0
38.350002,-114.95,2016-05-26 00:00:00,0,0.0
38.350002,-114.85,2016-05-26 00:00:00,0,0.0
38.350002,-114.74999,2016-05-26 00:00:00,0,0.0
38.350002,-114.649994,2016-05-26 00:00:00,0,0.0
38.350002,-114.549995,2016-05-26 00:00:00,0,0.0
38.350002,-114.45,2016-05-26 00:00:00,0,0.0
38.350002,-114.35,2016-05-26 00:00:00,0,0.0
38.350002,-114.24999,2016-05-26 00:00:00,0,0.0
38.45001,-124.34999,2016-05-26 00:00:00,0,0.0
38.45001,-124.25,2016-05-26 00:00:00,0,0.0
38.45001,-124.149994,2016-05-26 00:00:00,0,0.0
38.45001,-124.049995,2016-05-26 00:00:00,0,0.0
38.45001,-123.95,2016-05-26 00:00:00,0,0.0
38.45001,-123.84999,2016-05-26 00:00:00,0,0.0
38.45001,-123.75,2016-05-26 00:00:00,0,0.0
38.45001,-123.649994,2016-05-26 00:00:00,0,0.0
38.45001,-123.549995,2016-05-26 00:00:00,0,0.0
38.45001,-123.45,2016-05-26 00:00:00,0,0.0
38.45001,-123.34999,2016-05-26 00:00:00,0,0.0
38.45001,-123.25,2016-05-26 00:00:00,0,0.0
38.45001,-123.149994,2016-05-26 00:00:00,0,0.0
38.45001,-123.049995,2016-05-26 00:00:00,0,0.0
38.45001,-122.95,2016-05-26 00:00:00,0,0.0
38.45001,-122.84999,2016-05-26 00:00:00,0,0.0
38.45001,-122.75,2016-05-26 00:00:00,0,0.0
38.45001,-122.649994,2016-05-26 00:00:00,0,0.0
38.45001,-122.549995,2016-05-26 00:00:00,0,0.0
38.45001,-122.45,2016-05-26 00:00:00,0,0.0
38.45001,-122.34999,2016-05-26 00:00:00,0,0.0029051125
38.45001,-122.25,2016-05-26 00:00:00,0,0.017770562
38.45001,-122.149994,2016-05-26 00:00:00,0,0.01595135
38.45001,-122.049995,2016-05-26 00:00:00,0,0.0044634673
38.45001,-121.95,2016-05-26 00:00:00,0,0.00024537233
38.45001,-121.84999,2016-05-26 00:00:00,0,0.153415
38.45001,-121.75,2016-05-26 00:00:00,0,0.0
38.45001,-121.649994,2016-05-26 00:00:00,0,0.25569168
38.45001,-121.549995,2016-05-26 00:00:00,0,0.3953689
38.45001,-121.45,2016-05-26 00:00:00,0,0.062001638
38.45001,-121.34999,2016-05-26 00:00:00,0,0.0
38.45001,-121.25,2016-05-26 00:00:00,0,0.0
38.45001,-121.149994,2016-05-26 00:00:00,0,0.0
38.45001,-121.049995,2016-05-26 00:00:00,0,0.0
38.45001,-120.95,2016-05-26 00:00:00,0,0.0
38.45001,-120.84999,2016-05-26 00:00:00,0,0.0
38.45001,-120.75,2016-05-26 00:00:00,0,0.0
38.45001,-120.649994,2016-05-26 00:00:00,0,0.0
38.45001,-120.549995,2016-05-26 00:00:00,0,0.0
38.45001,-120.45,2016-05-26 00:00:00,0,0.0
38.45001,-120.34999,2016-05-26 00:00:00,0,0.063747905
38.45001,-120.25,2016-05-26 00:00:00,0,0.035
38.45001,-120.149994,2016-05-26 00:00:00,0,0.0
38.45001,-120.049995,2016-05-26 00:00:00,0,0.0
38.45001,-119.95,2016-05-26 00:00:00,0,0.025429705
38.45001,-119.84999,2016-05-26 00:00:00,0,1.3442655
38.45001,-119.75,2016-05-26 00:00:00,0,1.5533733
38.45001,-119.649994,2016-05-26 00:00:00,0,2.5690405
38.45001,-119.549995,2016-05-26 00:00:00,0,0.021460699
38.45001,-119.45,2016-05-26 00:00:00,0,0.06169951
38.45001,-119.34999,2016-05-26 00:00:00,0,2.71364
38.45001,-119.25,2016-05-26 00:00:00,0,3.014581
38.45001,-119.149994,2016-05-26 00:00:00,0,0.0
38.45001,-119.049995,2016-05-26 00:00:00,0,0.0
38.45001,-118.95,2016-05-26 00:00:00,0,0.0
38.45001,-118.84999,2016-05-26 00:00:00,0,0.0
38.45001,-118.75,2016-05-26 00:00:00,0,0.0
38.45001,-118.649994,2016-05-26 00:00:00,0,0.0
38.45001,-118.549995,2016-05-26 00:00:00,0,0.0
38.45001,-118.45,2016-05-26 00:00:00,0,0.0
38.45001,-118.34999,2016-05-26 00:00:00,0,0.0
38.45001,-118.25,2016-05-26 00:00:00,0,0.0
38.45001,-118.149994,2016-05-26 00:00:00,0,0.0
38.45001,-118.049995,2016-05-26 00:00:00,0,0.0
38.45001,-117.95,2016-05-26 00:00:00,0,0.0
38.45001,-117.84999,2016-05-26 00:00:00,0,0.0
38.45001,-117.75,2016-05-26 00:00:00,0,0.0
38.45001,-117.649994,2016-05-26 00:00:00,0,0.0
38.45001,-117.549995,2016-05-26 00:00:00,0,0.0
38.45001,-117.45,2016-05-26 00:00:00,0,0.0
38.45001,-117.34999,2016-05-26 00:00:00,0,0.0
38.45001,-117.25,2016-05-26 00:00:00,0,0.0
38.45001,-117.149994,2016-05-26 00:00:00,0,0.0
38.45001,-117.049995,2016-05-26 00:00:00,0,0.0
38.45001,-116.95,2016-05-26 00:00:00,0,0.0
38.45001,-116.84999,2016-05-26 00:00:00,0,0.0
38.45001,-116.75,2016-05-26 00:00:00,0,0.0
38.45001,-116.649994,2016-05-26 00:00:00,0,0.0
38.45001,-116.549995,2016-05-26 00:00:00,0,0.0
38.45001,-116.45,2016-05-26 00:00:00,0,0.0
38.45001,-116.34999,2016-05-26 00:00:00,0,0.0
38.45001,-116.25,2016-05-26 00:00:00,0,0.0
38.45001,-116.149994,2016-05-26 00:00:00,0,0.0
38.45001,-116.049995,2016-05-26 00:00:00,0,0.0
38.45001,-115.95,2016-05-26 00:00:00,0,0.0
38.45001,-115.85,2016-05-26 00:00:00,0,0.0
38.45001,-115.74999,2016-05-26 00:00:00,0,0.0
38.45001,-115.649994,2016-05-26 00:00:00,0,0.0
38.45001,-115.549995,2016-05-26 00:00:00,0,0.0
38.45001,-115.45,2016-05-26 00:00:00,0,0.0
38.45001,-115.35,2016-05-26 00:00:00,0,0.0
38.45001,-115.24999,2016-05-26 00:00:00,0,0.0
38.45001,-115.149994,2016-05-26 00:00:00,0,0.0
38.45001,-115.049995,2016-05-26 00:00:00,0,0.0
38.45001,-114.95,2016-05-26 00:00:00,0,0.0
38.45001,-114.85,2016-05-26 00:00:00,0,0.0
38.45001,-114.74999,2016-05-26 00:00:00,0,0.0
38.45001,-114.649994,2016-05-26 00:00:00,0,0.0
38.45001,-114.549995,2016-05-26 00:00:00,0,0.0
38.45001,-114.45,2016-05-26 00:00:00,0,0.0
38.45001,-114.35,2016-05-26 00:00:00,0,0.0
38.45001,-114.24999,2016-05-26 00:00:00,0,0.0
38.55,-124.34999,2016-05-26 00:00:00,0,0.0
38.55,-124.25,2016-05-26 00:00:00,0,0.0
38.55,-124.149994,2016-05-26 00:00:00,0,0.0
38.55,-124.049995,2016-05-26 00:00:00,0,0.0
38.55,-123.95,2016-05-26 00:00:00,0,0.0
38.55,-123.84999,2016-05-26 00:00:00,0,0.0
38.55,-123.75,2016-05-26 00:00:00,0,0.0
38.55,-123.649994,2016-05-26 00:00:00,0,0.0
38.55,-123.549995,2016-05-26 00:00:00,0,0.0
38.55,-123.45,2016-05-26 00:00:00,0,0.0
38.55,-123.34999,2016-05-26 00:00:00,0,0.0
38.55,-123.25,2016-05-26 00:00:00,0,0.0
38.55,-123.149994,2016-05-26 00:00:00,0,0.0
38.55,-123.049995,2016-05-26 00:00:00,0,0.0
38.55,-122.95,2016-05-26 00:00:00,0,0.0
38.55,-122.84999,2016-05-26 00:00:00,0,0.0
38.55,-122.75,2016-05-26 00:00:00,0,0.0
38.55,-122.649994,2016-05-26 00:00:00,0,0.0
38.55,-122.549995,2016-05-26 00:00:00,0,0.0
38.55,-122.45,2016-05-26 00:00:00,0,0.0
38.55,-122.34999,2016-05-26 00:00:00,0,0.16439837
38.55,-122.25,2016-05-26 00:00:00,0,0.20948997
38.55,-122.149994,2016-05-26 00:00:00,0,0.27981848
38.55,-122.049995,2016-05-26 00:00:00,0,0.89218086
38.55,-121.95,2016-05-26 00:00:00,0,0.5793166
38.55,-121.84999,2016-05-26 00:00:00,0,0.8141789
38.55,-121.75,2016-05-26 00:00:00,0,0.16072048
38.55,-121.649994,2016-05-26 00:00:00,0,0.28495222
38.55,-121.549995,2016-05-26 00:00:00,0,0.45500368
38.55,-121.45,2016-05-26 00:00:00,0,0.27727482
38.55,-121.34999,2016-05-26 00:00:00,0,0.0
38.55,-121.25,2016-05-26 00:00:00,0,0.0
38.55,-121.149994,2016-05-26 00:00:00,0,0.0
38.55,-121.049995,2016-05-26 00:00:00,0,0.0
38.55,-120.95,2016-05-26 00:00:00,0,0.0
38.55,-120.84999,2016-05-26 00:00:00,0,0.0
38.55,-120.75,2016-05-26 00:00:00,0,0.0
38.55,-120.649994,2016-05-26 00:00:00,0,0.0
38.55,-120.549995,2016-05-26 00:00:00,0,0.0
38.55,-120.45,2016-05-26 00:00:00,0,0.0
38.55,-120.34999,2016-05-26 00:00:00,0,0.0
38.55,-120.25,2016-05-26 00:00:00,0,0.037556224
38.55,-120.149994,2016-05-26 00:00:00,0,0.10435215
38.55,-120.049995,2016-05-26 00:00:00,0,0.0
38.55,-119.95,2016-05-26 00:00:00,0,1.7237229
38.55,-119.84999,2016-05-26 00:00:00,0,0.15257823
38.55,-119.75,2016-05-26 00:00:00,0,0.0
38.55,-119.649994,2016-05-26 00:00:00,0,0.013412937
38.55,-119.549995,2016-05-26 00:00:00,0,0.013412937
38.55,-119.45,2016-05-26 00:00:00,0,0.06706469
38.55,-119.34999,2016-05-26 00:00:00,0,0.0
38.55,-119.25,2016-05-26 00:00:00,0,0.0
38.55,-119.149994,2016-05-26 00:00:00,0,0.0
38.55,-119.049995,2016-05-26 00:00:00,0,0.0
38.55,-118.95,2016-05-26 00:00:00,0,0.0
38.55,-118.84999,2016-05-26 00:00:00,0,0.0
38.55,-118.75,2016-05-26 00:00:00,0,0.0
38.55,-118.649994,2016-05-26 00:00:00,0,0.0
38.55,-118.549995,2016-05-26 00:00:00,0,0.0
38.55,-118.45,2016-05-26 00:00:00,0,0.0
38.55,-118.34999,2016-05-26 00:00:00,0,0.0
38.55,-118.25,2016-05-26 00:00:00,0,0.0
38.55,-118.149994,2016-05-26 00:00:00,0,0.0
38.55,-118.049995,2016-05-26 00:00:00,0,0.0
38.55,-117.95,2016-05-26 00:00:00,0,0.0
38.55,-117.84999,2016-05-26 00:00:00,0,0.0
38.55,-117.75,2016-05-26 00:00:00,0,0.0
38.55,-117.649994,2016-05-26 00:00:00,0,0.0
38.55,-117.549995,2016-05-26 00:00:00,0,0.0
38.55,-117.45,2016-05-26 00:00:00,0,0.0
38.55,-117.34999,2016-05-26 00:00:00,0,0.0
38.55,-117.25,2016-05-26 00:00:00,0,0.0
38.55,-117.149994,2016-05-26 00:00:00,0,0.0
38.55,-117.049995,2016-05-26 00:00:00,0,0.0
38.55,-116.95,2016-05-26 00:00:00,0,0.0
38.55,-116.84999,2016-05-26 00:00:00,0,0.0
38.55,-116.75,2016-05-26 00:00:00,0,0.0
38.55,-116.649994,2016-05-26 00:00:00,0,0.0
38.55,-116.549995,2016-05-26 00:00:00,0,0.0
38.55,-116.45,2016-05-26 00:00:00,0,0.0
38.55,-116.34999,2016-05-26 00:00:00,0,0.0
38.55,-116.25,2016-05-26 00:00:00,0,0.0
38.55,-116.149994,2016-05-26 00:00:00,0,0.0
38.55,-116.049995,2016-05-26 00:00:00,0,0.0
38.55,-115.95,2016-05-26 00:00:00,0,0.0
38.55,-115.85,2016-05-26 00:00:00,0,0.0
38.55,-115.74999,2016-05-26 00:00:00,0,0.0
38.55,-115.649994,2016-05-26 00:00:00,0,0.0
38.55,-115.549995,2016-05-26 00:00:00,0,0.0
38.55,-115.45,2016-05-26 00:00:00,0,0.0
38.55,-115.35,2016-05-26 00:00:00,0,0.0
38.55,-115.24999,2016-05-26 00:00:00,0,0.0
38.55,-115.149994,2016-05-26 00:00:00,0,0.0
38.55,-115.049995,2016-05-26 00:00:00,0,0.0
38.55,-114.95,2016-05-26 00:00:00,0,0.0
38.55,-114.85,2016-05-26 00:00:00,0,0.0
38.55,-114.74999,2016-05-26 00:00:00,0,0.0
38.55,-114.649994,2016-05-26 00:00:00,0,0.0
38.55,-114.549995,2016-05-26 00:00:00,0,0.0
38.55,-114.45,2016-05-26 00:00:00,0,0.0
38.55,-114.35,2016-05-26 00:00:00,0,0.0
38.55,-114.24999,2016-05-26 00:00:00,0,0.0
38.650005,-124.34999,2016-05-26 00:00:00,0,0.0
38.650005,-124.25,2016-05-26 00:00:00,0,0.0
38.650005,-124.149994,2016-05-26 00:00:00,0,0.0
38.650005,-124.049995,2016-05-26 00:00:00,0,0.0
38.650005,-123.95,2016-05-26 00:00:00,0,0.0
38.650005,-123.84999,2016-05-26 00:00:00,0,0.0
38.650005,-123.75,2016-05-26 00:00:00,0,0.0
38.650005,-123.649994,2016-05-26 00:00:00,0,0.0
38.650005,-123.549995,2016-05-26 00:00:00,0,0.0
38.650005,-123.45,2016-05-26 00:00:00,0,0.0
38.650005,-123.34999,2016-05-26 00:00:00,0,0.0
38.650005,-123.25,2016-05-26 00:00:00,0,0.0
38.650005,-123.149994,2016-05-26 00:00:00,0,0.0
38.650005,-123.049995,2016-05-26 00:00:00,0,0.0
38.650005,-122.95,2016-05-26 00:00:00,0,0.0
38.650005,-122.84999,2016-05-26 00:00:00,0,0.0
38.650005,-122.75,2016-05-26 00:00:00,0,0.0
38.650005,-122.649994,2016-05-26 00:00:00,0,0.0059017283
38.650005,-122.549995,2016-05-26 00:00:00,0,0.0038251944
38.650005,-122.45,2016-05-26 00:00:00,0,0.06110747
38.650005,-122.34999,2016-05-26 00:00:00,0,0.16446264
38.650005,-122.25,2016-05-26 00:00:00,0,0.4124685
38.650005,-122.149994,2016-05-26 00:00:00,0,1.0397049
38.650005,-122.049995,2016-05-26 00:00:00,0,2.4310703
38.650005,-121.95,2016-05-26 00:00:00,0,0.9809396
38.650005,-121.84999,2016-05-26 00:00:00,0,0.8318906
38.650005,-121.75,2016-05-26 00:00:00,0,0.78426135
38.650005,-121.649994,2016-05-26 00:00:00,0,0.5259435
38.650005,-121.549995,2016-05-26 00:00:00,0,1.2394323
38.650005,-121.45,2016-05-26 00:00:00,0,0.20764534
38.650005,-121.34999,2016-05-26 00:00:00,0,0.0
38.650005,-121.25,2016-05-26 00:00:00,0,0.0
38.650005,-121.149994,2016-05-26 00:00:00,0,0.0
38.650005,-121.049995,2016-05-26 00:00:00,0,0.0
38.650005,-120.95,2016-05-26 00:00:00,0,0.0
38.650005,-120.84999,2016-05-26 00:00:00,0,0.0
38.650005,-120.75,2016-05-26 00:00:00,0,0.0
38.650005,-120.649994,2016-05-26 00:00:00,0,0.0
38.650005,-120.549995,2016-05-26 00:00:00,0,0.0
38.650005,-120.45,2016-05-26 00:00:00,0,0.13949454
38.650005,-120.34999,2016-05-26 00:00:00,0,0.13949454
38.650005,-120.25,2016-05-26 00:00:00,0,0.037556224
38.650005,-120.149994,2016-05-26 00:00:00,0,0.11108054
38.650005,-120.049995,2016-05-26 00:00:00,0,1.1529671
38.650005,-119.95,2016-05-26 00:00:00,0,3.2385266
38.650005,-119.84999,2016-05-26 00:00:00,0,1.7027364
38.650005,-119.75,2016-05-26 00:00:00,0,0.0
38.650005,-119.649994,2016-05-26 00:00:00,0,0.0
38.650005,-119.549995,2016-05-26 00:00:00,0,0.0
38.650005,-119.45,2016-05-26 00:00:00,0,0.0
38.650005,-119.34999,2016-05-26 00:00:00,0,0.0
38.650005,-119.25,2016-05-26 00:00:00,0,0.0
38.650005,-119.149994,2016-05-26 00:00:00,0,0.0
38.650005,-119.049995,2016-05-26 00:00:00,0,0.0
38.650005,-118.95,2016-05-26 00:00:00,0,0.0
38.650005,-118.84999,2016-05-26 00:00:00,0,0.0
38.650005,-118.75,2016-05-26 00:00:00,0,0.0
38.650005,-118.649994,2016-05-26 00:00:00,0,0.0
38.650005,-118.549995,2016-05-26 00:00:00,0,0.0
38.650005,-118.45,2016-05-26 00:00:00,0,0.0
38.650005,-118.34999,2016-05-26 00:00:00,0,0.0
38.650005,-118.25,2016-05-26 00:00:00,0,0.0
38.650005,-118.149994,2016-05-26 00:00:00,0,0.0
38.650005,-118.049995,2016-05-26 00:00:00,0,0.0
38.650005,-117.95,2016-05-26 00:00:00,0,0.0
38.650005,-117.84999,2016-05-26 00:00:00,0,0.0
38.650005,-117.75,2016-05-26 00:00:00,0,0.0
38.650005,-117.649994,2016-05-26 00:00:00,0,0.0
38.650005,-117.549995,2016-05-26 00:00:00,0,0.0
38.650005,-117.45,2016-05-26 00:00:00,0,0.0
38.650005,-117.34999,2016-05-26 00:00:00,0,0.0
38.650005,-117.25,2016-05-26 00:00:00,0,0.0
38.650005,-117.149994,2016-05-26 00:00:00,0,0.0
38.650005,-117.049995,2016-05-26 00:00:00,0,0.0
38.650005,-116.95,2016-05-26 00:00:00,0,0.0
38.650005,-116.84999,2016-05-26 00:00:00,0,0.0
38.650005,-116.75,2016-05-26 00:00:00,0,0.0
38.650005,-116.649994,2016-05-26 00:00:00,0,0.0
38.650005,-116.549995,2016-05-26 00:00:00,0,0.0
38.650005,-116.45,2016-05-26 00:00:00,0,0.0
38.650005,-116.34999,2016-05-26 00:00:00,0,0.0
38.650005,-116.25,2016-05-26 00:00:00,0,0.0
38.650005,-116.149994,2016-05-26 00:00:00,0,0.0
38.650005,-116.049995,2016-05-26 00:00:00,0,0.0
38.650005,-115.95,2016-05-26 00:00:00,0,0.0
38.650005,-115.85,2016-05-26 00:00:00,0,0.0
38.650005,-115.74999,2016-05-26 00:00:00,0,0.0
38.650005,-115.649994,2016-05-26 00:00:00,0,0.0
38.650005,-115.549995,2016-05-26 00:00:00,0,0.0
38.650005,-115.45,2016-05-26 00:00:00,0,0.0
38.650005,-115.35,2016-05-26 00:00:00,0,0.0
38.650005,-115.24999,2016-05-26 00:00:00,0,0.0
38.650005,-115.149994,2016-05-26 00:00:00,0,0.0
38.650005,-115.049995,2016-05-26 00:00:00,0,0.0
38.650005,-114.95,2016-05-26 00:00:00,0,0.0
38.650005,-114.85,2016-05-26 00:00:00,0,0.0
38.650005,-114.74999,2016-05-26 00:00:00,0,0.0
38.650005,-114.649994,2016-05-26 00:00:00,0,0.0
38.650005,-114.549995,2016-05-26 00:00:00,0,0.0
38.650005,-114.45,2016-05-26 00:00:00,0,0.0
38.650005,-114.35,2016-05-26 00:00:00,0,0.0
38.650005,-114.24999,2016-05-26 00:00:00,0,0.0
38.749996,-124.34999,2016-05-26 00:00:00,0,0.0
38.749996,-124.25,2016-05-26 00:00:00,0,0.0
38.749996,-124.149994,2016-05-26 00:00:00,0,0.0
38.749996,-124.049995,2016-05-26 00:00:00,0,0.0
38.749996,-123.95,2016-05-26 00:00:00,0,0.0
38.749996,-123.84999,2016-05-26 00:00:00,0,0.0
38.749996,-123.75,2016-05-26 00:00:00,0,0.0
38.749996,-123.649994,2016-05-26 00:00:00,0,0.0
38.749996,-123.549995,2016-05-26 00:00:00,0,0.0
38.749996,-123.45,2016-05-26 00:00:00,0,0.06357426
38.749996,-123.34999,2016-05-26 00:00:00,0,0.0
38.749996,-123.25,2016-05-26 00:00:00,0,0.0
38.749996,-123.149994,2016-05-26 00:00:00,0,0.0
38.749996,-123.049995,2016-05-26 00:00:00,0,0.0
38.749996,-122.95,2016-05-26 00:00:00,0,0.0
38.749996,-122.84999,2016-05-26 00:00:00,0,0.0
38.749996,-122.75,2016-05-26 00:00:00,0,0.014252134
38.749996,-122.649994,2016-05-26 00:00:00,0,0.033496358
38.749996,-122.549995,2016-05-26 00:00:00,0,0.33596432
38.749996,-122.45,2016-05-26 00:00:00,0,0.07935961
38.749996,-122.34999,2016-05-26 00:00:00,0,0.08680122
38.749996,-122.25,2016-05-26 00:00:00,0,0.23311268
38.749996,-122.149994,2016-05-26 00:00:00,0,1.418052
38.749996,-122.049995,2016-05-26 00:00:00,0,1.9085479
38.749996,-121.95,2016-05-26 00:00:00,0,1.9939806
38.749996,-121.84999,2016-05-26 00:00:00,0,2.0505402
38.749996,-121.75,2016-05-26 00:00:00,0,0.66020465
38.749996,-121.649994,2016-05-26 00:00:00,0,0.44153374
38.749996,-121.549995,2016-05-26 00:00:00,0,0.5795911
38.749996,-121.45,2016-05-26 00:00:00,0,0.09064077
38.749996,-121.34999,2016-05-26 00:00:00,0,0.04
38.749996,-121.25,2016-05-26 00:00:00,0,0.0
38.749996,-121.149994,2016-05-26 00:00:00,0,0.0
38.749996,-121.049995,2016-05-26 00:00:00,0,3.8834333
38.749996,-120.95,2016-05-26 00:00:00,0,0.0
38.749996,-120.84999,2016-05-26 00:00:00,0,0.0
38.749996,-120.75,2016-05-26 00:00:00,0,0.0
38.749996,-120.649994,2016-05-26 00:00:00,0,0.0
38.749996,-120.549995,2016-05-26 00:00:00,0,0.0
38.749996,-120.45,2016-05-26 00:00:00,0,0.06974727
38.749996,-120.34999,2016-05-26 00:00:00,0,0.07242986
38.749996,-120.25,2016-05-26 00:00:00,0,0.1287642
38.749996,-120.149994,2016-05-26 00:00:00,0,0.52130896
38.749996,-120.049995,2016-05-26 00:00:00,0,0.0
38.749996,-119.95,2016-05-26 00:00:00,0,1.6131183
38.749996,-119.84999,2016-05-26 00:00:00,0,0.0
38.749996,-119.75,2016-05-26 00:00:00,0,0.1457095
38.749996,-119.649994,2016-05-26 00:00:00,0,0.08
38.749996,-119.549995,2016-05-26 00:00:00,0,0.0
38.749996,-119.45,2016-05-26 00:00:00,0,0.0
38.749996,-119.34999,2016-05-26 00:00:00,0,0.0
38.749996,-119.25,2016-05-26 00:00:00,0,0.0
38.749996,-119.149994,2016-05-26 00:00:00,0,0.0
38.749996,-119.049995,2016-05-26 00:00:00,0,0.0
38.749996,-118.95,2016-05-26 00:00:00,0,0.0
38.749996,-118.84999,2016-05-26 00:00:00,0,0.0
38.749996,-118.75,2016-05-26 00:00:00,0,0.0
38.749996,-118.649994,2016-05-26 00:00:00,0,0.0
38.749996,-118.549995,2016-05-26 00:00:00,0,0.0
38.749996,-118.45,2016-05-26 00:00:00,0,0.0
38.749996,-118.34999,2016-05-26 00:00:00,0,0.0
38.749996,-118.25,2016-05-26 00:00:00,0,0.0
38.749996,-118.149994,2016-05-26 00:00:00,0,0.0
38.749996,-118.049995,2016-05-26 00:00:00,0,0.0
38.749996,-117.95,2016-05-26 00:00:00,0,0.0
38.749996,-117.84999,2016-05-26 00:00:00,0,0.0
38.749996,-117.75,2016-05-26 00:00:00,0,0.0
38.749996,-117.649994,2016-05-26 00:00:00,0,0.0
38.749996,-117.549995,2016-05-26 00:00:00,0,0.0
38.749996,-117.45,2016-05-26 00:00:00,0,0.0
38.749996,-117.34999,2016-05-26 00:00:00,0,0.0
38.749996,-117.25,2016-05-26 00:00:00,0,0.0
38.749996,-117.149994,2016-05-26 00:00:00,0,0.0
38.749996,-117.049995,2016-05-26 00:00:00,0,0.0
38.749996,-116.95,2016-05-26 00:00:00,0,0.0
38.749996,-116.84999,2016-05-26 00:00:00,0,0.0
38.749996,-116.75,2016-05-26 00:00:00,0,0.0
38.749996,-116.649994,2016-05-26 00:00:00,0,0.0
38.749996,-116.549995,2016-05-26 00:00:00,0,0.0
38.749996,-116.45,2016-05-26 00:00:00,0,0.0
38.749996,-116.34999,2016-05-26 00:00:00,0,0.0
38.749996,-116.25,2016-05-26 00:00:00,0,0.0
38.749996,-116.149994,2016-05-26 00:00:00,0,0.0
38.749996,-116.049995,2016-05-26 00:00:00,0,0.0
38.749996,-115.95,2016-05-26 00:00:00,0,0.0
38.749996,-115.85,2016-05-26 00:00:00,0,0.0
38.749996,-115.74999,2016-05-26 00:00:00,0,0.0
38.749996,-115.649994,2016-05-26 00:00:00,0,0.0
38.749996,-115.549995,2016-05-26 00:00:00,0,0.0
38.749996,-115.45,2016-05-26 00:00:00,0,0.0
38.749996,-115.35,2016-05-26 00:00:00,0,0.0
38.749996,-115.24999,2016-05-26 00:00:00,0,0.0
38.749996,-115.149994,2016-05-26 00:00:00,0,0.0
38.749996,-115.049995,2016-05-26 00:00:00,0,0.0
38.749996,-114.95,2016-05-26 00:00:00,0,0.0
38.749996,-114.85,2016-05-26 00:00:00,0,0.0
38.749996,-114.74999,2016-05-26 00:00:00,0,0.0
38.749996,-114.649994,2016-05-26 00:00:00,0,0.0
38.749996,-114.549995,2016-05-26 00:00:00,0,0.0
38.749996,-114.45,2016-05-26 00:00:00,0,0.0
38.749996,-114.35,2016-05-26 00:00:00,0,0.0
38.749996,-114.24999,2016-05-26 00:00:00,0,0.0
38.850002,-124.34999,2016-05-26 00:00:00,0,0.0
38.850002,-124.25,2016-05-26 00:00:00,0,0.0
38.850002,-124.149994,2016-05-26 00:00:00,0,0.0
38.850002,-124.049995,2016-05-26 00:00:00,0,0.0
38.850002,-123.95,2016-05-26 00:00:00,0,0.0
38.850002,-123.84999,2016-05-26 00:00:00,0,0.0
38.850002,-123.75,2016-05-26 00:00:00,0,0.0
38.850002,-123.649994,2016-05-26 00:00:00,0,0.0
38.850002,-123.549995,2016-05-26 00:00:00,0,0.0
38.850002,-123.45,2016-05-26 00:00:00,0,0.0
38.850002,-123.34999,2016-05-26 00:00:00,0,0.0
38.850002,-123.25,2016-05-26 00:00:00,0,0.0
38.850002,-123.149994,2016-05-26 00:00:00,0,0.0
38.850002,-123.049995,2016-05-26 00:00:00,0,0.0
38.850002,-122.95,2016-05-26 00:00:00,0,0.0
38.850002,-122.84999,2016-05-26 00:00:00,0,0.029732596
38.850002,-122.75,2016-05-26 00:00:00,0,0.05685255
38.850002,-122.649994,2016-05-26 00:00:00,0,0.094172195
38.850002,-122.549995,2016-05-26 00:00:00,0,0.7363187
38.850002,-122.45,2016-05-26 00:00:00,0,0.18514097
38.850002,-122.34999,2016-05-26 00:00:00,0,0.36314654
38.850002,-122.25,2016-05-26 00:00:00,0,0.22324447
38.850002,-122.149994,2016-05-26 00:00:00,0,0.99049795
38.850002,-122.049995,2016-05-26 00:00:00,0,1.2338662
38.850002,-121.95,2016-05-26 00:00:00,0,1.2650925
38.850002,-121.84999,2016-05-26 00:00:00,0,1.4674444
38.850002,-121.75,2016-05-26 00:00:00,0,0.23703137
38.850002,-121.649994,2016-05-26 00:00:00,0,0.85964125
38.850002,-121.549995,2016-05-26 00:00:00,0,1.0199761
38.850002,-121.45,2016-05-26 00:00:00,0,0.5779187
38.850002,-121.34999,2016-05-26 00:00:00,0,0.4991973
38.850002,-121.25,2016-05-26 00:00:00,0,0.0
38.850002,-121.149994,2016-05-26 00:00:00,0,0.0
38.850002,-121.049995,2016-05-26 00:00:00,0,0.0
38.850002,-120.95,2016-05-26 00:00:00,0,0.0
38.850002,-120.84999,2016-05-26 00:00:00,0,0.0
38.850002,-120.75,2016-05-26 00:00:00,0,0.0
38.850002,-120.649994,2016-05-26 00:00:00,0,0.0
38.850002,-120.549995,2016-05-26 00:00:00,0,0.0
38.850002,-120.45,2016-05-26 00:00:00,0,0.034873635
38.850002,-120.34999,2016-05-26 00:00:00,0,0.0643821
38.850002,-120.25,2016-05-26 00:00:00,0,0.06706469
38.850002,-120.149994,2016-05-26 00:00:00,0,0.0
38.850002,-120.049995,2016-05-26 00:00:00,0,3.2561102
38.850002,-119.95,2016-05-26 00:00:00,0,0.0
38.850002,-119.84999,2016-05-26 00:00:00,0,0.0
38.850002,-119.75,2016-05-26 00:00:00,0,0.0
38.850002,-119.649994,2016-05-26 00:00:00,0,0.0
38.850002,-119.549995,2016-05-26 00:00:00,0,0.0
38.850002,-119.45,2016-05-26 00:00:00,0,0.0
38.850002,-119.34999,2016-05-26 00:00:00,0,0.0
38.850002,-119.25,2016-05-26 00:00:00,0,0.0
38.850002,-119.149994,2016-05-26 00:00:00,0,0.0
38.850002,-119.049995,2016-05-26 00:00:00,0,0.0
38.850002,-118.95,2016-05-26 00:00:00,0,0.0
38.850002,-118.84999,2016-05-26 00:00:00,0,0.0
38.850002,-118.75,2016-05-26 00:00:00,0,0.0
38.850002,-118.649994,2016-05-26 00:00:00,0,0.0
38.850002,-118.549995,2016-05-26 00:00:00,0,0.0
38.850002,-118.45,2016-05-26 00:00:00,0,0.0
38.850002,-118.34999,2016-05-26 00:00:00,0,0.0
38.850002,-118.25,2016-05-26 00:00:00,0,0.0
38.850002,-118.149994,2016-05-26 00:00:00,0,0.0
38.850002,-118.049995,2016-05-26 00:00:00,0,0.0
38.850002,-117.95,2016-05-26 00:00:00,0,0.0
38.850002,-117.84999,2016-05-26 00:00:00,0,0.0
38.850002,-117.75,2016-05-26 00:00:00,0,0.0
38.850002,-117.649994,2016-05-26 00:00:00,0,0.0
38.850002,-117.549995,2016-05-26 00:00:00,0,0.0
38.850002,-117.45,2016-05-26 00:00:00,0,0.0
38.850002,-117.34999,2016-05-26 00:00:00,0,0.0
38.850002,-117.25,2016-05-26 00:00:00,0,0.0
38.850002,-117.149994,2016-05-26 00:00:00,0,0.0
38.850002,-117.049995,2016-05-26 00:00:00,0,0.0
38.850002,-116.95,2016-05-26 00:00:00,0,0.0
38.850002,-116.84999,2016-05-26 00:00:00,0,0.0
38.850002,-116.75,2016-05-26 00:00:00,0,0.0
38.850002,-116.649994,2016-05-26 00:00:00,0,0.0
38.850002,-116.549995,2016-05-26 00:00:00,0,0.0
38.850002,-116.45,2016-05-26 00:00:00,0,0.0
38.850002,-116.34999,2016-05-26 00:00:00,0,0.0
38.850002,-116.25,2016-05-26 00:00:00,0,0.0
38.850002,-116.149994,2016-05-26 00:00:00,0,0.0
38.850002,-116.049995,2016-05-26 00:00:00,0,0.0
38.850002,-115.95,2016-05-26 00:00:00,0,0.0
38.850002,-115.85,2016-05-26 00:00:00,0,0.0
38.850002,-115.74999,2016-05-26 00:00:00,0,0.0
38.850002,-115.649994,2016-05-26 00:00:00,0,0.0
38.850002,-115.549995,2016-05-26 00:00:00,0,0.0
38.850002,-115.45,2016-05-26 00:00:00,0,0.0
38.850002,-115.35,2016-05-26 00:00:00,0,0.0
38.850002,-115.24999,2016-05-26 00:00:00,0,0.0
38.850002,-115.149994,2016-05-26 00:00:00,0,0.0
38.850002,-115.049995,2016-05-26 00:00:00,0,0.0
38.850002,-114.95,2016-05-26 00:00:00,0,0.0
38.850002,-114.85,2016-05-26 00:00:00,0,0.0
38.850002,-114.74999,2016-05-26 00:00:00,0,0.0
38.850002,-114.649994,2016-05-26 00:00:00,0,0.0
38.850002,-114.549995,2016-05-26 00:00:00,0,0.0
38.850002,-114.45,2016-05-26 00:00:00,0,0.0
38.850002,-114.35,2016-05-26 00:00:00,0,0.0
38.850002,-114.24999,2016-05-26 00:00:00,0,0.0
38.95001,-124.34999,2016-05-26 00:00:00,0,0.0
38.95001,-124.25,2016-05-26 00:00:00,0,0.0
38.95001,-124.149994,2016-05-26 00:00:00,0,0.0
38.95001,-124.049995,2016-05-26 00:00:00,0,0.0
38.95001,-123.95,2016-05-26 00:00:00,0,0.0
38.95001,-123.84999,2016-05-26 00:00:00,0,0.0
38.95001,-123.75,2016-05-26 00:00:00,0,0.0
38.95001,-123.649994,2016-05-26 00:00:00,0,0.109003976
38.95001,-123.549995,2016-05-26 00:00:00,0,0.028213687
38.95001,-123.45,2016-05-26 00:00:00,0,0.0
38.95001,-123.34999,2016-05-26 00:00:00,0,0.0
38.95001,-123.25,2016-05-26 00:00:00,0,0.0
38.95001,-123.149994,2016-05-26 00:00:00,0,0.0
38.95001,-123.049995,2016-05-26 00:00:00,0,0.0
38.95001,-122.95,2016-05-26 00:00:00,0,0.0
38.95001,-122.84999,2016-05-26 00:00:00,0,0.042814076
38.95001,-122.75,2016-05-26 00:00:00,0,0.09898134
38.95001,-122.649994,2016-05-26 00:00:00,0,0.16476461
38.95001,-122.549995,2016-05-26 00:00:00,0,3.3559744
38.95001,-122.45,2016-05-26 00:00:00,0,0.19598041
38.95001,-122.34999,2016-05-26 00:00:00,0,0.15822297
38.95001,-122.25,2016-05-26 00:00:00,0,0.32020295
38.95001,-122.149994,2016-05-26 00:00:00,0,0.5970773
38.95001,-122.049995,2016-05-26 00:00:00,0,0.9048149
38.95001,-121.95,2016-05-26 00:00:00,0,0.9354711
38.95001,-121.84999,2016-05-26 00:00:00,0,0.9296076
38.95001,-121.75,2016-05-26 00:00:00,0,0.6183433
38.95001,-121.649994,2016-05-26 00:00:00,0,0.74287564
38.95001,-121.549995,2016-05-26 00:00:00,0,1.120513
38.95001,-121.45,2016-05-26 00:00:00,0,0.65240216
38.95001,-121.34999,2016-05-26 00:00:00,0,0.0
38.95001,-121.25,2016-05-26 00:00:00,0,0.0
38.95001,-121.149994,2016-05-26 00:00:00,0,0.0
38.95001,-121.049995,2016-05-26 00:00:00,0,0.0
38.95001,-120.95,2016-05-26 00:00:00,0,0.0
38.95001,-120.84999,2016-05-26 00:00:00,0,0.2915509
38.95001,-120.75,2016-05-26 00:00:00,0,0.0
38.95001,-120.649994,2016-05-26 00:00:00,0,0.0
38.95001,-120.549995,2016-05-26 00:00:00,0,0.0
38.95001,-120.45,2016-05-26 00:00:00,0,0.38873452
38.95001,-120.34999,2016-05-26 00:00:00,0,0.38873452
38.95001,-120.25,2016-05-26 00:00:00,0,0.38873452
38.95001,-120.149994,2016-05-26 00:00:00,0,0.0
38.95001,-120.049995,2016-05-26 00:00:00,0,0.0
38.95001,-119.95,2016-05-26 00:00:00,0,0.0
38.95001,-119.84999,2016-05-26 00:00:00,0,0.0
38.95001,-119.75,2016-05-26 00:00:00,0,0.0
38.95001,-119.649994,2016-05-26 00:00:00,0,0.0
38.95001,-119.549995,2016-05-26 00:00:00,0,0.0
38.95001,-119.45,2016-05-26 00:00:00,0,0.0
38.95001,-119.34999,2016-05-26 00:00:00,0,0.0
38.95001,-119.25,2016-05-26 00:00:00,0,0.0
38.95001,-119.149994,2016-05-26 00:00:00,0,0.0
38.95001,-119.049995,2016-05-26 00:00:00,0,0.0
38.95001,-118.95,2016-05-26 00:00:00,0,0.0
38.95001,-118.84999,2016-05-26 00:00:00,0,0.0
38.95001,-118.75,2016-05-26 00:00:00,0,0.0
38.95001,-118.649994,2016-05-26 00:00:00,0,0.0
38.95001,-118.549995,2016-05-26 00:00:00,0,0.0
38.95001,-118.45,2016-05-26 00:00:00,0,0.0
38.95001,-118.34999,2016-05-26 00:00:00,0,0.0
38.95001,-118.25,2016-05-26 00:00:00,0,0.0
38.95001,-118.149994,2016-05-26 00:00:00,0,0.0
38.95001,-118.049995,2016-05-26 00:00:00,0,0.0
38.95001,-117.95,2016-05-26 00:00:00,0,0.0
38.95001,-117.84999,2016-05-26 00:00:00,0,0.0
38.95001,-117.75,2016-05-26 00:00:00,0,0.0
38.95001,-117.649994,2016-05-26 00:00:00,0,0.0
38.95001,-117.549995,2016-05-26 00:00:00,0,0.0
38.95001,-117.45,2016-05-26 00:00:00,0,0.0
38.95001,-117.34999,2016-05-26 00:00:00,0,0.0
38.95001,-117.25,2016-05-26 00:00:00,0,0.0
38.95001,-117.149994,2016-05-26 00:00:00,0,0.0
38.95001,-117.049995,2016-05-26 00:00:00,0,0.0
38.95001,-116.95,2016-05-26 00:00:00,0,0.0
38.95001,-116.84999,2016-05-26 00:00:00,0,0.0
38.95001,-116.75,2016-05-26 00:00:00,0,0.0
38.95001,-116.649994,2016-05-26 00:00:00,0,0.0
38.95001,-116.549995,2016-05-26 00:00:00,0,0.0
38.95001,-116.45,2016-05-26 00:00:00,0,0.0
38.95001,-116.34999,2016-05-26 00:00:00,0,0.0
38.95001,-116.25,2016-05-26 00:00:00,0,0.0
38.95001,-116.149994,2016-05-26 00:00:00,0,0.0
38.95001,-116.049995,2016-05-26 00:00:00,0,0.0
38.95001,-115.95,2016-05-26 00:00:00,0,0.0
38.95001,-115.85,2016-05-26 00:00:00,0,0.0
38.95001,-115.74999,2016-05-26 00:00:00,0,0.0
38.95001,-115.649994,2016-05-26 00:00:00,0,0.0
38.95001,-115.549995,2016-05-26 00:00:00,0,0.0
38.95001,-115.45,2016-05-26 00:00:00,0,0.0
38.95001,-115.35,2016-05-26 00:00:00,0,0.0
38.95001,-115.24999,2016-05-26 00:00:00,0,0.0
38.95001,-115.149994,2016-05-26 00:00:00,0,0.0
38.95001,-115.049995,2016-05-26 00:00:00,0,0.0
38.95001,-114.95,2016-05-26 00:00:00,0,0.0
38.95001,-114.85,2016-05-26 00:00:00,0,0.0
38.95001,-114.74999,2016-05-26 00:00:00,0,0.0
38.95001,-114.649994,2016-05-26 00:00:00,0,0.0
38.95001,-114.549995,2016-05-26 00:00:00,0,0.0
38.95001,-114.45,2016-05-26 00:00:00,0,0.0
38.95001,-114.35,2016-05-26 00:00:00,0,0.0
38.95001,-114.24999,2016-05-26 00:00:00,0,0.0
39.05,-124.34999,2016-05-26 00:00:00,0,0.0
39.05,-124.25,2016-05-26 00:00:00,0,0.0
39.05,-124.149994,2016-05-26 00:00:00,0,0.0
39.05,-124.049995,2016-05-26 00:00:00,0,0.0
39.05,-123.95,2016-05-26 00:00:00,0,0.0
39.05,-123.84999,2016-05-26 00:00:00,0,0.0
39.05,-123.75,2016-05-26 00:00:00,0,0.0
39.05,-123.649994,2016-05-26 00:00:00,0,0.102396734
39.05,-123.549995,2016-05-26 00:00:00,0,0.0
39.05,-123.45,2016-05-26 00:00:00,0,0.0
39.05,-123.34999,2016-05-26 00:00:00,0,0.0
39.05,-123.25,2016-05-26 00:00:00,0,0.0
39.05,-123.149994,2016-05-26 00:00:00,0,0.0
39.05,-123.049995,2016-05-26 00:00:00,0,0.0
39.05,-122.95,2016-05-26 00:00:00,0,0.0
39.05,-122.84999,2016-05-26 00:00:00,0,0.4969635
39.05,-122.75,2016-05-26 00:00:00,0,1.1106491
39.05,-122.649994,2016-05-26 00:00:00,0,0.20073213
39.05,-122.549995,2016-05-26 00:00:00,0,1.0783823
39.05,-122.45,2016-05-26 00:00:00,0,0.000577363
39.05,-122.34999,2016-05-26 00:00:00,0,0.0061200485
39.05,-122.25,2016-05-26 00:00:00,0,0.035
39.05,-122.149994,2016-05-26 00:00:00,0,0.062940925
39.05,-122.049995,2016-05-26 00:00:00,0,0.30283675
39.05,-121.95,2016-05-26 00:00:00,0,0.2761016
39.05,-121.84999,2016-05-26 00:00:00,0,0.2869802
39.05,-121.75,2016-05-26 00:00:00,0,0.30411622
39.05,-121.649994,2016-05-26 00:00:00,0,0.15864833
39.05,-121.549995,2016-05-26 00:00:00,0,1.3426093
39.05,-121.45,2016-05-26 00:00:00,0,0.65200335
39.05,-121.34999,2016-05-26 00:00:00,0,0.0
39.05,-121.25,2016-05-26 00:00:00,0,0.0
39.05,-121.149994,2016-05-26 00:00:00,0,0.0
39.05,-121.049995,2016-05-26 00:00:00,0,0.0
39.05,-120.95,2016-05-26 00:00:00,0,0.2915509
39.05,-120.84999,2016-05-26 00:00:00,0,0.2915509
39.05,-120.75,2016-05-26 00:00:00,0,0.2915509
39.05,-120.649994,2016-05-26 00:00:00,0,0.2915509
39.05,-120.549995,2016-05-26 00:00:00,0,0.053651746
39.05,-120.45,2016-05-26 00:00:00,0,0.16156574
39.05,-120.34999,2016-05-26 00:00:00,0,0.41303048
39.05,-120.25,2016-05-26 00:00:00,0,0.41303048
39.05,-120.149994,2016-05-26 00:00:00,0,0.41303048
39.05,-120.049995,2016-05-26 00:00:00,0,0.0
39.05,-119.95,2016-05-26 00:00:00,0,0.0
39.05,-119.84999,2016-05-26 00:00:00,0,0.0
39.05,-119.75,2016-05-26 00:00:00,0,0.0
39.05,-119.649994,2016-05-26 00:00:00,0,0.0
39.05,-119.549995,2016-05-26 00:00:00,0,0.0
39.05,-119.45,2016-05-26 00:00:00,0,0.0
39.05,-119.34999,2016-05-26 00:00:00,0,0.0
39.05,-119.25,2016-05-26 00:00:00,0,0.0
39.05,-119.149994,2016-05-26 00:00:00,0,0.0
39.05,-119.049995,2016-05-26 00:00:00,0,0.0
39.05,-118.95,2016-05-26 00:00:00,0,0.0
39.05,-118.84999,2016-05-26 00:00:00,0,0.0
39.05,-118.75,2016-05-26 00:00:00,0,0.0
39.05,-118.649994,2016-05-26 00:00:00,0,0.0
39.05,-118.549995,2016-05-26 00:00:00,0,0.0
39.05,-118.45,2016-05-26 00:00:00,0,0.0
39.05,-118.34999,2016-05-26 00:00:00,0,0.0
39.05,-118.25,2016-05-26 00:00:00,0,0.0
39.05,-118.149994,2016-05-26 00:00:00,0,0.0
39.05,-118.049995,2016-05-26 00:00:00,0,0.0
39.05,-117.95,2016-05-26 00:00:00,0,0.0
39.05,-117.84999,2016-05-26 00:00:00,0,0.0
39.05,-117.75,2016-05-26 00:00:00,0,0.0
39.05,-117.649994,2016-05-26 00:00:00,0,0.0
39.05,-117.549995,2016-05-26 00:00:00,0,0.0
39.05,-117.45,2016-05-26 00:00:00,0,0.0
39.05,-117.34999,2016-05-26 00:00:00,0,0.0
39.05,-117.25,2016-05-26 00:00:00,0,0.0
39.05,-117.149994,2016-05-26 00:00:00,0,0.0
39.05,-117.049995,2016-05-26 00:00:00,0,0.0
39.05,-116.95,2016-05-26 00:00:00,0,0.0
39.05,-116.84999,2016-05-26 00:00:00,0,0.0
39.05,-116.75,2016-05-26 00:00:00,0,0.0
39.05,-116.649994,2016-05-26 00:00:00,0,0.0
39.05,-116.549995,2016-05-26 00:00:00,0,0.0
39.05,-116.45,2016-05-26 00:00:00,0,0.0
39.05,-116.34999,2016-05-26 00:00:00,0,0.0
39.05,-116.25,2016-05-26 00:00:00,0,0.0
39.05,-116.149994,2016-05-26 00:00:00,0,0.0
39.05,-116.049995,2016-05-26 00:00:00,0,0.0
39.05,-115.95,2016-05-26 00:00:00,0,0.0
39.05,-115.85,2016-05-26 00:00:00,0,0.0
39.05,-115.74999,2016-05-26 00:00:00,0,0.0
39.05,-115.649994,2016-05-26 00:00:00,0,0.0
39.05,-115.549995,2016-05-26 00:00:00,0,0.0
39.05,-115.45,2016-05-26 00:00:00,0,0.0
39.05,-115.35,2016-05-26 00:00:00,0,0.0
39.05,-115.24999,2016-05-26 00:00:00,0,0.0
39.05,-115.149994,2016-05-26 00:00:00,0,0.0
39.05,-115.049995,2016-05-26 00:00:00,0,0.0
39.05,-114.95,2016-05-26 00:00:00,0,0.0
39.05,-114.85,2016-05-26 00:00:00,0,0.0
39.05,-114.74999,2016-05-26 00:00:00,0,0.0
39.05,-114.649994,2016-05-26 00:00:00,0,0.0
39.05,-114.549995,2016-05-26 00:00:00,0,0.0
39.05,-114.45,2016-05-26 00:00:00,0,0.0
39.05,-114.35,2016-05-26 00:00:00,0,0.0
39.05,-114.24999,2016-05-26 00:00:00,0,0.0
39.150005,-124.34999,2016-05-26 00:00:00,0,0.0
39.150005,-124.25,2016-05-26 00:00:00,0,0.0
39.150005,-124.149994,2016-05-26 00:00:00,0,0.0
39.150005,-124.049995,2016-05-26 00:00:00,0,0.0
39.150005,-123.95,2016-05-26 00:00:00,0,0.0
39.150005,-123.84999,2016-05-26 00:00:00,0,0.0
39.150005,-123.75,2016-05-26 00:00:00,0,0.0
39.150005,-123.649994,2016-05-26 00:00:00,0,0.0086385375
39.150005,-123.549995,2016-05-26 00:00:00,0,0.0
39.150005,-123.45,2016-05-26 00:00:00,0,0.0
39.150005,-123.34999,2016-05-26 00:00:00,0,0.0
39.150005,-123.25,2016-05-26 00:00:00,0,0.0
39.150005,-123.149994,2016-05-26 00:00:00,0,0.0
39.150005,-123.049995,2016-05-26 00:00:00,0,0.0
39.150005,-122.95,2016-05-26 00:00:00,0,0.0
39.150005,-122.84999,2016-05-26 00:00:00,0,0.049521763
39.150005,-122.75,2016-05-26 00:00:00,0,0.0021596344
39.150005,-122.649994,2016-05-26 00:00:00,0,0.22776137
39.150005,-122.549995,2016-05-26 00:00:00,0,0.89604163
39.150005,-122.45,2016-05-26 00:00:00,0,0.0
39.150005,-122.34999,2016-05-26 00:00:00,0,0.33506605
39.150005,-122.25,2016-05-26 00:00:00,0,0.07674355
39.150005,-122.149994,2016-05-26 00:00:00,0,0.30263746
39.150005,-122.049995,2016-05-26 00:00:00,0,0.7142658
39.150005,-121.95,2016-05-26 00:00:00,0,0.93994176
39.150005,-121.84999,2016-05-26 00:00:00,0,0.26694232
39.150005,-121.75,2016-05-26 00:00:00,0,0.4205636
39.150005,-121.649994,2016-05-26 00:00:00,0,0.28170228
39.150005,-121.549995,2016-05-26 00:00:00,0,0.16410483
39.150005,-121.45,2016-05-26 00:00:00,0,0.3931424
39.150005,-121.34999,2016-05-26 00:00:00,0,0.0
39.150005,-121.25,2016-05-26 00:00:00,0,0.0
39.150005,-121.149994,2016-05-26 00:00:00,0,0.0
39.150005,-121.049995,2016-05-26 00:00:00,0,0.0
39.150005,-120.95,2016-05-26 00:00:00,0,0.6073978
39.150005,-120.84999,2016-05-26 00:00:00,0,0.6073978
39.150005,-120.75,2016-05-26 00:00:00,0,0.6073978
39.150005,-120.649994,2016-05-26 00:00:00,0,0.7341778
39.150005,-120.549995,2016-05-26 00:00:00,0,0.12709095
39.150005,-120.45,2016-05-26 00:00:00,0,0.09718363
39.150005,-120.34999,2016-05-26 00:00:00,0,0.12147954
39.150005,-120.25,2016-05-26 00:00:00,0,0.0
39.150005,-120.149994,2016-05-26 00:00:00,0,2.0910797
39.150005,-120.049995,2016-05-26 00:00:00,0,0.077795036
39.150005,-119.95,2016-05-26 00:00:00,0,0.0
39.150005,-119.84999,2016-05-26 00:00:00,0,0.0
39.150005,-119.75,2016-05-26 00:00:00,0,0.0
39.150005,-119.649994,2016-05-26 00:00:00,0,0.0
39.150005,-119.549995,2016-05-26 00:00:00,0,0.0
39.150005,-119.45,2016-05-26 00:00:00,0,0.0
39.150005,-119.34999,2016-05-26 00:00:00,0,0.0
39.150005,-119.25,2016-05-26 00:00:00,0,0.0
39.150005,-119.149994,2016-05-26 00:00:00,0,0.0
39.150005,-119.049995,2016-05-26 00:00:00,0,0.0
39.150005,-118.95,2016-05-26 00:00:00,0,0.0
39.150005,-118.84999,2016-05-26 00:00:00,0,0.0
39.150005,-118.75,2016-05-26 00:00:00,0,0.0
39.150005,-118.649994,2016-05-26 00:00:00,0,0.0
39.150005,-118.549995,2016-05-26 00:00:00,0,0.0
39.150005,-118.45,2016-05-26 00:00:00,0,0.0
39.150005,-118.34999,2016-05-26 00:00:00,0,0.0
39.150005,-118.25,2016-05-26 00:00:00,0,0.0
39.150005,-118.149994,2016-05-26 00:00:00,0,0.0
39.150005,-118.049995,2016-05-26 00:00:00,0,0.0
39.150005,-117.95,2016-05-26 00:00:00,0,0.0
39.150005,-117.84999,2016-05-26 00:00:00,0,0.0
39.150005,-117.75,2016-05-26 00:00:00,0,0.0
39.150005,-117.649994,2016-05-26 00:00:00,0,0.0
39.150005,-117.549995,2016-05-26 00:00:00,0,0.0
39.150005,-117.45,2016-05-26 00:00:00,0,0.0
39.150005,-117.34999,2016-05-26 00:00:00,0,0.0
39.150005,-117.25,2016-05-26 00:00:00,0,0.0
39.150005,-117.149994,2016-05-26 00:00:00,0,0.0
39.150005,-117.049995,2016-05-26 00:00:00,0,0.0
39.150005,-116.95,2016-05-26 00:00:00,0,0.0
39.150005,-116.84999,2016-05-26 00:00:00,0,0.0
39.150005,-116.75,2016-05-26 00:00:00,0,0.0
39.150005,-116.649994,2016-05-26 00:00:00,0,0.0
39.150005,-116.549995,2016-05-26 00:00:00,0,0.0
39.150005,-116.45,2016-05-26 00:00:00,0,0.0
39.150005,-116.34999,2016-05-26 00:00:00,0,0.0
39.150005,-116.25,2016-05-26 00:00:00,0,0.0
39.150005,-116.149994,2016-05-26 00:00:00,0,0.0
39.150005,-116.049995,2016-05-26 00:00:00,0,0.0
39.150005,-115.95,2016-05-26 00:00:00,0,0.0
39.150005,-115.85,2016-05-26 00:00:00,0,0.0
39.150005,-115.74999,2016-05-26 00:00:00,0,0.0
39.150005,-115.649994,2016-05-26 00:00:00,0,0.0
39.150005,-115.549995,2016-05-26 00:00:00,0,0.0
39.150005,-115.45,2016-05-26 00:00:00,0,0.0
39.150005,-115.35,2016-05-26 00:00:00,0,0.0
39.150005,-115.24999,2016-05-26 00:00:00,0,0.0
39.150005,-115.149994,2016-05-26 00:00:00,0,0.0
39.150005,-115.049995,2016-05-26 00:00:00,0,0.0
39.150005,-114.95,2016-05-26 00:00:00,0,0.0
39.150005,-114.85,2016-05-26 00:00:00,0,0.0
39.150005,-114.74999,2016-05-26 00:00:00,0,0.0
39.150005,-114.649994,2016-05-26 00:00:00,0,0.0
39.150005,-114.549995,2016-05-26 00:00:00,0,0.0
39.150005,-114.45,2016-05-26 00:00:00,0,0.0
39.150005,-114.35,2016-05-26 00:00:00,0,0.0
39.150005,-114.24999,2016-05-26 00:00:00,0,0.0
39.249996,-124.34999,2016-05-26 00:00:00,0,0.0
39.249996,-124.25,2016-05-26 00:00:00,0,0.0
39.249996,-124.149994,2016-05-26 00:00:00,0,0.0
39.249996,-124.049995,2016-05-26 00:00:00,0,0.0
39.249996,-123.95,2016-05-26 00:00:00,0,0.0
39.249996,-123.84999,2016-05-26 00:00:00,0,0.0
39.249996,-123.75,2016-05-26 00:00:00,0,0.056696374
39.249996,-123.649994,2016-05-26 00:00:00,0,0.034289792
39.249996,-123.549995,2016-05-26 00:00:00,0,0.0
39.249996,-123.45,2016-05-26 00:00:00,0,0.0
39.249996,-123.34999,2016-05-26 00:00:00,0,0.0
39.249996,-123.25,2016-05-26 00:00:00,0,0.0
39.249996,-123.149994,2016-05-26 00:00:00,0,0.0
39.249996,-123.049995,2016-05-26 00:00:00,0,0.0
39.249996,-122.95,2016-05-26 00:00:00,0,0.0
39.249996,-122.84999,2016-05-26 00:00:00,0,0.031008447
39.249996,-122.75,2016-05-26 00:00:00,0,0.0015190266
39.249996,-122.649994,2016-05-26 00:00:00,0,0.17601582
39.249996,-122.549995,2016-05-26 00:00:00,0,0.5962119
39.249996,-122.45,2016-05-26 00:00:00,0,0.0
39.249996,-122.34999,2016-05-26 00:00:00,0,0.7373575
39.249996,-122.25,2016-05-26 00:00:00,0,0.09491845
39.249996,-122.149994,2016-05-26 00:00:00,0,0.47456586
39.249996,-122.049995,2016-05-26 00:00:00,0,0.45071575
39.249996,-121.95,2016-05-26 00:00:00,0,0.33516312
39.249996,-121.84999,2016-05-26 00:00:00,0,0.30236417
39.249996,-121.75,2016-05-26 00:00:00,0,0.40024665
39.249996,-121.649994,2016-05-26 00:00:00,0,0.13349436
39.249996,-121.549995,2016-05-26 00:00:00,0,0.46128902
39.249996,-121.45,2016-05-26 00:00:00,0,0.12835927
39.249996,-121.34999,2016-05-26 00:00:00,0,0.0
39.249996,-121.25,2016-05-26 00:00:00,0,0.0
39.249996,-121.149994,2016-05-26 00:00:00,0,0.0
39.249996,-121.049995,2016-05-26 00:00:00,0,0.7531733
39.249996,-120.95,2016-05-26 00:00:00,0,0.7531733
39.249996,-120.84999,2016-05-26 00:00:00,0,0.6073978
39.249996,-120.75,2016-05-26 00:00:00,0,0.795179
39.249996,-120.649994,2016-05-26 00:00:00,0,1.0501772
39.249996,-120.549995,2016-05-26 00:00:00,0,1.41786
39.249996,-120.45,2016-05-26 00:00:00,0,1.611614
39.249996,-120.34999,2016-05-26 00:00:00,0,0.12147954
39.249996,-120.25,2016-05-26 00:00:00,0,0.12147954
39.249996,-120.149994,2016-05-26 00:00:00,0,0.0
39.249996,-120.049995,2016-05-26 00:00:00,0,0.10193832
39.249996,-119.95,2016-05-26 00:00:00,0,0.0
39.249996,-119.84999,2016-05-26 00:00:00,0,0.0
39.249996,-119.75,2016-05-26 00:00:00,0,0.0
39.249996,-119.649994,2016-05-26 00:00:00,0,0.0
39.249996,-119.549995,2016-05-26 00:00:00,0,0.0
39.249996,-119.45,2016-05-26 00:00:00,0,0.0
39.249996,-119.34999,2016-05-26 00:00:00,0,0.0
39.249996,-119.25,2016-05-26 00:00:00,0,0.0
39.249996,-119.149994,2016-05-26 00:00:00,0,0.0
39.249996,-119.049995,2016-05-26 00:00:00,0,0.0
39.249996,-118.95,2016-05-26 00:00:00,0,0.0
39.249996,-118.84999,2016-05-26 00:00:00,0,0.0
39.249996,-118.75,2016-05-26 00:00:00,0,0.0
39.249996,-118.649994,2016-05-26 00:00:00,0,0.0
39.249996,-118.549995,2016-05-26 00:00:00,0,0.0
39.249996,-118.45,2016-05-26 00:00:00,0,0.0
39.249996,-118.34999,2016-05-26 00:00:00,0,0.0
39.249996,-118.25,2016-05-26 00:00:00,0,0.0
39.249996,-118.149994,2016-05-26 00:00:00,0,0.0
39.249996,-118.049995,2016-05-26 00:00:00,0,0.0
39.249996,-117.95,2016-05-26 00:00:00,0,0.0
39.249996,-117.84999,2016-05-26 00:00:00,0,0.0
39.249996,-117.75,2016-05-26 00:00:00,0,0.0
39.249996,-117.649994,2016-05-26 00:00:00,0,0.0
39.249996,-117.549995,2016-05-26 00:00:00,0,0.0
39.249996,-117.45,2016-05-26 00:00:00,0,0.0
39.249996,-117.34999,2016-05-26 00:00:00,0,0.0
39.249996,-117.25,2016-05-26 00:00:00,0,0.0
39.249996,-117.149994,2016-05-26 00:00:00,0,0.0
39.249996,-117.049995,2016-05-26 00:00:00,0,0.0
39.249996,-116.95,2016-05-26 00:00:00,0,0.0
39.249996,-116.84999,2016-05-26 00:00:00,0,0.0
39.249996,-116.75,2016-05-26 00:00:00,0,0.0
39.249996,-116.649994,2016-05-26 00:00:00,0,0.0
39.249996,-116.549995,2016-05-26 00:00:00,0,0.0
39.249996,-116.45,2016-05-26 00:00:00,0,0.0
39.249996,-116.34999,2016-05-26 00:00:00,0,0.0
39.249996,-116.25,2016-05-26 00:00:00,0,0.0
39.249996,-116.149994,2016-05-26 00:00:00,0,0.0
39.249996,-116.049995,2016-05-26 00:00:00,0,0.0
39.249996,-115.95,2016-05-26 00:00:00,0,0.0
39.249996,-115.85,2016-05-26 00:00:00,0,0.0
39.249996,-115.74999,2016-05-26 00:00:00,0,0.0
39.249996,-115.649994,2016-05-26 00:00:00,0,0.0
39.249996,-115.549995,2016-05-26 00:00:00,0,0.0
39.249996,-115.45,2016-05-26 00:00:00,0,0.0
39.249996,-115.35,2016-05-26 00:00:00,0,0.0
39.249996,-115.24999,2016-05-26 00:00:00,0,0.0
39.249996,-115.149994,2016-05-26 00:00:00,0,0.0
39.249996,-115.049995,2016-05-26 00:00:00,0,0.0
39.249996,-114.95,2016-05-26 00:00:00,0,0.0
39.249996,-114.85,2016-05-26 00:00:00,0,0.0
39.249996,-114.74999,2016-05-26 00:00:00,0,0.0
39.249996,-114.649994,2016-05-26 00:00:00,0,0.0
39.249996,-114.549995,2016-05-26 00:00:00,0,0.0
39.249996,-114.45,2016-05-26 00:00:00,0,0.0
39.249996,-114.35,2016-05-26 00:00:00,0,0.0
39.249996,-114.24999,2016-05-26 00:00:00,0,0.0
39.350002,-124.34999,2016-05-26 00:00:00,0,0.0
39.350002,-124.25,2016-05-26 00:00:00,0,0.0
39.350002,-124.149994,2016-05-26 00:00:00,0,0.0
39.350002,-124.049995,2016-05-26 00:00:00,0,0.0
39.350002,-123.95,2016-05-26 00:00:00,0,0.0
39.350002,-123.84999,2016-05-26 00:00:00,0,0.0
39.350002,-123.75,2016-05-26 00:00:00,0,0.06780116
39.350002,-123.649994,2016-05-26 00:00:00,0,0.0
39.350002,-123.549995,2016-05-26 00:00:00,0,0.0
39.350002,-123.45,2016-05-26 00:00:00,0,0.0
39.350002,-123.34999,2016-05-26 00:00:00,0,0.0
39.350002,-123.25,2016-05-26 00:00:00,0,0.0
39.350002,-123.149994,2016-05-26 00:00:00,0,0.0
39.350002,-123.049995,2016-05-26 00:00:00,0,0.0026229904
39.350002,-122.95,2016-05-26 00:00:00,0,0.0026229904
39.350002,-122.84999,2016-05-26 00:00:00,0,0.022584112
39.350002,-122.75,2016-05-26 00:00:00,0,0.0
39.350002,-122.649994,2016-05-26 00:00:00,0,0.25640976
39.350002,-122.549995,2016-05-26 00:00:00,0,0.24351497
39.350002,-122.45,2016-05-26 00:00:00,0,0.0
39.350002,-122.34999,2016-05-26 00:00:00,0,1.0832076
39.350002,-122.25,2016-05-26 00:00:00,0,0.05764594
39.350002,-122.149994,2016-05-26 00:00:00,0,3.5814764
39.350002,-122.049995,2016-05-26 00:00:00,0,0.53887373
39.350002,-121.95,2016-05-26 00:00:00,0,0.38443735
39.350002,-121.84999,2016-05-26 00:00:00,0,0.17026813
39.350002,-121.75,2016-05-26 00:00:00,0,0.06708087
39.350002,-121.649994,2016-05-26 00:00:00,0,0.0036262337
39.350002,-121.549995,2016-05-26 00:00:00,0,0.31198844
39.350002,-121.45,2016-05-26 00:00:00,0,1.402137
39.350002,-121.34999,2016-05-26 00:00:00,0,0.74103504
39.350002,-121.25,2016-05-26 00:00:00,0,0.0
39.350002,-121.149994,2016-05-26 00:00:00,0,0.0
39.350002,-121.049995,2016-05-26 00:00:00,0,0.7531733
39.350002,-120.95,2016-05-26 00:00:00,0,0.7531733
39.350002,-120.84999,2016-05-26 00:00:00,0,0.77746904
39.350002,-120.75,2016-05-26 00:00:00,0,0.9652502
39.350002,-120.649994,2016-05-26 00:00:00,0,2.1210194
39.350002,-120.549995,2016-05-26 00:00:00,0,2.2045486
39.350002,-120.45,2016-05-26 00:00:00,0,1.5880407
39.350002,-120.34999,2016-05-26 00:00:00,0,1.0104816
39.350002,-120.25,2016-05-26 00:00:00,0,1.7027364
39.350002,-120.149994,2016-05-26 00:00:00,0,0.0
39.350002,-120.049995,2016-05-26 00:00:00,0,0.09120797
39.350002,-119.95,2016-05-26 00:00:00,0,0.0
39.350002,-119.84999,2016-05-26 00:00:00,0,0.0
39.350002,-119.75,2016-05-26 00:00:00,0,0.0
39.350002,-119.649994,2016-05-26 00:00:00,0,0.0
39.350002,-119.549995,2016-05-26 00:00:00,0,0.0
39.350002,-119.45,2016-05-26 00:00:00,0,0.0
39.350002,-119.34999,2016-05-26 00:00:00,0,0.0
39.350002,-119.25,2016-05-26 00:00:00,0,0.0
39.350002,-119.149994,2016-05-26 00:00:00,0,0.0
39.350002,-119.049995,2016-05-26 00:00:00,0,0.0
39.350002,-118.95,2016-05-26 00:00:00,0,0.0
39.350002,-118.84999,2016-05-26 00:00:00,0,0.0
39.350002,-118.75,2016-05-26 00:00:00,0,0.0
39.350002,-118.649994,2016-05-26 00:00:00,0,0.0
39.350002,-118.549995,2016-05-26 00:00:00,0,0.0
39.350002,-118.45,2016-05-26 00:00:00,0,0.0
39.350002,-118.34999,2016-05-26 00:00:00,0,0.0
39.350002,-118.25,2016-05-26 00:00:00,0,0.0
39.350002,-118.149994,2016-05-26 00:00:00,0,0.0
39.350002,-118.049995,2016-05-26 00:00:00,0,0.0
39.350002,-117.95,2016-05-26 00:00:00,0,0.0
39.350002,-117.84999,2016-05-26 00:00:00,0,0.0
39.350002,-117.75,2016-05-26 00:00:00,0,0.0
39.350002,-117.649994,2016-05-26 00:00:00,0,0.0
39.350002,-117.549995,2016-05-26 00:00:00,0,0.0
39.350002,-117.45,2016-05-26 00:00:00,0,0.0
39.350002,-117.34999,2016-05-26 00:00:00,0,0.0
39.350002,-117.25,2016-05-26 00:00:00,0,0.0
39.350002,-117.149994,2016-05-26 00:00:00,0,0.0
39.350002,-117.049995,2016-05-26 00:00:00,0,0.0
39.350002,-116.95,2016-05-26 00:00:00,0,0.0
39.350002,-116.84999,2016-05-26 00:00:00,0,0.0
39.350002,-116.75,2016-05-26 00:00:00,0,0.0
39.350002,-116.649994,2016-05-26 00:00:00,0,0.0
39.350002,-116.549995,2016-05-26 00:00:00,0,0.0
39.350002,-116.45,2016-05-26 00:00:00,0,0.0
39.350002,-116.34999,2016-05-26 00:00:00,0,0.0
39.350002,-116.25,2016-05-26 00:00:00,0,0.0
39.350002,-116.149994,2016-05-26 00:00:00,0,0.0
39.350002,-116.049995,2016-05-26 00:00:00,0,0.0
39.350002,-115.95,2016-05-26 00:00:00,0,0.0
39.350002,-115.85,2016-05-26 00:00:00,0,0.0
39.350002,-115.74999,2016-05-26 00:00:00,0,0.0
39.350002,-115.649994,2016-05-26 00:00:00,0,0.0
39.350002,-115.549995,2016-05-26 00:00:00,0,0.0
39.350002,-115.45,2016-05-26 00:00:00,0,0.0
39.350002,-115.35,2016-05-26 00:00:00,0,0.0
39.350002,-115.24999,2016-05-26 00:00:00,0,0.0
39.350002,-115.149994,2016-05-26 00:00:00,0,0.0
39.350002,-115.049995,2016-05-26 00:00:00,0,0.0
39.350002,-114.95,2016-05-26 00:00:00,0,0.0
39.350002,-114.85,2016-05-26 00:00:00,0,0.0
39.350002,-114.74999,2016-05-26 00:00:00,0,0.0
39.350002,-114.649994,2016-05-26 00:00:00,0,0.0
39.350002,-114.549995,2016-05-26 00:00:00,0,0.0
39.350002,-114.45,2016-05-26 00:00:00,0,0.0
39.350002,-114.35,2016-05-26 00:00:00,0,0.0
39.350002,-114.24999,2016-05-26 00:00:00,0,0.0
39.45001,-124.34999,2016-05-26 00:00:00,0,0.0
39.45001,-124.25,2016-05-26 00:00:00,0,0.0
39.45001,-124.149994,2016-05-26 00:00:00,0,0.0
39.45001,-124.049995,2016-05-26 00:00:00,0,0.0
39.45001,-123.95,2016-05-26 00:00:00,0,0.0
39.45001,-123.84999,2016-05-26 00:00:00,0,0.0
39.45001,-123.75,2016-05-26 00:00:00,0,0.054634392
39.45001,-123.649994,2016-05-26 00:00:00,0,0.0
39.45001,-123.549995,2016-05-26 00:00:00,0,0.0
39.45001,-123.45,2016-05-26 00:00:00,0,0.0
39.45001,-123.34999,2016-05-26 00:00:00,0,0.0
39.45001,-123.25,2016-05-26 00:00:00,0,0.0
39.45001,-123.149994,2016-05-26 00:00:00,0,0.0
39.45001,-123.049995,2016-05-26 00:00:00,0,0.009831603
39.45001,-122.95,2016-05-26 00:00:00,0,0.028192537
39.45001,-122.84999,2016-05-26 00:00:00,0,0.028629702
39.45001,-122.75,2016-05-26 00:00:00,0,0.046810698
39.45001,-122.649994,2016-05-26 00:00:00,0,0.16412161
39.45001,-122.549995,2016-05-26 00:00:00,0,0.021085052
39.45001,-122.45,2016-05-26 00:00:00,0,0.0
39.45001,-122.34999,2016-05-26 00:00:00,0,1.209589
39.45001,-122.25,2016-05-26 00:00:00,0,0.026729641
39.45001,-122.149994,2016-05-26 00:00:00,0,0.11949513
39.45001,-122.049995,2016-05-26 00:00:00,0,0.6175681
39.45001,-121.95,2016-05-26 00:00:00,0,0.4470521
39.45001,-121.84999,2016-05-26 00:00:00,0,1.5116724
39.45001,-121.75,2016-05-26 00:00:00,0,0.038623035
39.45001,-121.649994,2016-05-26 00:00:00,0,0.0016259146
39.45001,-121.549995,2016-05-26 00:00:00,0,0.23428941
39.45001,-121.45,2016-05-26 00:00:00,0,0.23115152
39.45001,-121.34999,2016-05-26 00:00:00,0,0.0
39.45001,-121.25,2016-05-26 00:00:00,0,0.0
39.45001,-121.149994,2016-05-26 00:00:00,0,0.0
39.45001,-121.049995,2016-05-26 00:00:00,0,0.0
39.45001,-120.95,2016-05-26 00:00:00,0,0.008496552
39.45001,-120.84999,2016-05-26 00:00:00,0,0.7938992
39.45001,-120.75,2016-05-26 00:00:00,0,0.96651363
39.45001,-120.649994,2016-05-26 00:00:00,0,1.2090107
39.45001,-120.549995,2016-05-26 00:00:00,0,2.1487722
39.45001,-120.45,2016-05-26 00:00:00,0,1.333176
39.45001,-120.34999,2016-05-26 00:00:00,0,1.1419077
39.45001,-120.25,2016-05-26 00:00:00,0,0.35861558
39.45001,-120.149994,2016-05-26 00:00:00,0,0.06706469
39.45001,-120.049995,2016-05-26 00:00:00,0,0.09120797
39.45001,-119.95,2016-05-26 00:00:00,0,0.0
39.45001,-119.84999,2016-05-26 00:00:00,0,0.0
39.45001,-119.75,2016-05-26 00:00:00,0,0.0
39.45001,-119.649994,2016-05-26 00:00:00,0,0.0
39.45001,-119.549995,2016-05-26 00:00:00,0,0.0
39.45001,-119.45,2016-05-26 00:00:00,0,0.0
39.45001,-119.34999,2016-05-26 00:00:00,0,0.0
39.45001,-119.25,2016-05-26 00:00:00,0,0.0
39.45001,-119.149994,2016-05-26 00:00:00,0,0.0
39.45001,-119.049995,2016-05-26 00:00:00,0,0.0
39.45001,-118.95,2016-05-26 00:00:00,0,0.0
39.45001,-118.84999,2016-05-26 00:00:00,0,0.0
39.45001,-118.75,2016-05-26 00:00:00,0,0.0
39.45001,-118.649994,2016-05-26 00:00:00,0,0.0
39.45001,-118.549995,2016-05-26 00:00:00,0,0.0
39.45001,-118.45,2016-05-26 00:00:00,0,0.0
39.45001,-118.34999,2016-05-26 00:00:00,0,0.0
39.45001,-118.25,2016-05-26 00:00:00,0,0.0
39.45001,-118.149994,2016-05-26 00:00:00,0,0.0
39.45001,-118.049995,2016-05-26 00:00:00,0,0.0
39.45001,-117.95,2016-05-26 00:00:00,0,0.0
39.45001,-117.84999,2016-05-26 00:00:00,0,0.0
39.45001,-117.75,2016-05-26 00:00:00,0,0.0
39.45001,-117.649994,2016-05-26 00:00:00,0,0.0
39.45001,-117.549995,2016-05-26 00:00:00,0,0.0
39.45001,-117.45,2016-05-26 00:00:00,0,0.0
39.45001,-117.34999,2016-05-26 00:00:00,0,0.0
39.45001,-117.25,2016-05-26 00:00:00,0,0.0
39.45001,-117.149994,2016-05-26 00:00:00,0,0.0
39.45001,-117.049995,2016-05-26 00:00:00,0,0.0
39.45001,-116.95,2016-05-26 00:00:00,0,0.0
39.45001,-116.84999,2016-05-26 00:00:00,0,0.0
39.45001,-116.75,2016-05-26 00:00:00,0,0.0
39.45001,-116.649994,2016-05-26 00:00:00,0,0.0
39.45001,-116.549995,2016-05-26 00:00:00,0,0.0
39.45001,-116.45,2016-05-26 00:00:00,0,0.0
39.45001,-116.34999,2016-05-26 00:00:00,0,0.0
39.45001,-116.25,2016-05-26 00:00:00,0,0.0
39.45001,-116.149994,2016-05-26 00:00:00,0,0.0
39.45001,-116.049995,2016-05-26 00:00:00,0,0.0
39.45001,-115.95,2016-05-26 00:00:00,0,0.0
39.45001,-115.85,2016-05-26 00:00:00,0,0.0
39.45001,-115.74999,2016-05-26 00:00:00,0,0.0
39.45001,-115.649994,2016-05-26 00:00:00,0,0.0
39.45001,-115.549995,2016-05-26 00:00:00,0,0.0
39.45001,-115.45,2016-05-26 00:00:00,0,0.0
39.45001,-115.35,2016-05-26 00:00:00,0,0.0
39.45001,-115.24999,2016-05-26 00:00:00,0,0.0
39.45001,-115.149994,2016-05-26 00:00:00,0,0.0
39.45001,-115.049995,2016-05-26 00:00:00,0,0.0
39.45001,-114.95,2016-05-26 00:00:00,0,0.0
39.45001,-114.85,2016-05-26 00:00:00,0,0.0
39.45001,-114.74999,2016-05-26 00:00:00,0,0.0
39.45001,-114.649994,2016-05-26 00:00:00,0,0.0
39.45001,-114.549995,2016-05-26 00:00:00,0,0.0
39.45001,-114.45,2016-05-26 00:00:00,0,0.0
39.45001,-114.35,2016-05-26 00:00:00,0,0.0
39.45001,-114.24999,2016-05-26 00:00:00,0,0.0
39.55,-124.34999,2016-05-26 00:00:00,0,0.0
39.55,-124.25,2016-05-26 00:00:00,0,0.0
39.55,-124.149994,2016-05-26 00:00:00,0,0.0
39.55,-124.049995,2016-05-26 00:00:00,0,0.0
39.55,-123.95,2016-05-26 00:00:00,0,0.0
39.55,-123.84999,2016-05-26 00:00:00,0,0.0
39.55,-123.75,2016-05-26 00:00:00,0,0.015190265
39.55,-123.649994,2016-05-26 00:00:00,0,0.0
39.55,-123.549995,2016-05-26 00:00:00,0,0.0
39.55,-123.45,2016-05-26 00:00:00,0,0.0
39.55,-123.34999,2016-05-26 00:00:00,0,0.0
39.55,-123.25,2016-05-26 00:00:00,0,0.0
39.55,-123.149994,2016-05-26 00:00:00,0,0.0
39.55,-123.049995,2016-05-26 00:00:00,0,0.021079611
39.55,-122.95,2016-05-26 00:00:00,0,0.0689169
39.55,-122.84999,2016-05-26 00:00:00,0,0.110822275
39.55,-122.75,2016-05-26 00:00:00,0,0.07768758
39.55,-122.649994,2016-05-26 00:00:00,0,0.023692824
39.55,-122.549995,2016-05-26 00:00:00,0,0.014053788
39.55,-122.45,2016-05-26 00:00:00,0,0.0
39.55,-122.34999,2016-05-26 00:00:00,0,0.9071688
39.55,-122.25,2016-05-26 00:00:00,0,0.0
39.55,-122.149994,2016-05-26 00:00:00,0,0.05640808
39.55,-122.049995,2016-05-26 00:00:00,0,0.4650126
39.55,-121.95,2016-05-26 00:00:00,0,0.44
39.55,-121.84999,2016-05-26 00:00:00,0,0.98047507
39.55,-121.75,2016-05-26 00:00:00,0,0.018491993
39.55,-121.649994,2016-05-26 00:00:00,0,0.0
39.55,-121.549995,2016-05-26 00:00:00,0,0.11886294
39.55,-121.45,2016-05-26 00:00:00,0,0.004731427
39.55,-121.34999,2016-05-26 00:00:00,0,0.0
39.55,-121.25,2016-05-26 00:00:00,0,0.0
39.55,-121.149994,2016-05-26 00:00:00,0,0.0
39.55,-121.049995,2016-05-26 00:00:00,0,0.0
39.55,-120.95,2016-05-26 00:00:00,0,0.0
39.55,-120.84999,2016-05-26 00:00:00,0,0.0
39.55,-120.75,2016-05-26 00:00:00,0,0.0
39.55,-120.649994,2016-05-26 00:00:00,0,0.13681196
39.55,-120.549995,2016-05-26 00:00:00,0,1.5512292
39.55,-120.45,2016-05-26 00:00:00,0,2.0428717
39.55,-120.34999,2016-05-26 00:00:00,0,1.2275171
39.55,-120.25,2016-05-26 00:00:00,0,0.4100426
39.55,-120.149994,2016-05-26 00:00:00,0,0.418243
39.55,-120.049995,2016-05-26 00:00:00,0,0.6866543
39.55,-119.95,2016-05-26 00:00:00,0,0.0
39.55,-119.84999,2016-05-26 00:00:00,0,0.0
39.55,-119.75,2016-05-26 00:00:00,0,0.0
39.55,-119.649994,2016-05-26 00:00:00,0,0.0
39.55,-119.549995,2016-05-26 00:00:00,0,0.0
39.55,-119.45,2016-05-26 00:00:00,0,0.0
39.55,-119.34999,2016-05-26 00:00:00,0,0.0
39.55,-119.25,2016-05-26 00:00:00,0,0.0
39.55,-119.149994,2016-05-26 00:00:00,0,0.0
39.55,-119.049995,2016-05-26 00:00:00,0,0.0
39.55,-118.95,2016-05-26 00:00:00,0,0.0
39.55,-118.84999,2016-05-26 00:00:00,0,0.0
39.55,-118.75,2016-05-26 00:00:00,0,0.0
39.55,-118.649994,2016-05-26 00:00:00,0,0.0
39.55,-118.549995,2016-05-26 00:00:00,0,0.0
39.55,-118.45,2016-05-26 00:00:00,0,0.0
39.55,-118.34999,2016-05-26 00:00:00,0,0.0
39.55,-118.25,2016-05-26 00:00:00,0,0.0
39.55,-118.149994,2016-05-26 00:00:00,0,0.0
39.55,-118.049995,2016-05-26 00:00:00,0,0.0
39.55,-117.95,2016-05-26 00:00:00,0,0.0
39.55,-117.84999,2016-05-26 00:00:00,0,0.0
39.55,-117.75,2016-05-26 00:00:00,0,0.0
39.55,-117.649994,2016-05-26 00:00:00,0,0.0
39.55,-117.549995,2016-05-26 00:00:00,0,0.0
39.55,-117.45,2016-05-26 00:00:00,0,0.0
39.55,-117.34999,2016-05-26 00:00:00,0,0.0
39.55,-117.25,2016-05-26 00:00:00,0,0.0
39.55,-117.149994,2016-05-26 00:00:00,0,0.0
39.55,-117.049995,2016-05-26 00:00:00,0,0.0
39.55,-116.95,2016-05-26 00:00:00,0,0.0
39.55,-116.84999,2016-05-26 00:00:00,0,0.0
39.55,-116.75,2016-05-26 00:00:00,0,0.0
39.55,-116.649994,2016-05-26 00:00:00,0,0.0
39.55,-116.549995,2016-05-26 00:00:00,0,0.0
39.55,-116.45,2016-05-26 00:00:00,0,0.0
39.55,-116.34999,2016-05-26 00:00:00,0,0.0
39.55,-116.25,2016-05-26 00:00:00,0,0.0
39.55,-116.149994,2016-05-26 00:00:00,0,0.0
39.55,-116.049995,2016-05-26 00:00:00,0,0.0
39.55,-115.95,2016-05-26 00:00:00,0,0.0
39.55,-115.85,2016-05-26 00:00:00,0,0.0
39.55,-115.74999,2016-05-26 00:00:00,0,0.0
39.55,-115.649994,2016-05-26 00:00:00,0,0.0
39.55,-115.549995,2016-05-26 00:00:00,0,0.0
39.55,-115.45,2016-05-26 00:00:00,0,0.0
39.55,-115.35,2016-05-26 00:00:00,0,0.0
39.55,-115.24999,2016-05-26 00:00:00,0,0.0
39.55,-115.149994,2016-05-26 00:00:00,0,0.0
39.55,-115.049995,2016-05-26 00:00:00,0,0.0
39.55,-114.95,2016-05-26 00:00:00,0,0.0
39.55,-114.85,2016-05-26 00:00:00,0,0.0
39.55,-114.74999,2016-05-26 00:00:00,0,0.0
39.55,-114.649994,2016-05-26 00:00:00,0,0.0
39.55,-114.549995,2016-05-26 00:00:00,0,0.0
39.55,-114.45,2016-05-26 00:00:00,0,0.0
39.55,-114.35,2016-05-26 00:00:00,0,0.0
39.55,-114.24999,2016-05-26 00:00:00,0,0.0
39.650005,-124.34999,2016-05-26 00:00:00,0,0.0
39.650005,-124.25,2016-05-26 00:00:00,0,0.0
39.650005,-124.149994,2016-05-26 00:00:00,0,0.0
39.650005,-124.049995,2016-05-26 00:00:00,0,0.0
39.650005,-123.95,2016-05-26 00:00:00,0,0.0
39.650005,-123.84999,2016-05-26 00:00:00,0,0.0
39.650005,-123.75,2016-05-26 00:00:00,0,0.0
39.650005,-123.649994,2016-05-26 00:00:00,0,0.0
39.650005,-123.549995,2016-05-26 00:00:00,0,0.0
39.650005,-123.45,2016-05-26 00:00:00,0,0.0
39.650005,-123.34999,2016-05-26 00:00:00,0,0.0
39.650005,-123.25,2016-05-26 00:00:00,0,0.0
39.650005,-123.149994,2016-05-26 00:00:00,0,0.0
39.650005,-123.049995,2016-05-26 00:00:00,0,0.044287417
39.650005,-122.95,2016-05-26 00:00:00,0,0.14117044
39.650005,-122.84999,2016-05-26 00:00:00,0,0.20303866
39.650005,-122.75,2016-05-26 00:00:00,0,0.121296145
39.650005,-122.649994,2016-05-26 00:00:00,0,0.020843588
39.650005,-122.549995,2016-05-26 00:00:00,0,0.0049274415
39.650005,-122.45,2016-05-26 00:00:00,0,0.0
39.650005,-122.34999,2016-05-26 00:00:00,0,0.6089759
39.650005,-122.25,2016-05-26 00:00:00,0,0.0
39.650005,-122.149994,2016-05-26 00:00:00,0,0.025292005
39.650005,-122.049995,2016-05-26 00:00:00,0,0.0024174892
39.650005,-121.95,2016-05-26 00:00:00,0,0.0
39.650005,-121.84999,2016-05-26 00:00:00,0,0.35542524
39.650005,-121.75,2016-05-26 00:00:00,0,0.08
39.650005,-121.649994,2016-05-26 00:00:00,0,0.0
39.650005,-121.549995,2016-05-26 00:00:00,0,0.0016710504
39.650005,-121.45,2016-05-26 00:00:00,0,0.001822964
39.650005,-121.34999,2016-05-26 00:00:00,0,0.0
39.650005,-121.25,2016-05-26 00:00:00,0,0.0
39.650005,-121.149994,2016-05-26 00:00:00,0,0.0
39.650005,-121.049995,2016-05-26 00:00:00,0,0.0
39.650005,-120.95,2016-05-26 00:00:00,0,0.0
39.650005,-120.84999,2016-05-26 00:00:00,0,0.0
39.650005,-120.75,2016-05-26 00:00:00,0,0.0
39.650005,-120.649994,2016-05-26 00:00:00,0,0.23338512
39.650005,-120.549995,2016-05-26 00:00:00,0,1.8979019
39.650005,-120.45,2016-05-26 00:00:00,0,0.0
39.650005,-120.34999,2016-05-26 00:00:00,0,0.94742215
39.650005,-120.25,2016-05-26 00:00:00,0,0.0
39.650005,-120.149994,2016-05-26 00:00:00,0,0.029508462
39.650005,-120.049995,2016-05-26 00:00:00,0,0.27515015
39.650005,-119.95,2016-05-26 00:00:00,0,0.0
39.650005,-119.84999,2016-05-26 00:00:00,0,0.0
39.650005,-119.75,2016-05-26 00:00:00,0,0.0
39.650005,-119.649994,2016-05-26 00:00:00,0,0.0
39.650005,-119.549995,2016-05-26 00:00:00,0,0.0
39.650005,-119.45,2016-05-26 00:00:00,0,0.0
39.650005,-119.34999,2016-05-26 00:00:00,0,0.0
39.650005,-119.25,2016-05-26 00:00:00,0,0.0
39.650005,-119.149994,2016-05-26 00:00:00,0,0.0
39.650005,-119.049995,2016-05-26 00:00:00,0,0.0
39.650005,-118.95,2016-05-26 00:00:00,0,0.0
39.650005,-118.84999,2016-05-26 00:00:00,0,0.0
39.650005,-118.75,2016-05-26 00:00:00,0,0.0
39.650005,-118.649994,2016-05-26 00:00:00,0,0.0
39.650005,-118.549995,2016-05-26 00:00:00,0,0.0
39.650005,-118.45,2016-05-26 00:00:00,0,0.0
39.650005,-118.34999,2016-05-26 00:00:00,0,0.0
39.650005,-118.25,2016-05-26 00:00:00,0,0.0
39.650005,-118.149994,2016-05-26 00:00:00,0,0.0
39.650005,-118.049995,2016-05-26 00:00:00,0,0.0
39.650005,-117.95,2016-05-26 00:00:00,0,0.0
39.650005,-117.84999,2016-05-26 00:00:00,0,0.0
39.650005,-117.75,2016-05-26 00:00:00,0,0.0
39.650005,-117.649994,2016-05-26 00:00:00,0,0.0
39.650005,-117.549995,2016-05-26 00:00:00,0,0.0
39.650005,-117.45,2016-05-26 00:00:00,0,0.0
39.650005,-117.34999,2016-05-26 00:00:00,0,0.0
39.650005,-117.25,2016-05-26 00:00:00,0,0.0
39.650005,-117.149994,2016-05-26 00:00:00,0,0.0
39.650005,-117.049995,2016-05-26 00:00:00,0,0.0
39.650005,-116.95,2016-05-26 00:00:00,0,0.0
39.650005,-116.84999,2016-05-26 00:00:00,0,0.0
39.650005,-116.75,2016-05-26 00:00:00,0,0.0
39.650005,-116.649994,2016-05-26 00:00:00,0,0.0
39.650005,-116.549995,2016-05-26 00:00:00,0,0.0
39.650005,-116.45,2016-05-26 00:00:00,0,0.0
39.650005,-116.34999,2016-05-26 00:00:00,0,0.0
39.650005,-116.25,2016-05-26 00:00:00,0,0.0
39.650005,-116.149994,2016-05-26 00:00:00,0,0.0
39.650005,-116.049995,2016-05-26 00:00:00,0,0.0
39.650005,-115.95,2016-05-26 00:00:00,0,0.0
39.650005,-115.85,2016-05-26 00:00:00,0,0.0
39.650005,-115.74999,2016-05-26 00:00:00,0,0.0
39.650005,-115.649994,2016-05-26 00:00:00,0,0.0
39.650005,-115.549995,2016-05-26 00:00:00,0,0.0
39.650005,-115.45,2016-05-26 00:00:00,0,0.0
39.650005,-115.35,2016-05-26 00:00:00,0,0.0
39.650005,-115.24999,2016-05-26 00:00:00,0,0.0
39.650005,-115.149994,2016-05-26 00:00:00,0,0.0
39.650005,-115.049995,2016-05-26 00:00:00,0,0.0
39.650005,-114.95,2016-05-26 00:00:00,0,0.0
39.650005,-114.85,2016-05-26 00:00:00,0,0.0
39.650005,-114.74999,2016-05-26 00:00:00,0,0.0
39.650005,-114.649994,2016-05-26 00:00:00,0,0.0
39.650005,-114.549995,2016-05-26 00:00:00,0,0.0
39.650005,-114.45,2016-05-26 00:00:00,0,0.0
39.650005,-114.35,2016-05-26 00:00:00,0,0.0
39.650005,-114.24999,2016-05-26 00:00:00,0,0.0
39.749996,-124.34999,2016-05-26 00:00:00,0,0.0
39.749996,-124.25,2016-05-26 00:00:00,0,0.0
39.749996,-124.149994,2016-05-26 00:00:00,0,0.0
39.749996,-124.049995,2016-05-26 00:00:00,0,0.0
39.749996,-123.95,2016-05-26 00:00:00,0,0.0
39.749996,-123.84999,2016-05-26 00:00:00,0,0.0
39.749996,-123.75,2016-05-26 00:00:00,0,0.0
39.749996,-123.649994,2016-05-26 00:00:00,0,0.0
39.749996,-123.549995,2016-05-26 00:00:00,0,0.0
39.749996,-123.45,2016-05-26 00:00:00,0,0.0
39.749996,-123.34999,2016-05-26 00:00:00,0,0.0
39.749996,-123.25,2016-05-26 00:00:00,0,0.0
39.749996,-123.149994,2016-05-26 00:00:00,0,0.0
39.749996,-123.049995,2016-05-26 00:00:00,0,0.08604706
39.749996,-122.95,2016-05-26 00:00:00,0,0.24034216
39.749996,-122.84999,2016-05-26 00:00:00,0,0.32044354
39.749996,-122.75,2016-05-26 00:00:00,0,0.055
39.749996,-122.649994,2016-05-26 00:00:00,0,0.03
39.749996,-122.549995,2016-05-26 00:00:00,0,0.0058435886
39.749996,-122.45,2016-05-26 00:00:00,0,0.070534214
39.749996,-122.34999,2016-05-26 00:00:00,0,0.342289
39.749996,-122.25,2016-05-26 00:00:00,0,0.0
39.749996,-122.149994,2016-05-26 00:00:00,0,0.0
39.749996,-122.049995,2016-05-26 00:00:00,0,0.0010839431
39.749996,-121.95,2016-05-26 00:00:00,0,0.0
39.749996,-121.84999,2016-05-26 00:00:00,0,0.08783845
39.749996,-121.75,2016-05-26 00:00:00,0,0.13357103
39.749996,-121.649994,2016-05-26 00:00:00,0,0.005
39.749996,-121.549995,2016-05-26 00:00:00,0,0.0
39.749996,-121.45,2016-05-26 00:00:00,0,0.0
39.749996,-121.34999,2016-05-26 00:00:00,0,0.0
39.749996,-121.25,2016-05-26 00:00:00,0,0.0
39.749996,-121.149994,2016-05-26 00:00:00,0,0.0
39.749996,-121.049995,2016-05-26 00:00:00,0,0.011895173
39.749996,-120.95,2016-05-26 00:00:00,0,0.02300219
39.749996,-120.84999,2016-05-26 00:00:00,0,0.03911134
39.749996,-120.75,2016-05-26 00:00:00,0,0.17688613
39.749996,-120.649994,2016-05-26 00:00:00,0,0.19339901
39.749996,-120.549995,2016-05-26 00:00:00,0,0.20655923
39.749996,-120.45,2016-05-26 00:00:00,0,0.22387572
39.749996,-120.34999,2016-05-26 00:00:00,0,0.3553225
39.749996,-120.25,2016-05-26 00:00:00,0,0.16363785
39.749996,-120.149994,2016-05-26 00:00:00,0,0.0
39.749996,-120.049995,2016-05-26 00:00:00,0,0.3288019
39.749996,-119.95,2016-05-26 00:00:00,0,0.0
39.749996,-119.84999,2016-05-26 00:00:00,0,0.0
39.749996,-119.75,2016-05-26 00:00:00,0,0.0
39.749996,-119.649994,2016-05-26 00:00:00,0,0.0
39.749996,-119.549995,2016-05-26 00:00:00,0,0.0
39.749996,-119.45,2016-05-26 00:00:00,0,0.0
39.749996,-119.34999,2016-05-26 00:00:00,0,0.0
39.749996,-119.25,2016-05-26 00:00:00,0,0.0
39.749996,-119.149994,2016-05-26 00:00:00,0,0.0
39.749996,-119.049995,2016-05-26 00:00:00,0,0.0
39.749996,-118.95,2016-05-26 00:00:00,0,0.0
39.749996,-118.84999,2016-05-26 00:00:00,0,0.0
39.749996,-118.75,2016-05-26 00:00:00,0,0.0
39.749996,-118.649994,2016-05-26 00:00:00,0,0.0
39.749996,-118.549995,2016-05-26 00:00:00,0,0.0
39.749996,-118.45,2016-05-26 00:00:00,0,0.0
39.749996,-118.34999,2016-05-26 00:00:00,0,0.0
39.749996,-118.25,2016-05-26 00:00:00,0,0.0
39.749996,-118.149994,2016-05-26 00:00:00,0,0.0
39.749996,-118.049995,2016-05-26 00:00:00,0,0.0
39.749996,-117.95,2016-05-26 00:00:00,0,0.0
39.749996,-117.84999,2016-05-26 00:00:00,0,0.0
39.749996,-117.75,2016-05-26 00:00:00,0,0.0
39.749996,-117.649994,2016-05-26 00:00:00,0,0.0
39.749996,-117.549995,2016-05-26 00:00:00,0,0.0
39.749996,-117.45,2016-05-26 00:00:00,0,0.0
39.749996,-117.34999,2016-05-26 00:00:00,0,0.0
39.749996,-117.25,2016-05-26 00:00:00,0,0.0
39.749996,-117.149994,2016-05-26 00:00:00,0,0.0
39.749996,-117.049995,2016-05-26 00:00:00,0,0.0
39.749996,-116.95,2016-05-26 00:00:00,0,0.0
39.749996,-116.84999,2016-05-26 00:00:00,0,0.0
39.749996,-116.75,2016-05-26 00:00:00,0,0.0
39.749996,-116.649994,2016-05-26 00:00:00,0,0.0
39.749996,-116.549995,2016-05-26 00:00:00,0,0.0
39.749996,-116.45,2016-05-26 00:00:00,0,0.0
39.749996,-116.34999,2016-05-26 00:00:00,0,0.0
39.749996,-116.25,2016-05-26 00:00:00,0,0.0
39.749996,-116.149994,2016-05-26 00:00:00,0,0.0
39.749996,-116.049995,2016-05-26 00:00:00,0,0.0
39.749996,-115.95,2016-05-26 00:00:00,0,0.0
39.749996,-115.85,2016-05-26 00:00:00,0,0.0
39.749996,-115.74999,2016-05-26 00:00:00,0,0.0
39.749996,-115.649994,2016-05-26 00:00:00,0,0.0
39.749996,-115.549995,2016-05-26 00:00:00,0,0.0
39.749996,-115.45,2016-05-26 00:00:00,0,0.0
39.749996,-115.35,2016-05-26 00:00:00,0,0.0
39.749996,-115.24999,2016-05-26 00:00:00,0,0.0
39.749996,-115.149994,2016-05-26 00:00:00,0,0.0
39.749996,-115.049995,2016-05-26 00:00:00,0,0.0
39.749996,-114.95,2016-05-26 00:00:00,0,0.0
39.749996,-114.85,2016-05-26 00:00:00,0,0.0
39.749996,-114.74999,2016-05-26 00:00:00,0,0.0
39.749996,-114.649994,2016-05-26 00:00:00,0,0.0
39.749996,-114.549995,2016-05-26 00:00:00,0,0.0
39.749996,-114.45,2016-05-26 00:00:00,0,0.0
39.749996,-114.35,2016-05-26 00:00:00,0,0.0
39.749996,-114.24999,2016-05-26 00:00:00,0,0.0
39.850002,-124.34999,2016-05-26 00:00:00,0,0.0
39.850002,-124.25,2016-05-26 00:00:00,0,0.0
39.850002,-124.149994,2016-05-26 00:00:00,0,0.0
39.850002,-124.049995,2016-05-26 00:00:00,0,0.0
39.850002,-123.95,2016-05-26 00:00:00,0,0.0
39.850002,-123.84999,2016-05-26 00:00:00,0,0.0066963783
39.850002,-123.75,2016-05-26 00:00:00,0,0.0
39.850002,-123.649994,2016-05-26 00:00:00,0,0.0
39.850002,-123.549995,2016-05-26 00:00:00,0,0.0
39.850002,-123.45,2016-05-26 00:00:00,0,0.0
39.850002,-123.34999,2016-05-26 00:00:00,0,0.0
39.850002,-123.25,2016-05-26 00:00:00,0,0.0
39.850002,-123.149994,2016-05-26 00:00:00,0,0.0
39.850002,-123.049995,2016-05-26 00:00:00,0,0.12126833
39.850002,-122.95,2016-05-26 00:00:00,0,0.2982149
39.850002,-122.84999,2016-05-26 00:00:00,0,0.28460175
39.850002,-122.75,2016-05-26 00:00:00,0,0.029953616
39.850002,-122.649994,2016-05-26 00:00:00,0,0.033364255
39.850002,-122.549995,2016-05-26 00:00:00,0,0.019435938
39.850002,-122.45,2016-05-26 00:00:00,0,0.0
39.850002,-122.34999,2016-05-26 00:00:00,0,0.11725242
39.850002,-122.25,2016-05-26 00:00:00,0,0.0
39.850002,-122.149994,2016-05-26 00:00:00,0,0.0
39.850002,-122.049995,2016-05-26 00:00:00,0,0.0
39.850002,-121.95,2016-05-26 00:00:00,0,0.0
39.850002,-121.84999,2016-05-26 00:00:00,0,0.05194001
39.850002,-121.75,2016-05-26 00:00:00,0,0.08812518
39.850002,-121.649994,2016-05-26 00:00:00,0,0.0033481892
39.850002,-121.549995,2016-05-26 00:00:00,0,0.0
39.850002,-121.45,2016-05-26 00:00:00,0,0.0
39.850002,-121.34999,2016-05-26 00:00:00,0,0.13412938
39.850002,-121.25,2016-05-26 00:00:00,0,0.13412938
39.850002,-121.149994,2016-05-26 00:00:00,0,0.0
39.850002,-121.049995,2016-05-26 00:00:00,0,0.0
39.850002,-120.95,2016-05-26 00:00:00,0,0.0
39.850002,-120.84999,2016-05-26 00:00:00,0,0.0
39.850002,-120.75,2016-05-26 00:00:00,0,0.0
39.850002,-120.649994,2016-05-26 00:00:00,0,0.0
39.850002,-120.549995,2016-05-26 00:00:00,0,0.16632043
39.850002,-120.45,2016-05-26 00:00:00,0,0.25353682
39.850002,-120.34999,2016-05-26 00:00:00,0,0.27231494
39.850002,-120.25,2016-05-26 00:00:00,0,0.27231494
39.850002,-120.149994,2016-05-26 00:00:00,0,0.52731335
39.850002,-120.049995,2016-05-26 00:00:00,0,0.085842796
39.850002,-119.95,2016-05-26 00:00:00,0,0.0
39.850002,-119.84999,2016-05-26 00:00:00,0,0.0
39.850002,-119.75,2016-05-26 00:00:00,0,0.0
39.850002,-119.649994,2016-05-26 00:00:00,0,0.0
39.850002,-119.549995,2016-05-26 00:00:00,0,0.0
39.850002,-119.45,2016-05-26 00:00:00,0,0.0
39.850002,-119.34999,2016-05-26 00:00:00,0,0.0
39.850002,-119.25,2016-05-26 00:00:00,0,0.0
39.850002,-119.149994,2016-05-26 00:00:00,0,0.0
39.850002,-119.049995,2016-05-26 00:00:00,0,0.0
39.850002,-118.95,2016-05-26 00:00:00,0,0.0
39.850002,-118.84999,2016-05-26 00:00:00,0,0.0
39.850002,-118.75,2016-05-26 00:00:00,0,0.0
39.850002,-118.649994,2016-05-26 00:00:00,0,0.0
39.850002,-118.549995,2016-05-26 00:00:00,0,0.0
39.850002,-118.45,2016-05-26 00:00:00,0,0.0
39.850002,-118.34999,2016-05-26 00:00:00,0,0.0
39.850002,-118.25,2016-05-26 00:00:00,0,0.0
39.850002,-118.149994,2016-05-26 00:00:00,0,0.0
39.850002,-118.049995,2016-05-26 00:00:00,0,0.0
39.850002,-117.95,2016-05-26 00:00:00,0,0.0
39.850002,-117.84999,2016-05-26 00:00:00,0,0.0
39.850002,-117.75,2016-05-26 00:00:00,0,0.0
39.850002,-117.649994,2016-05-26 00:00:00,0,0.0
39.850002,-117.549995,2016-05-26 00:00:00,0,0.0
39.850002,-117.45,2016-05-26 00:00:00,0,0.0
39.850002,-117.34999,2016-05-26 00:00:00,0,0.0
39.850002,-117.25,2016-05-26 00:00:00,0,0.0
39.850002,-117.149994,2016-05-26 00:00:00,0,0.0
39.850002,-117.049995,2016-05-26 00:00:00,0,0.0
39.850002,-116.95,2016-05-26 00:00:00,0,0.0
39.850002,-116.84999,2016-05-26 00:00:00,0,0.0
39.850002,-116.75,2016-05-26 00:00:00,0,0.0
39.850002,-116.649994,2016-05-26 00:00:00,0,0.0
39.850002,-116.549995,2016-05-26 00:00:00,0,0.0
39.850002,-116.45,2016-05-26 00:00:00,0,0.0
39.850002,-116.34999,2016-05-26 00:00:00,0,0.0
39.850002,-116.25,2016-05-26 00:00:00,0,0.0
39.850002,-116.149994,2016-05-26 00:00:00,0,0.0
39.850002,-116.049995,2016-05-26 00:00:00,0,0.0
39.850002,-115.95,2016-05-26 00:00:00,0,0.0
39.850002,-115.85,2016-05-26 00:00:00,0,0.0
39.850002,-115.74999,2016-05-26 00:00:00,0,0.0
39.850002,-115.649994,2016-05-26 00:00:00,0,0.0
39.850002,-115.549995,2016-05-26 00:00:00,0,0.0
39.850002,-115.45,2016-05-26 00:00:00,0,0.0
39.850002,-115.35,2016-05-26 00:00:00,0,0.0
39.850002,-115.24999,2016-05-26 00:00:00,0,0.0
39.850002,-115.149994,2016-05-26 00:00:00,0,0.0
39.850002,-115.049995,2016-05-26 00:00:00,0,0.0
39.850002,-114.95,2016-05-26 00:00:00,0,0.0
39.850002,-114.85,2016-05-26 00:00:00,0,0.0
39.850002,-114.74999,2016-05-26 00:00:00,0,0.0
39.850002,-114.649994,2016-05-26 00:00:00,0,0.0
39.850002,-114.549995,2016-05-26 00:00:00,0,0.0
39.850002,-114.45,2016-05-26 00:00:00,0,0.0
39.850002,-114.35,2016-05-26 00:00:00,0,0.0
39.850002,-114.24999,2016-05-26 00:00:00,0,0.0
39.95001,-124.34999,2016-05-26 00:00:00,0,0.0
39.95001,-124.25,2016-05-26 00:00:00,0,0.0
39.95001,-124.149994,2016-05-26 00:00:00,0,0.0
39.95001,-124.049995,2016-05-26 00:00:00,0,0.0
39.95001,-123.95,2016-05-26 00:00:00,0,0.0033481892
39.95001,-123.84999,2016-05-26 00:00:00,0,0.0043192687
39.95001,-123.75,2016-05-26 00:00:00,0,0.0
39.95001,-123.649994,2016-05-26 00:00:00,0,0.0
39.95001,-123.549995,2016-05-26 00:00:00,0,0.0
39.95001,-123.45,2016-05-26 00:00:00,0,0.0
39.95001,-123.34999,2016-05-26 00:00:00,0,0.0
39.95001,-123.25,2016-05-26 00:00:00,0,0.0
39.95001,-123.149994,2016-05-26 00:00:00,0,0.0
39.95001,-123.049995,2016-05-26 00:00:00,0,0.16707665
39.95001,-122.95,2016-05-26 00:00:00,0,0.12140504
39.95001,-122.84999,2016-05-26 00:00:00,0,0.017627299
39.95001,-122.75,2016-05-26 00:00:00,0,0.17718875
39.95001,-122.649994,2016-05-26 00:00:00,0,0.045287393
39.95001,-122.549995,2016-05-26 00:00:00,0,0.029948546
39.95001,-122.45,2016-05-26 00:00:00,0,0.0
39.95001,-122.34999,2016-05-26 00:00:00,0,0.0
39.95001,-122.25,2016-05-26 00:00:00,0,0.0
39.95001,-122.149994,2016-05-26 00:00:00,0,0.0
39.95001,-122.049995,2016-05-26 00:00:00,0,0.0
39.95001,-121.95,2016-05-26 00:00:00,0,0.0
39.95001,-121.84999,2016-05-26 00:00:00,0,0.0016259146
39.95001,-121.75,2016-05-26 00:00:00,0,0.058858573
39.95001,-121.649994,2016-05-26 00:00:00,0,0.0021596344
39.95001,-121.549995,2016-05-26 00:00:00,0,0.0
39.95001,-121.45,2016-05-26 00:00:00,0,0.0
39.95001,-121.34999,2016-05-26 00:00:00,0,0.16632043
39.95001,-121.25,2016-05-26 00:00:00,0,0.0
39.95001,-121.149994,2016-05-26 00:00:00,0,0.0
39.95001,-121.049995,2016-05-26 00:00:00,0,0.0
39.95001,-120.95,2016-05-26 00:00:00,0,0.0
39.95001,-120.84999,2016-05-26 00:00:00,0,0.0
39.95001,-120.75,2016-05-26 00:00:00,0,0.0
39.95001,-120.649994,2016-05-26 00:00:00,0,0.0
39.95001,-120.549995,2016-05-26 00:00:00,0,0.0
39.95001,-120.45,2016-05-26 00:00:00,0,0.037556224
39.95001,-120.34999,2016-05-26 00:00:00,0,0.19851148
39.95001,-120.25,2016-05-26 00:00:00,0,0.47366163
39.95001,-120.149994,2016-05-26 00:00:00,0,0.23070252
39.95001,-120.049995,2016-05-26 00:00:00,0,0.14754231
39.95001,-119.95,2016-05-26 00:00:00,0,0.0
39.95001,-119.84999,2016-05-26 00:00:00,0,0.0
39.95001,-119.75,2016-05-26 00:00:00,0,0.0
39.95001,-119.649994,2016-05-26 00:00:00,0,0.0
39.95001,-119.549995,2016-05-26 00:00:00,0,0.0
39.95001,-119.45,2016-05-26 00:00:00,0,0.0
39.95001,-119.34999,2016-05-26 00:00:00,0,0.0
39.95001,-119.25,2016-05-26 00:00:00,0,0.0
39.95001,-119.149994,2016-05-26 00:00:00,0,0.0
39.95001,-119.049995,2016-05-26 00:00:00,0,0.0
39.95001,-118.95,2016-05-26 00:00:00,0,0.0
39.95001,-118.84999,2016-05-26 00:00:00,0,0.0
39.95001,-118.75,2016-05-26 00:00:00,0,0.0
39.95001,-118.649994,2016-05-26 00:00:00,0,0.0
39.95001,-118.549995,2016-05-26 00:00:00,0,0.0
39.95001,-118.45,2016-05-26 00:00:00,0,0.0
39.95001,-118.34999,2016-05-26 00:00:00,0,0.0
39.95001,-118.25,2016-05-26 00:00:00,0,0.0
39.95001,-118.149994,2016-05-26 00:00:00,0,0.0
39.95001,-118.049995,2016-05-26 00:00:00,0,0.0
39.95001,-117.95,2016-05-26 00:00:00,0,0.0
39.95001,-117.84999,2016-05-26 00:00:00,0,0.0
39.95001,-117.75,2016-05-26 00:00:00,0,0.0
39.95001,-117.649994,2016-05-26 00:00:00,0,0.0
39.95001,-117.549995,2016-05-26 00:00:00,0,0.0
39.95001,-117.45,2016-05-26 00:00:00,0,0.0
39.95001,-117.34999,2016-05-26 00:00:00,0,0.0
39.95001,-117.25,2016-05-26 00:00:00,0,0.0
39.95001,-117.149994,2016-05-26 00:00:00,0,0.0
39.95001,-117.049995,2016-05-26 00:00:00,0,0.0
39.95001,-116.95,2016-05-26 00:00:00,0,0.0
39.95001,-116.84999,2016-05-26 00:00:00,0,0.0
39.95001,-116.75,2016-05-26 00:00:00,0,0.0
39.95001,-116.649994,2016-05-26 00:00:00,0,0.0
39.95001,-116.549995,2016-05-26 00:00:00,0,0.0
39.95001,-116.45,2016-05-26 00:00:00,0,0.0
39.95001,-116.34999,2016-05-26 00:00:00,0,0.0
39.95001,-116.25,2016-05-26 00:00:00,0,0.0
39.95001,-116.149994,2016-05-26 00:00:00,0,0.0
39.95001,-116.049995,2016-05-26 00:00:00,0,0.0
39.95001,-115.95,2016-05-26 00:00:00,0,0.0
39.95001,-115.85,2016-05-26 00:00:00,0,0.0
39.95001,-115.74999,2016-05-26 00:00:00,0,0.0
39.95001,-115.649994,2016-05-26 00:00:00,0,0.0
39.95001,-115.549995,2016-05-26 00:00:00,0,0.0
39.95001,-115.45,2016-05-26 00:00:00,0,0.0
39.95001,-115.35,2016-05-26 00:00:00,0,0.0
39.95001,-115.24999,2016-05-26 00:00:00,0,0.0
39.95001,-115.149994,2016-05-26 00:00:00,0,0.0
39.95001,-115.049995,2016-05-26 00:00:00,0,0.0
39.95001,-114.95,2016-05-26 00:00:00,0,0.0
39.95001,-114.85,2016-05-26 00:00:00,0,0.0
39.95001,-114.74999,2016-05-26 00:00:00,0,0.0
39.95001,-114.649994,2016-05-26 00:00:00,0,0.0
39.95001,-114.549995,2016-05-26 00:00:00,0,0.0
39.95001,-114.45,2016-05-26 00:00:00,0,0.0
39.95001,-114.35,2016-05-26 00:00:00,0,0.0
39.95001,-114.24999,2016-05-26 00:00:00,0,0.0
40.05,-124.34999,2016-05-26 00:00:00,0,0.0
40.05,-124.25,2016-05-26 00:00:00,0,0.0
40.05,-124.149994,2016-05-26 00:00:00,0,0.0
40.05,-124.049995,2016-05-26 00:00:00,0,0.0
40.05,-123.95,2016-05-26 00:00:00,0,0.0021922935
40.05,-123.84999,2016-05-26 00:00:00,0,0.0030205771
40.05,-123.75,2016-05-26 00:00:00,0,0.0
40.05,-123.649994,2016-05-26 00:00:00,0,0.0
40.05,-123.549995,2016-05-26 00:00:00,0,0.0
40.05,-123.45,2016-05-26 00:00:00,0,0.0
40.05,-123.34999,2016-05-26 00:00:00,0,0.0
40.05,-123.25,2016-05-26 00:00:00,0,0.0
40.05,-123.149994,2016-05-26 00:00:00,0,0.0
40.05,-123.049995,2016-05-26 00:00:00,0,0.29837537
40.05,-122.95,2016-05-26 00:00:00,0,0.1273222
40.05,-122.84999,2016-05-26 00:00:00,0,0.0977988
40.05,-122.75,2016-05-26 00:00:00,0,0.39809978
40.05,-122.649994,2016-05-26 00:00:00,0,0.20414181
40.05,-122.549995,2016-05-26 00:00:00,0,0.044118308
40.05,-122.45,2016-05-26 00:00:00,0,0.0
40.05,-122.34999,2016-05-26 00:00:00,0,0.0
40.05,-122.25,2016-05-26 00:00:00,0,0.0
40.05,-122.149994,2016-05-26 00:00:00,0,0.0
40.05,-122.049995,2016-05-26 00:00:00,0,0.0
40.05,-121.95,2016-05-26 00:00:00,0,0.12660383
40.05,-121.84999,2016-05-26 00:00:00,0,0.0
40.05,-121.75,2016-05-26 00:00:00,0,0.024164617
40.05,-121.649994,2016-05-26 00:00:00,0,0.0015102886
40.05,-121.549995,2016-05-26 00:00:00,0,0.0
40.05,-121.45,2016-05-26 00:00:00,0,0.0
40.05,-121.34999,2016-05-26 00:00:00,0,0.0
40.05,-121.25,2016-05-26 00:00:00,0,0.0
40.05,-121.149994,2016-05-26 00:00:00,0,0.0
40.05,-121.049995,2016-05-26 00:00:00,0,0.0
40.05,-120.95,2016-05-26 00:00:00,0,0.0
40.05,-120.84999,2016-05-26 00:00:00,0,0.0
40.05,-120.75,2016-05-26 00:00:00,0,0.0
40.05,-120.649994,2016-05-26 00:00:00,0,0.0
40.05,-120.549995,2016-05-26 00:00:00,0,0.0
40.05,-120.45,2016-05-26 00:00:00,0,0.0
40.05,-120.34999,2016-05-26 00:00:00,0,0.21377096
40.05,-120.25,2016-05-26 00:00:00,0,0.2591973
40.05,-120.149994,2016-05-26 00:00:00,0,0.25652516
40.05,-120.049995,2016-05-26 00:00:00,0,0.056114875
40.05,-119.95,2016-05-26 00:00:00,0,0.0
40.05,-119.84999,2016-05-26 00:00:00,0,0.0
40.05,-119.75,2016-05-26 00:00:00,0,0.0
40.05,-119.649994,2016-05-26 00:00:00,0,0.0
40.05,-119.549995,2016-05-26 00:00:00,0,0.0
40.05,-119.45,2016-05-26 00:00:00,0,0.0
40.05,-119.34999,2016-05-26 00:00:00,0,0.0
40.05,-119.25,2016-05-26 00:00:00,0,0.0
40.05,-119.149994,2016-05-26 00:00:00,0,0.0
40.05,-119.049995,2016-05-26 00:00:00,0,0.0
40.05,-118.95,2016-05-26 00:00:00,0,0.0
40.05,-118.84999,2016-05-26 00:00:00,0,0.0
40.05,-118.75,2016-05-26 00:00:00,0,0.0
40.05,-118.649994,2016-05-26 00:00:00,0,0.0
40.05,-118.549995,2016-05-26 00:00:00,0,0.0
40.05,-118.45,2016-05-26 00:00:00,0,0.0
40.05,-118.34999,2016-05-26 00:00:00,0,0.0
40.05,-118.25,2016-05-26 00:00:00,0,0.0
40.05,-118.149994,2016-05-26 00:00:00,0,0.0
40.05,-118.049995,2016-05-26 00:00:00,0,0.0
40.05,-117.95,2016-05-26 00:00:00,0,0.0
40.05,-117.84999,2016-05-26 00:00:00,0,0.0
40.05,-117.75,2016-05-26 00:00:00,0,0.0
40.05,-117.649994,2016-05-26 00:00:00,0,0.0
40.05,-117.549995,2016-05-26 00:00:00,0,0.0
40.05,-117.45,2016-05-26 00:00:00,0,0.0
40.05,-117.34999,2016-05-26 00:00:00,0,0.0
40.05,-117.25,2016-05-26 00:00:00,0,0.0
40.05,-117.149994,2016-05-26 00:00:00,0,0.0
40.05,-117.049995,2016-05-26 00:00:00,0,0.0
40.05,-116.95,2016-05-26 00:00:00,0,0.0
40.05,-116.84999,2016-05-26 00:00:00,0,0.0
40.05,-116.75,2016-05-26 00:00:00,0,0.0
40.05,-116.649994,2016-05-26 00:00:00,0,0.0
40.05,-116.549995,2016-05-26 00:00:00,0,0.0
40.05,-116.45,2016-05-26 00:00:00,0,0.0
40.05,-116.34999,2016-05-26 00:00:00,0,0.0
40.05,-116.25,2016-05-26 00:00:00,0,0.0
40.05,-116.149994,2016-05-26 00:00:00,0,0.0
40.05,-116.049995,2016-05-26 00:00:00,0,0.0
40.05,-115.95,2016-05-26 00:00:00,0,0.0
40.05,-115.85,2016-05-26 00:00:00,0,0.0
40.05,-115.74999,2016-05-26 00:00:00,0,0.0
40.05,-115.649994,2016-05-26 00:00:00,0,0.0
40.05,-115.549995,2016-05-26 00:00:00,0,0.0
40.05,-115.45,2016-05-26 00:00:00,0,0.0
40.05,-115.35,2016-05-26 00:00:00,0,0.0
40.05,-115.24999,2016-05-26 00:00:00,0,0.0
40.05,-115.149994,2016-05-26 00:00:00,0,0.0
40.05,-115.049995,2016-05-26 00:00:00,0,0.0
40.05,-114.95,2016-05-26 00:00:00,0,0.0
40.05,-114.85,2016-05-26 00:00:00,0,0.0
40.05,-114.74999,2016-05-26 00:00:00,0,0.0
40.05,-114.649994,2016-05-26 00:00:00,0,0.0
40.05,-114.549995,2016-05-26 00:00:00,0,0.0
40.05,-114.45,2016-05-26 00:00:00,0,0.0
40.05,-114.35,2016-05-26 00:00:00,0,0.0
40.05,-114.24999,2016-05-26 00:00:00,0,0.0
40.150005,-124.34999,2016-05-26 00:00:00,0,0.0
40.150005,-124.25,2016-05-26 00:00:00,0,0.0
40.150005,-124.149994,2016-05-26 00:00:00,0,0.058097735
40.150005,-124.049995,2016-05-26 00:00:00,0,0.0
40.150005,-123.95,2016-05-26 00:00:00,0,0.0015102886
40.150005,-123.84999,2016-05-26 00:00:00,0,0.0
40.150005,-123.75,2016-05-26 00:00:00,0,0.0
40.150005,-123.649994,2016-05-26 00:00:00,0,0.0
40.150005,-123.549995,2016-05-26 00:00:00,0,0.0
40.150005,-123.45,2016-05-26 00:00:00,0,0.0
40.150005,-123.34999,2016-05-26 00:00:00,0,0.0
40.150005,-123.25,2016-05-26 00:00:00,0,0.0
40.150005,-123.149994,2016-05-26 00:00:00,0,0.0
40.150005,-123.049995,2016-05-26 00:00:00,0,0.30026066
40.150005,-122.95,2016-05-26 00:00:00,0,0.07104663
40.150005,-122.84999,2016-05-26 00:00:00,0,0.12322801
40.150005,-122.75,2016-05-26 00:00:00,0,0.3113875
40.150005,-122.649994,2016-05-26 00:00:00,0,0.40424687
40.150005,-122.549995,2016-05-26 00:00:00,0,0.0605513
40.150005,-122.45,2016-05-26 00:00:00,0,0.0
40.150005,-122.34999,2016-05-26 00:00:00,0,0.0
40.150005,-122.25,2016-05-26 00:00:00,0,0.0
40.150005,-122.149994,2016-05-26 00:00:00,0,0.0
40.150005,-122.049995,2016-05-26 00:00:00,0,0.0
40.150005,-121.95,2016-05-26 00:00:00,0,0.0
40.150005,-121.84999,2016-05-26 00:00:00,0,0.0
40.150005,-121.75,2016-05-26 00:00:00,0,0.0
40.150005,-121.649994,2016-05-26 00:00:00,0,0.0
40.150005,-121.549995,2016-05-26 00:00:00,0,0.0
40.150005,-121.45,2016-05-26 00:00:00,0,0.019022645
40.150005,-121.34999,2016-05-26 00:00:00,0,0.0
40.150005,-121.25,2016-05-26 00:00:00,0,0.0
40.150005,-121.149994,2016-05-26 00:00:00,0,0.34853953
40.150005,-121.049995,2016-05-26 00:00:00,0,1.0452892
40.150005,-120.95,2016-05-26 00:00:00,0,0.14585431
40.150005,-120.84999,2016-05-26 00:00:00,0,0.15800883
40.150005,-120.75,2016-05-26 00:00:00,0,0.0
40.150005,-120.649994,2016-05-26 00:00:00,0,0.0
40.150005,-120.549995,2016-05-26 00:00:00,0,0.0
40.150005,-120.45,2016-05-26 00:00:00,0,0.0
40.150005,-120.34999,2016-05-26 00:00:00,0,0.2164431
40.150005,-120.25,2016-05-26 00:00:00,0,0.0
40.150005,-120.149994,2016-05-26 00:00:00,0,0.0
40.150005,-120.049995,2016-05-26 00:00:00,0,0.0
40.150005,-119.95,2016-05-26 00:00:00,0,0.0
40.150005,-119.84999,2016-05-26 00:00:00,0,0.0
40.150005,-119.75,2016-05-26 00:00:00,0,0.0
40.150005,-119.649994,2016-05-26 00:00:00,0,0.0
40.150005,-119.549995,2016-05-26 00:00:00,0,0.0
40.150005,-119.45,2016-05-26 00:00:00,0,0.0
40.150005,-119.34999,2016-05-26 00:00:00,0,0.0
40.150005,-119.25,2016-05-26 00:00:00,0,0.0
40.150005,-119.149994,2016-05-26 00:00:00,0,0.0
40.150005,-119.049995,2016-05-26 00:00:00,0,0.0
40.150005,-118.95,2016-05-26 00:00:00,0,0.0
40.150005,-118.84999,2016-05-26 00:00:00,0,0.0
40.150005,-118.75,2016-05-26 00:00:00,0,0.0
40.150005,-118.649994,2016-05-26 00:00:00,0,0.0
40.150005,-118.549995,2016-05-26 00:00:00,0,0.0
40.150005,-118.45,2016-05-26 00:00:00,0,0.0
40.150005,-118.34999,2016-05-26 00:00:00,0,0.0
40.150005,-118.25,2016-05-26 00:00:00,0,0.0
40.150005,-118.149994,2016-05-26 00:00:00,0,0.0
40.150005,-118.049995,2016-05-26 00:00:00,0,0.0
40.150005,-117.95,2016-05-26 00:00:00,0,0.0
40.150005,-117.84999,2016-05-26 00:00:00,0,0.0
40.150005,-117.75,2016-05-26 00:00:00,0,0.0
40.150005,-117.649994,2016-05-26 00:00:00,0,0.0
40.150005,-117.549995,2016-05-26 00:00:00,0,0.0
40.150005,-117.45,2016-05-26 00:00:00,0,0.0
40.150005,-117.34999,2016-05-26 00:00:00,0,0.0
40.150005,-117.25,2016-05-26 00:00:00,0,0.0
40.150005,-117.149994,2016-05-26 00:00:00,0,0.0
40.150005,-117.049995,2016-05-26 00:00:00,0,0.0
40.150005,-116.95,2016-05-26 00:00:00,0,0.0
40.150005,-116.84999,2016-05-26 00:00:00,0,0.0
40.150005,-116.75,2016-05-26 00:00:00,0,0.0
40.150005,-116.649994,2016-05-26 00:00:00,0,0.0
40.150005,-116.549995,2016-05-26 00:00:00,0,0.0
40.150005,-116.45,2016-05-26 00:00:00,0,0.0
40.150005,-116.34999,2016-05-26 00:00:00,0,0.0
40.150005,-116.25,2016-05-26 00:00:00,0,0.0
40.150005,-116.149994,2016-05-26 00:00:00,0,0.0
40.150005,-116.049995,2016-05-26 00:00:00,0,0.0
40.150005,-115.95,2016-05-26 00:00:00,0,0.0
40.150005,-115.85,2016-05-26 00:00:00,0,0.0
40.150005,-115.74999,2016-05-26 00:00:00,0,0.0
40.150005,-115.649994,2016-05-26 00:00:00,0,0.0
40.150005,-115.549995,2016-05-26 00:00:00,0,0.0
40.150005,-115.45,2016-05-26 00:00:00,0,0.0
40.150005,-115.35,2016-05-26 00:00:00,0,0.0
40.150005,-115.24999,2016-05-26 00:00:00,0,0.0
40.150005,-115.149994,2016-05-26 00:00:00,0,0.0
40.150005,-115.049995,2016-05-26 00:00:00,0,0.0
40.150005,-114.95,2016-05-26 00:00:00,0,0.0
40.150005,-114.85,2016-05-26 00:00:00,0,0.0
40.150005,-114.74999,2016-05-26 00:00:00,0,0.0
40.150005,-114.649994,2016-05-26 00:00:00,0,0.0
40.150005,-114.549995,2016-05-26 00:00:00,0,0.0
40.150005,-114.45,2016-05-26 00:00:00,0,0.0
40.150005,-114.35,2016-05-26 00:00:00,0,0.0
40.150005,-114.24999,2016-05-26 00:00:00,0,0.0
40.249996,-124.34999,2016-05-26 00:00:00,0,0.020451866
40.249996,-124.25,2016-05-26 00:00:00,0,0.08907509
40.249996,-124.149994,2016-05-26 00:00:00,0,0.036267377
40.249996,-124.049995,2016-05-26 00:00:00,0,0.0
40.249996,-123.95,2016-05-26 00:00:00,0,0.0
40.249996,-123.84999,2016-05-26 00:00:00,0,0.0
40.249996,-123.75,2016-05-26 00:00:00,0,0.0
40.249996,-123.649994,2016-05-26 00:00:00,0,0.0
40.249996,-123.549995,2016-05-26 00:00:00,0,0.0
40.249996,-123.45,2016-05-26 00:00:00,0,0.0
40.249996,-123.34999,2016-05-26 00:00:00,0,0.0
40.249996,-123.25,2016-05-26 00:00:00,0,0.0
40.249996,-123.149994,2016-05-26 00:00:00,0,0.0
40.249996,-123.049995,2016-05-26 00:00:00,0,0.16429533
40.249996,-122.95,2016-05-26 00:00:00,0,0.0
40.249996,-122.84999,2016-05-26 00:00:00,0,0.089026
40.249996,-122.75,2016-05-26 00:00:00,0,0.2265368
40.249996,-122.649994,2016-05-26 00:00:00,0,0.30666566
40.249996,-122.549995,2016-05-26 00:00:00,0,0.07493454
40.249996,-122.45,2016-05-26 00:00:00,0,0.0
40.249996,-122.34999,2016-05-26 00:00:00,0,0.0
40.249996,-122.25,2016-05-26 00:00:00,0,0.0
40.249996,-122.149994,2016-05-26 00:00:00,0,0.0
40.249996,-122.049995,2016-05-26 00:00:00,0,0.0
40.249996,-121.95,2016-05-26 00:00:00,0,0.0
40.249996,-121.84999,2016-05-26 00:00:00,0,0.0
40.249996,-121.75,2016-05-26 00:00:00,0,0.0
40.249996,-121.649994,2016-05-26 00:00:00,0,0.0
40.249996,-121.549995,2016-05-26 00:00:00,0,0.48499998
40.249996,-121.45,2016-05-26 00:00:00,0,0.6346483
40.249996,-121.34999,2016-05-26 00:00:00,0,0.40957165
40.249996,-121.25,2016-05-26 00:00:00,0,0.0
40.249996,-121.149994,2016-05-26 00:00:00,0,0.0
40.249996,-121.049995,2016-05-26 00:00:00,0,1.6043973
40.249996,-120.95,2016-05-26 00:00:00,0,0.6198808
40.249996,-120.84999,2016-05-26 00:00:00,0,2.311362
40.249996,-120.75,2016-05-26 00:00:00,0,0.0
40.249996,-120.649994,2016-05-26 00:00:00,0,0.0
40.249996,-120.549995,2016-05-26 00:00:00,0,0.048966065
40.249996,-120.45,2016-05-26 00:00:00,0,0.09895152
40.249996,-120.34999,2016-05-26 00:00:00,0,0.21584995
40.249996,-120.25,2016-05-26 00:00:00,0,0.21022229
40.249996,-120.149994,2016-05-26 00:00:00,0,0.29
40.249996,-120.049995,2016-05-26 00:00:00,0,0.0
40.249996,-119.95,2016-05-26 00:00:00,0,0.0
40.249996,-119.84999,2016-05-26 00:00:00,0,0.0
40.249996,-119.75,2016-05-26 00:00:00,0,0.0
40.249996,-119.649994,2016-05-26 00:00:00,0,0.0
40.249996,-119.549995,2016-05-26 00:00:00,0,0.0
40.249996,-119.45,2016-05-26 00:00:00,0,0.0
40.249996,-119.34999,2016-05-26 00:00:00,0,0.0
40.249996,-119.25,2016-05-26 00:00:00,0,0.0
40.249996,-119.149994,2016-05-26 00:00:00,0,0.0
40.249996,-119.049995,2016-05-26 00:00:00,0,0.0
40.249996,-118.95,2016-05-26 00:00:00,0,0.0
40.249996,-118.84999,2016-05-26 00:00:00,0,0.0
40.249996,-118.75,2016-05-26 00:00:00,0,0.0
40.249996,-118.649994,2016-05-26 00:00:00,0,0.0
40.249996,-118.549995,2016-05-26 00:00:00,0,0.0
40.249996,-118.45,2016-05-26 00:00:00,0,0.0
40.249996,-118.34999,2016-05-26 00:00:00,0,0.0
40.249996,-118.25,2016-05-26 00:00:00,0,0.0
40.249996,-118.149994,2016-05-26 00:00:00,0,0.0
40.249996,-118.049995,2016-05-26 00:00:00,0,0.0
40.249996,-117.95,2016-05-26 00:00:00,0,0.0
40.249996,-117.84999,2016-05-26 00:00:00,0,0.0
40.249996,-117.75,2016-05-26 00:00:00,0,0.0
40.249996,-117.649994,2016-05-26 00:00:00,0,0.0
40.249996,-117.549995,2016-05-26 00:00:00,0,0.0
40.249996,-117.45,2016-05-26 00:00:00,0,0.0
40.249996,-117.34999,2016-05-26 00:00:00,0,0.0
40.249996,-117.25,2016-05-26 00:00:00,0,0.0
40.249996,-117.149994,2016-05-26 00:00:00,0,0.0
40.249996,-117.049995,2016-05-26 00:00:00,0,0.0
40.249996,-116.95,2016-05-26 00:00:00,0,0.0
40.249996,-116.84999,2016-05-26 00:00:00,0,0.0
40.249996,-116.75,2016-05-26 00:00:00,0,0.0
40.249996,-116.649994,2016-05-26 00:00:00,0,0.0
40.249996,-116.549995,2016-05-26 00:00:00,0,0.0
40.249996,-116.45,2016-05-26 00:00:00,0,0.0
40.249996,-116.34999,2016-05-26 00:00:00,0,0.0
40.249996,-116.25,2016-05-26 00:00:00,0,0.0
40.249996,-116.149994,2016-05-26 00:00:00,0,0.0
40.249996,-116.049995,2016-05-26 00:00:00,0,0.0
40.249996,-115.95,2016-05-26 00:00:00,0,0.0
40.249996,-115.85,2016-05-26 00:00:00,0,0.0
40.249996,-115.74999,2016-05-26 00:00:00,0,0.0
40.249996,-115.649994,2016-05-26 00:00:00,0,0.0
40.249996,-115.549995,2016-05-26 00:00:00,0,0.0
40.249996,-115.45,2016-05-26 00:00:00,0,0.0
40.249996,-115.35,2016-05-26 00:00:00,0,0.0
40.249996,-115.24999,2016-05-26 00:00:00,0,0.0
40.249996,-115.149994,2016-05-26 00:00:00,0,0.0
40.249996,-115.049995,2016-05-26 00:00:00,0,0.0
40.249996,-114.95,2016-05-26 00:00:00,0,0.0
40.249996,-114.85,2016-05-26 00:00:00,0,0.0
40.249996,-114.74999,2016-05-26 00:00:00,0,0.0
40.249996,-114.649994,2016-05-26 00:00:00,0,0.0
40.249996,-114.549995,2016-05-26 00:00:00,0,0.0
40.249996,-114.45,2016-05-26 00:00:00,0,0.0
40.249996,-114.35,2016-05-26 00:00:00,0,0.0
40.249996,-114.24999,2016-05-26 00:00:00,0,0.0
40.350002,-124.34999,2016-05-26 00:00:00,0,0.10309774
40.350002,-124.25,2016-05-26 00:00:00,0,0.06010573
40.350002,-124.149994,2016-05-26 00:00:00,0,0.025625518
40.350002,-124.049995,2016-05-26 00:00:00,0,0.0
40.350002,-123.95,2016-05-26 00:00:00,0,0.0
40.350002,-123.84999,2016-05-26 00:00:00,0,0.0
40.350002,-123.75,2016-05-26 00:00:00,0,0.0
40.350002,-123.649994,2016-05-26 00:00:00,0,0.0
40.350002,-123.549995,2016-05-26 00:00:00,0,0.0
40.350002,-123.45,2016-05-26 00:00:00,0,0.0
40.350002,-123.34999,2016-05-26 00:00:00,0,0.0
40.350002,-123.25,2016-05-26 00:00:00,0,0.0
40.350002,-123.149994,2016-05-26 00:00:00,0,0.0
40.350002,-123.049995,2016-05-26 00:00:00,0,0.0
40.350002,-122.95,2016-05-26 00:00:00,0,0.0
40.350002,-122.84999,2016-05-26 00:00:00,0,0.021352097
40.350002,-122.75,2016-05-26 00:00:00,0,0.31212524
40.350002,-122.649994,2016-05-26 00:00:00,0,0.24542786
40.350002,-122.549995,2016-05-26 00:00:00,0,0.058622904
40.350002,-122.45,2016-05-26 00:00:00,0,0.0
40.350002,-122.34999,2016-05-26 00:00:00,0,0.0
40.350002,-122.25,2016-05-26 00:00:00,0,0.0
40.350002,-122.149994,2016-05-26 00:00:00,0,0.0
40.350002,-122.049995,2016-05-26 00:00:00,0,0.0
40.350002,-121.95,2016-05-26 00:00:00,0,0.0
40.350002,-121.84999,2016-05-26 00:00:00,0,0.0
40.350002,-121.75,2016-05-26 00:00:00,0,0.06947556
40.350002,-121.649994,2016-05-26 00:00:00,0,0.06947556
40.350002,-121.549995,2016-05-26 00:00:00,0,0.48
40.350002,-121.45,2016-05-26 00:00:00,0,0.56433827
40.350002,-121.34999,2016-05-26 00:00:00,0,0.61939174
40.350002,-121.25,2016-05-26 00:00:00,0,0.15309948
40.350002,-121.149994,2016-05-26 00:00:00,0,0.035
40.350002,-121.049995,2016-05-26 00:00:00,0,0.0
40.350002,-120.95,2016-05-26 00:00:00,0,0.0
40.350002,-120.84999,2016-05-26 00:00:00,0,0.0
40.350002,-120.75,2016-05-26 00:00:00,0,0.0
40.350002,-120.649994,2016-05-26 00:00:00,0,0.0
40.350002,-120.549995,2016-05-26 00:00:00,0,0.0
40.350002,-120.45,2016-05-26 00:00:00,0,0.0
40.350002,-120.34999,2016-05-26 00:00:00,0,0.0
40.350002,-120.25,2016-05-26 00:00:00,0,0.0
40.350002,-120.149994,2016-05-26 00:00:00,0,0.0
40.350002,-120.049995,2016-05-26 00:00:00,0,0.0
40.350002,-119.95,2016-05-26 00:00:00,0,0.0
40.350002,-119.84999,2016-05-26 00:00:00,0,0.0
40.350002,-119.75,2016-05-26 00:00:00,0,0.0
40.350002,-119.649994,2016-05-26 00:00:00,0,0.0
40.350002,-119.549995,2016-05-26 00:00:00,0,0.0
40.350002,-119.45,2016-05-26 00:00:00,0,0.0
40.350002,-119.34999,2016-05-26 00:00:00,0,0.0
40.350002,-119.25,2016-05-26 00:00:00,0,0.0
40.350002,-119.149994,2016-05-26 00:00:00,0,0.0
40.350002,-119.049995,2016-05-26 00:00:00,0,0.0
40.350002,-118.95,2016-05-26 00:00:00,0,0.0
40.350002,-118.84999,2016-05-26 00:00:00,0,0.0
40.350002,-118.75,2016-05-26 00:00:00,0,0.0
40.350002,-118.649994,2016-05-26 00:00:00,0,0.0
40.350002,-118.549995,2016-05-26 00:00:00,0,0.0
40.350002,-118.45,2016-05-26 00:00:00,0,0.0
40.350002,-118.34999,2016-05-26 00:00:00,0,0.0
40.350002,-118.25,2016-05-26 00:00:00,0,0.0
40.350002,-118.149994,2016-05-26 00:00:00,0,0.0
40.350002,-118.049995,2016-05-26 00:00:00,0,0.0
40.350002,-117.95,2016-05-26 00:00:00,0,0.0
40.350002,-117.84999,2016-05-26 00:00:00,0,0.0
40.350002,-117.75,2016-05-26 00:00:00,0,0.0
40.350002,-117.649994,2016-05-26 00:00:00,0,0.0
40.350002,-117.549995,2016-05-26 00:00:00,0,0.0
40.350002,-117.45,2016-05-26 00:00:00,0,0.0
40.350002,-117.34999,2016-05-26 00:00:00,0,0.0
40.350002,-117.25,2016-05-26 00:00:00,0,0.0
40.350002,-117.149994,2016-05-26 00:00:00,0,0.0
40.350002,-117.049995,2016-05-26 00:00:00,0,0.0
40.350002,-116.95,2016-05-26 00:00:00,0,0.0
40.350002,-116.84999,2016-05-26 00:00:00,0,0.0
40.350002,-116.75,2016-05-26 00:00:00,0,0.0
40.350002,-116.649994,2016-05-26 00:00:00,0,0.0
40.350002,-116.549995,2016-05-26 00:00:00,0,0.0
40.350002,-116.45,2016-05-26 00:00:00,0,0.0
40.350002,-116.34999,2016-05-26 00:00:00,0,0.0
40.350002,-116.25,2016-05-26 00:00:00,0,0.0
40.350002,-116.149994,2016-05-26 00:00:00,0,0.0
40.350002,-116.049995,2016-05-26 00:00:00,0,0.0
40.350002,-115.95,2016-05-26 00:00:00,0,0.0
40.350002,-115.85,2016-05-26 00:00:00,0,0.0
40.350002,-115.74999,2016-05-26 00:00:00,0,0.0
40.350002,-115.649994,2016-05-26 00:00:00,0,0.0
40.350002,-115.549995,2016-05-26 00:00:00,0,0.0
40.350002,-115.45,2016-05-26 00:00:00,0,0.0
40.350002,-115.35,2016-05-26 00:00:00,0,0.0
40.350002,-115.24999,2016-05-26 00:00:00,0,0.0
40.350002,-115.149994,2016-05-26 00:00:00,0,0.0
40.350002,-115.049995,2016-05-26 00:00:00,0,0.0
40.350002,-114.95,2016-05-26 00:00:00,0,0.0
40.350002,-114.85,2016-05-26 00:00:00,0,0.0
40.350002,-114.74999,2016-05-26 00:00:00,0,0.0
40.350002,-114.649994,2016-05-26 00:00:00,0,0.0
40.350002,-114.549995,2016-05-26 00:00:00,0,0.0
40.350002,-114.45,2016-05-26 00:00:00,0,0.0
40.350002,-114.35,2016-05-26 00:00:00,0,0.0
40.350002,-114.24999,2016-05-26 00:00:00,0,0.0
40.45001,-124.34999,2016-05-26 00:00:00,0,0.07458323
40.45001,-124.25,2016-05-26 00:00:00,0,0.04522744
40.45001,-124.149994,2016-05-26 00:00:00,0,0.016613174
40.45001,-124.049995,2016-05-26 00:00:00,0,0.0
40.45001,-123.95,2016-05-26 00:00:00,0,0.0
40.45001,-123.84999,2016-05-26 00:00:00,0,0.0
40.45001,-123.75,2016-05-26 00:00:00,0,0.0
40.45001,-123.649994,2016-05-26 00:00:00,0,0.0
40.45001,-123.549995,2016-05-26 00:00:00,0,0.0
40.45001,-123.45,2016-05-26 00:00:00,0,0.0
40.45001,-123.34999,2016-05-26 00:00:00,0,0.0
40.45001,-123.25,2016-05-26 00:00:00,0,0.0
40.45001,-123.149994,2016-05-26 00:00:00,0,0.0
40.45001,-123.049995,2016-05-26 00:00:00,0,0.0
40.45001,-122.95,2016-05-26 00:00:00,0,0.0
40.45001,-122.84999,2016-05-26 00:00:00,0,0.0
40.45001,-122.75,2016-05-26 00:00:00,0,0.0030502996
40.45001,-122.649994,2016-05-26 00:00:00,0,0.11740447
40.45001,-122.549995,2016-05-26 00:00:00,0,0.30454156
40.45001,-122.45,2016-05-26 00:00:00,0,0.07481984
40.45001,-122.34999,2016-05-26 00:00:00,0,0.2378202
40.45001,-122.25,2016-05-26 00:00:00,0,0.0
40.45001,-122.149994,2016-05-26 00:00:00,0,0.0
40.45001,-122.049995,2016-05-26 00:00:00,0,0.0
40.45001,-121.95,2016-05-26 00:00:00,0,0.0
40.45001,-121.84999,2016-05-26 00:00:00,0,0.0
40.45001,-121.75,2016-05-26 00:00:00,0,0.10421334
40.45001,-121.649994,2016-05-26 00:00:00,0,0.0
40.45001,-121.549995,2016-05-26 00:00:00,0,0.0
40.45001,-121.45,2016-05-26 00:00:00,0,2.7315106
40.45001,-121.34999,2016-05-26 00:00:00,0,2.9352603
40.45001,-121.25,2016-05-26 00:00:00,0,0.32553366
40.45001,-121.149994,2016-05-26 00:00:00,0,0.7287644
40.45001,-121.049995,2016-05-26 00:00:00,0,0.0
40.45001,-120.95,2016-05-26 00:00:00,0,0.0
40.45001,-120.84999,2016-05-26 00:00:00,0,0.0
40.45001,-120.75,2016-05-26 00:00:00,0,0.0
40.45001,-120.649994,2016-05-26 00:00:00,0,0.0
40.45001,-120.549995,2016-05-26 00:00:00,0,0.0
40.45001,-120.45,2016-05-26 00:00:00,0,0.0
40.45001,-120.34999,2016-05-26 00:00:00,0,0.15579586
40.45001,-120.25,2016-05-26 00:00:00,0,0.0
40.45001,-120.149994,2016-05-26 00:00:00,0,0.0
40.45001,-120.049995,2016-05-26 00:00:00,0,0.0
40.45001,-119.95,2016-05-26 00:00:00,0,0.0
40.45001,-119.84999,2016-05-26 00:00:00,0,0.0
40.45001,-119.75,2016-05-26 00:00:00,0,0.0
40.45001,-119.649994,2016-05-26 00:00:00,0,0.0
40.45001,-119.549995,2016-05-26 00:00:00,0,0.0
40.45001,-119.45,2016-05-26 00:00:00,0,0.0
40.45001,-119.34999,2016-05-26 00:00:00,0,0.0
40.45001,-119.25,2016-05-26 00:00:00,0,0.0
40.45001,-119.149994,2016-05-26 00:00:00,0,0.0
40.45001,-119.049995,2016-05-26 00:00:00,0,0.0
40.45001,-118.95,2016-05-26 00:00:00,0,0.0
40.45001,-118.84999,2016-05-26 00:00:00,0,0.0
40.45001,-118.75,2016-05-26 00:00:00,0,0.0
40.45001,-118.649994,2016-05-26 00:00:00,0,0.0
40.45001,-118.549995,2016-05-26 00:00:00,0,0.0
40.45001,-118.45,2016-05-26 00:00:00,0,0.0
40.45001,-118.34999,2016-05-26 00:00:00,0,0.0
40.45001,-118.25,2016-05-26 00:00:00,0,0.0
40.45001,-118.149994,2016-05-26 00:00:00,0,0.0
40.45001,-118.049995,2016-05-26 00:00:00,0,0.0
40.45001,-117.95,2016-05-26 00:00:00,0,0.0
40.45001,-117.84999,2016-05-26 00:00:00,0,0.0
40.45001,-117.75,2016-05-26 00:00:00,0,0.0
40.45001,-117.649994,2016-05-26 00:00:00,0,0.0
40.45001,-117.549995,2016-05-26 00:00:00,0,0.0
40.45001,-117.45,2016-05-26 00:00:00,0,0.0
40.45001,-117.34999,2016-05-26 00:00:00,0,0.0
40.45001,-117.25,2016-05-26 00:00:00,0,0.0
40.45001,-117.149994,2016-05-26 00:00:00,0,0.0
40.45001,-117.049995,2016-05-26 00:00:00,0,0.0
40.45001,-116.95,2016-05-26 00:00:00,0,0.0
40.45001,-116.84999,2016-05-26 00:00:00,0,0.0
40.45001,-116.75,2016-05-26 00:00:00,0,0.0
40.45001,-116.649994,2016-05-26 00:00:00,0,0.0
40.45001,-116.549995,2016-05-26 00:00:00,0,0.0
40.45001,-116.45,2016-05-26 00:00:00,0,0.0
40.45001,-116.34999,2016-05-26 00:00:00,0,0.0
40.45001,-116.25,2016-05-26 00:00:00,0,0.0
40.45001,-116.149994,2016-05-26 00:00:00,0,0.0
40.45001,-116.049995,2016-05-26 00:00:00,0,0.0
40.45001,-115.95,2016-05-26 00:00:00,0,0.0
40.45001,-115.85,2016-05-26 00:00:00,0,0.0
40.45001,-115.74999,2016-05-26 00:00:00,0,0.0
40.45001,-115.649994,2016-05-26 00:00:00,0,0.0
40.45001,-115.549995,2016-05-26 00:00:00,0,0.0
40.45001,-115.45,2016-05-26 00:00:00,0,0.0
40.45001,-115.35,2016-05-26 00:00:00,0,0.0
40.45001,-115.24999,2016-05-26 00:00:00,0,0.0
40.45001,-115.149994,2016-05-26 00:00:00,0,0.0
40.45001,-115.049995,2016-05-26 00:00:00,0,0.0
40.45001,-114.95,2016-05-26 00:00:00,0,0.0
40.45001,-114.85,2016-05-26 00:00:00,0,0.0
40.45001,-114.74999,2016-05-26 00:00:00,0,0.0
40.45001,-114.649994,2016-05-26 00:00:00,0,0.0
40.45001,-114.549995,2016-05-26 00:00:00,0,0.0
40.45001,-114.45,2016-05-26 00:00:00,0,0.0
40.45001,-114.35,2016-05-26 00:00:00,0,0.0
40.45001,-114.24999,2016-05-26 00:00:00,0,0.0
40.55,-124.34999,2016-05-26 00:00:00,0,0.10245228
40.55,-124.25,2016-05-26 00:00:00,0,0.022680746
40.55,-124.149994,2016-05-26 00:00:00,0,0.0
40.55,-124.049995,2016-05-26 00:00:00,0,0.0
40.55,-123.95,2016-05-26 00:00:00,0,0.0
40.55,-123.84999,2016-05-26 00:00:00,0,0.0
40.55,-123.75,2016-05-26 00:00:00,0,0.0
40.55,-123.649994,2016-05-26 00:00:00,0,0.0
40.55,-123.549995,2016-05-26 00:00:00,0,0.0
40.55,-123.45,2016-05-26 00:00:00,0,0.0
40.55,-123.34999,2016-05-26 00:00:00,0,0.0
40.55,-123.25,2016-05-26 00:00:00,0,0.0
40.55,-123.149994,2016-05-26 00:00:00,0,0.0
40.55,-123.049995,2016-05-26 00:00:00,0,0.0
40.55,-122.95,2016-05-26 00:00:00,0,0.0
40.55,-122.84999,2016-05-26 00:00:00,0,0.0
40.55,-122.75,2016-05-26 00:00:00,0,0.0
40.55,-122.649994,2016-05-26 00:00:00,0,0.13627899
40.55,-122.549995,2016-05-26 00:00:00,0,0.27790225
40.55,-122.45,2016-05-26 00:00:00,0,0.2885908
40.55,-122.34999,2016-05-26 00:00:00,0,0.26635417
40.55,-122.25,2016-05-26 00:00:00,0,0.0
40.55,-122.149994,2016-05-26 00:00:00,0,0.0
40.55,-122.049995,2016-05-26 00:00:00,0,0.0
40.55,-121.95,2016-05-26 00:00:00,0,0.0
40.55,-121.84999,2016-05-26 00:00:00,0,0.0
40.55,-121.75,2016-05-26 00:00:00,0,0.0
40.55,-121.649994,2016-05-26 00:00:00,0,0.0
40.55,-121.549995,2016-05-26 00:00:00,0,0.0
40.55,-121.45,2016-05-26 00:00:00,0,0.2901177
40.55,-121.34999,2016-05-26 00:00:00,0,0.21167146
40.55,-121.25,2016-05-26 00:00:00,0,0.17837048
40.55,-121.149994,2016-05-26 00:00:00,0,0.03740992
40.55,-121.049995,2016-05-26 00:00:00,0,0.0
40.55,-120.95,2016-05-26 00:00:00,0,0.0
40.55,-120.84999,2016-05-26 00:00:00,0,0.0
40.55,-120.75,2016-05-26 00:00:00,0,0.0
40.55,-120.649994,2016-05-26 00:00:00,0,0.0
40.55,-120.549995,2016-05-26 00:00:00,0,0.0
40.55,-120.45,2016-05-26 00:00:00,0,0.0
40.55,-120.34999,2016-05-26 00:00:00,0,0.15579586
40.55,-120.25,2016-05-26 00:00:00,0,0.0
40.55,-120.149994,2016-05-26 00:00:00,0,0.0
40.55,-120.049995,2016-05-26 00:00:00,0,0.0
40.55,-119.95,2016-05-26 00:00:00,0,0.0
40.55,-119.84999,2016-05-26 00:00:00,0,0.0
40.55,-119.75,2016-05-26 00:00:00,0,0.0
40.55,-119.649994,2016-05-26 00:00:00,0,0.0
40.55,-119.549995,2016-05-26 00:00:00,0,0.0
40.55,-119.45,2016-05-26 00:00:00,0,0.0
40.55,-119.34999,2016-05-26 00:00:00,0,0.0
40.55,-119.25,2016-05-26 00:00:00,0,0.0
40.55,-119.149994,2016-05-26 00:00:00,0,0.0
40.55,-119.049995,2016-05-26 00:00:00,0,0.0
40.55,-118.95,2016-05-26 00:00:00,0,0.0
40.55,-118.84999,2016-05-26 00:00:00,0,0.0
40.55,-118.75,2016-05-26 00:00:00,0,0.0
40.55,-118.649994,2016-05-26 00:00:00,0,0.0
40.55,-118.549995,2016-05-26 00:00:00,0,0.0
40.55,-118.45,2016-05-26 00:00:00,0,0.0
40.55,-118.34999,2016-05-26 00:00:00,0,0.0
40.55,-118.25,2016-05-26 00:00:00,0,0.0
40.55,-118.149994,2016-05-26 00:00:00,0,0.0
40.55,-118.049995,2016-05-26 00:00:00,0,0.0
40.55,-117.95,2016-05-26 00:00:00,0,0.0
40.55,-117.84999,2016-05-26 00:00:00,0,0.0
40.55,-117.75,2016-05-26 00:00:00,0,0.0
40.55,-117.649994,2016-05-26 00:00:00,0,0.0
40.55,-117.549995,2016-05-26 00:00:00,0,0.0
40.55,-117.45,2016-05-26 00:00:00,0,0.0
40.55,-117.34999,2016-05-26 00:00:00,0,0.0
40.55,-117.25,2016-05-26 00:00:00,0,0.0
40.55,-117.149994,2016-05-26 00:00:00,0,0.0
40.55,-117.049995,2016-05-26 00:00:00,0,0.0
40.55,-116.95,2016-05-26 00:00:00,0,0.0
40.55,-116.84999,2016-05-26 00:00:00,0,0.0
40.55,-116.75,2016-05-26 00:00:00,0,0.0
40.55,-116.649994,2016-05-26 00:00:00,0,0.0
40.55,-116.549995,2016-05-26 00:00:00,0,0.0
40.55,-116.45,2016-05-26 00:00:00,0,0.0
40.55,-116.34999,2016-05-26 00:00:00,0,0.0
40.55,-116.25,2016-05-26 00:00:00,0,0.0
40.55,-116.149994,2016-05-26 00:00:00,0,0.0
40.55,-116.049995,2016-05-26 00:00:00,0,0.0
40.55,-115.95,2016-05-26 00:00:00,0,0.0
40.55,-115.85,2016-05-26 00:00:00,0,0.0
40.55,-115.74999,2016-05-26 00:00:00,0,0.0
40.55,-115.649994,2016-05-26 00:00:00,0,0.0
40.55,-115.549995,2016-05-26 00:00:00,0,0.0
40.55,-115.45,2016-05-26 00:00:00,0,0.0
40.55,-115.35,2016-05-26 00:00:00,0,0.0
40.55,-115.24999,2016-05-26 00:00:00,0,0.0
40.55,-115.149994,2016-05-26 00:00:00,0,0.0
40.55,-115.049995,2016-05-26 00:00:00,0,0.0
40.55,-114.95,2016-05-26 00:00:00,0,0.0
40.55,-114.85,2016-05-26 00:00:00,0,0.0
40.55,-114.74999,2016-05-26 00:00:00,0,0.0
40.55,-114.649994,2016-05-26 00:00:00,0,0.0
40.55,-114.549995,2016-05-26 00:00:00,0,0.0
40.55,-114.45,2016-05-26 00:00:00,0,0.0
40.55,-114.35,2016-05-26 00:00:00,0,0.0
40.55,-114.24999,2016-05-26 00:00:00,0,0.0
40.650005,-124.34999,2016-05-26 00:00:00,0,0.0
40.650005,-124.25,2016-05-26 00:00:00,0,0.047540743
40.650005,-124.149994,2016-05-26 00:00:00,0,0.015218117
40.650005,-124.049995,2016-05-26 00:00:00,0,0.0
40.650005,-123.95,2016-05-26 00:00:00,0,0.0
40.650005,-123.84999,2016-05-26 00:00:00,0,0.0
40.650005,-123.75,2016-05-26 00:00:00,0,0.0
40.650005,-123.649994,2016-05-26 00:00:00,0,0.0
40.650005,-123.549995,2016-05-26 00:00:00,0,0.0
40.650005,-123.45,2016-05-26 00:00:00,0,0.0
40.650005,-123.34999,2016-05-26 00:00:00,0,0.0424287
40.650005,-123.25,2016-05-26 00:00:00,0,0.0
40.650005,-123.149994,2016-05-26 00:00:00,0,0.0
40.650005,-123.049995,2016-05-26 00:00:00,0,0.0
40.650005,-122.95,2016-05-26 00:00:00,0,0.058970205
40.650005,-122.84999,2016-05-26 00:00:00,0,0.0
40.650005,-122.75,2016-05-26 00:00:00,0,0.1712038
40.650005,-122.649994,2016-05-26 00:00:00,0,0.0
40.650005,-122.549995,2016-05-26 00:00:00,0,0.0
40.650005,-122.45,2016-05-26 00:00:00,0,0.0
40.650005,-122.34999,2016-05-26 00:00:00,0,0.03867452
40.650005,-122.25,2016-05-26 00:00:00,0,0.0
40.650005,-122.149994,2016-05-26 00:00:00,0,0.0
40.650005,-122.049995,2016-05-26 00:00:00,0,0.0
40.650005,-121.95,2016-05-26 00:00:00,0,0.0
40.650005,-121.84999,2016-05-26 00:00:00,0,0.0
40.650005,-121.75,2016-05-26 00:00:00,0,0.0
40.650005,-121.649994,2016-05-26 00:00:00,0,0.0
40.650005,-121.549995,2016-05-26 00:00:00,0,0.0
40.650005,-121.45,2016-05-26 00:00:00,0,0.14803907
40.650005,-121.34999,2016-05-26 00:00:00,0,0.17051426
40.650005,-121.25,2016-05-26 00:00:00,0,0.045492325
40.650005,-121.149994,2016-05-26 00:00:00,0,0.0
40.650005,-121.049995,2016-05-26 00:00:00,0,0.0
40.650005,-120.95,2016-05-26 00:00:00,0,0.0
40.650005,-120.84999,2016-05-26 00:00:00,0,0.04052364
40.650005,-120.75,2016-05-26 00:00:00,0,0.08189092
40.650005,-120.649994,2016-05-26 00:00:00,0,0.13882881
40.650005,-120.549995,2016-05-26 00:00:00,0,0.17397708
40.650005,-120.45,2016-05-26 00:00:00,0,0.24
40.650005,-120.34999,2016-05-26 00:00:00,0,0.0
40.650005,-120.25,2016-05-26 00:00:00,0,0.0
40.650005,-120.149994,2016-05-26 00:00:00,0,0.0
40.650005,-120.049995,2016-05-26 00:00:00,0,0.0
40.650005,-119.95,2016-05-26 00:00:00,0,0.0
40.650005,-119.84999,2016-05-26 00:00:00,0,0.0
40.650005,-119.75,2016-05-26 00:00:00,0,0.0
40.650005,-119.649994,2016-05-26 00:00:00,0,0.0
40.650005,-119.549995,2016-05-26 00:00:00,0,0.0
40.650005,-119.45,2016-05-26 00:00:00,0,0.0
40.650005,-119.34999,2016-05-26 00:00:00,0,0.0
40.650005,-119.25,2016-05-26 00:00:00,0,0.0
40.650005,-119.149994,2016-05-26 00:00:00,0,0.0
40.650005,-119.049995,2016-05-26 00:00:00,0,0.0
40.650005,-118.95,2016-05-26 00:00:00,0,0.0
40.650005,-118.84999,2016-05-26 00:00:00,0,0.0
40.650005,-118.75,2016-05-26 00:00:00,0,0.0
40.650005,-118.649994,2016-05-26 00:00:00,0,0.0
40.650005,-118.549995,2016-05-26 00:00:00,0,0.0
40.650005,-118.45,2016-05-26 00:00:00,0,0.0
40.650005,-118.34999,2016-05-26 00:00:00,0,0.0
40.650005,-118.25,2016-05-26 00:00:00,0,0.0
40.650005,-118.149994,2016-05-26 00:00:00,0,0.0
40.650005,-118.049995,2016-05-26 00:00:00,0,0.0
40.650005,-117.95,2016-05-26 00:00:00,0,0.0
40.650005,-117.84999,2016-05-26 00:00:00,0,0.0
40.650005,-117.75,2016-05-26 00:00:00,0,0.0
40.650005,-117.649994,2016-05-26 00:00:00,0,0.0
40.650005,-117.549995,2016-05-26 00:00:00,0,0.0
40.650005,-117.45,2016-05-26 00:00:00,0,0.0
40.650005,-117.34999,2016-05-26 00:00:00,0,0.0
40.650005,-117.25,2016-05-26 00:00:00,0,0.0
40.650005,-117.149994,2016-05-26 00:00:00,0,0.0
40.650005,-117.049995,2016-05-26 00:00:00,0,0.0
40.650005,-116.95,2016-05-26 00:00:00,0,0.0
40.650005,-116.84999,2016-05-26 00:00:00,0,0.0
40.650005,-116.75,2016-05-26 00:00:00,0,0.0
40.650005,-116.649994,2016-05-26 00:00:00,0,0.0
40.650005,-116.549995,2016-05-26 00:00:00,0,0.0
40.650005,-116.45,2016-05-26 00:00:00,0,0.0
40.650005,-116.34999,2016-05-26 00:00:00,0,0.0
40.650005,-116.25,2016-05-26 00:00:00,0,0.0
40.650005,-116.149994,2016-05-26 00:00:00,0,0.0
40.650005,-116.049995,2016-05-26 00:00:00,0,0.0
40.650005,-115.95,2016-05-26 00:00:00,0,0.0
40.650005,-115.85,2016-05-26 00:00:00,0,0.0
40.650005,-115.74999,2016-05-26 00:00:00,0,0.0
40.650005,-115.649994,2016-05-26 00:00:00,0,0.0
40.650005,-115.549995,2016-05-26 00:00:00,0,0.0
40.650005,-115.45,2016-05-26 00:00:00,0,0.0
40.650005,-115.35,2016-05-26 00:00:00,0,0.0
40.650005,-115.24999,2016-05-26 00:00:00,0,0.0
40.650005,-115.149994,2016-05-26 00:00:00,0,0.0
40.650005,-115.049995,2016-05-26 00:00:00,0,0.0
40.650005,-114.95,2016-05-26 00:00:00,0,0.0
40.650005,-114.85,2016-05-26 00:00:00,0,0.0
40.650005,-114.74999,2016-05-26 00:00:00,0,0.0
40.650005,-114.649994,2016-05-26 00:00:00,0,0.0
40.650005,-114.549995,2016-05-26 00:00:00,0,0.0
40.650005,-114.45,2016-05-26 00:00:00,0,0.0
40.650005,-114.35,2016-05-26 00:00:00,0,0.0
40.650005,-114.24999,2016-05-26 00:00:00,0,0.0
40.749996,-124.34999,2016-05-26 00:00:00,0,0.0
40.749996,-124.25,2016-05-26 00:00:00,0,0.0
40.749996,-124.149994,2016-05-26 00:00:00,0,0.02062641
40.749996,-124.049995,2016-05-26 00:00:00,0,0.0
40.749996,-123.95,2016-05-26 00:00:00,0,0.0
40.749996,-123.84999,2016-05-26 00:00:00,0,0.0
40.749996,-123.75,2016-05-26 00:00:00,0,0.0
40.749996,-123.649994,2016-05-26 00:00:00,0,0.0
40.749996,-123.549995,2016-05-26 00:00:00,0,0.0
40.749996,-123.45,2016-05-26 00:00:00,0,0.0
40.749996,-123.34999,2016-05-26 00:00:00,0,0.08998191
40.749996,-123.25,2016-05-26 00:00:00,0,0.0
40.749996,-123.149994,2016-05-26 00:00:00,0,0.0
40.749996,-123.049995,2016-05-26 00:00:00,0,0.0
40.749996,-122.95,2016-05-26 00:00:00,0,0.2606425
40.749996,-122.84999,2016-05-26 00:00:00,0,0.01
40.749996,-122.75,2016-05-26 00:00:00,0,0.26248336
40.749996,-122.649994,2016-05-26 00:00:00,0,0.0
40.749996,-122.549995,2016-05-26 00:00:00,0,0.015218117
40.749996,-122.45,2016-05-26 00:00:00,0,0.0
40.749996,-122.34999,2016-05-26 00:00:00,0,0.38418344
40.749996,-122.25,2016-05-26 00:00:00,0,0.0
40.749996,-122.149994,2016-05-26 00:00:00,0,0.0
40.749996,-122.049995,2016-05-26 00:00:00,0,0.0
40.749996,-121.95,2016-05-26 00:00:00,0,0.0
40.749996,-121.84999,2016-05-26 00:00:00,0,0.0
40.749996,-121.75,2016-05-26 00:00:00,0,0.0
40.749996,-121.649994,2016-05-26 00:00:00,0,0.0
40.749996,-121.549995,2016-05-26 00:00:00,0,0.0
40.749996,-121.45,2016-05-26 00:00:00,0,0.04800686
40.749996,-121.34999,2016-05-26 00:00:00,0,0.030581634
40.749996,-121.25,2016-05-26 00:00:00,0,0.040662408
40.749996,-121.149994,2016-05-26 00:00:00,0,0.0
40.749996,-121.049995,2016-05-26 00:00:00,0,0.0
40.749996,-120.95,2016-05-26 00:00:00,0,0.0
40.749996,-120.84999,2016-05-26 00:00:00,0,0.0
40.749996,-120.75,2016-05-26 00:00:00,0,0.0
40.749996,-120.649994,2016-05-26 00:00:00,0,0.0
40.749996,-120.549995,2016-05-26 00:00:00,0,0.0
40.749996,-120.45,2016-05-26 00:00:00,0,0.0
40.749996,-120.34999,2016-05-26 00:00:00,0,0.0
40.749996,-120.25,2016-05-26 00:00:00,0,0.0
40.749996,-120.149994,2016-05-26 00:00:00,0,0.0
40.749996,-120.049995,2016-05-26 00:00:00,0,0.0
40.749996,-119.95,2016-05-26 00:00:00,0,0.0
40.749996,-119.84999,2016-05-26 00:00:00,0,0.0
40.749996,-119.75,2016-05-26 00:00:00,0,0.0
40.749996,-119.649994,2016-05-26 00:00:00,0,0.0
40.749996,-119.549995,2016-05-26 00:00:00,0,0.0
40.749996,-119.45,2016-05-26 00:00:00,0,0.0
40.749996,-119.34999,2016-05-26 00:00:00,0,0.0
40.749996,-119.25,2016-05-26 00:00:00,0,0.0
40.749996,-119.149994,2016-05-26 00:00:00,0,0.0
40.749996,-119.049995,2016-05-26 00:00:00,0,0.0
40.749996,-118.95,2016-05-26 00:00:00,0,0.0
40.749996,-118.84999,2016-05-26 00:00:00,0,0.0
40.749996,-118.75,2016-05-26 00:00:00,0,0.0
40.749996,-118.649994,2016-05-26 00:00:00,0,0.0
40.749996,-118.549995,2016-05-26 00:00:00,0,0.0
40.749996,-118.45,2016-05-26 00:00:00,0,0.0
40.749996,-118.34999,2016-05-26 00:00:00,0,0.0
40.749996,-118.25,2016-05-26 00:00:00,0,0.0
40.749996,-118.149994,2016-05-26 00:00:00,0,0.0
40.749996,-118.049995,2016-05-26 00:00:00,0,0.0
40.749996,-117.95,2016-05-26 00:00:00,0,0.0
40.749996,-117.84999,2016-05-26 00:00:00,0,0.0
40.749996,-117.75,2016-05-26 00:00:00,0,0.0
40.749996,-117.649994,2016-05-26 00:00:00,0,0.0
40.749996,-117.549995,2016-05-26 00:00:00,0,0.0
40.749996,-117.45,2016-05-26 00:00:00,0,0.0
40.749996,-117.34999,2016-05-26 00:00:00,0,0.0
40.749996,-117.25,2016-05-26 00:00:00,0,0.0
40.749996,-117.149994,2016-05-26 00:00:00,0,0.0
40.749996,-117.049995,2016-05-26 00:00:00,0,0.0
40.749996,-116.95,2016-05-26 00:00:00,0,0.0
40.749996,-116.84999,2016-05-26 00:00:00,0,0.0
40.749996,-116.75,2016-05-26 00:00:00,0,0.0
40.749996,-116.649994,2016-05-26 00:00:00,0,0.0
40.749996,-116.549995,2016-05-26 00:00:00,0,0.0
40.749996,-116.45,2016-05-26 00:00:00,0,0.0
40.749996,-116.34999,2016-05-26 00:00:00,0,0.0
40.749996,-116.25,2016-05-26 00:00:00,0,0.0
40.749996,-116.149994,2016-05-26 00:00:00,0,0.0
40.749996,-116.049995,2016-05-26 00:00:00,0,0.0
40.749996,-115.95,2016-05-26 00:00:00,0,0.0
40.749996,-115.85,2016-05-26 00:00:00,0,0.0
40.749996,-115.74999,2016-05-26 00:00:00,0,0.0
40.749996,-115.649994,2016-05-26 00:00:00,0,0.0
40.749996,-115.549995,2016-05-26 00:00:00,0,0.0
40.749996,-115.45,2016-05-26 00:00:00,0,0.0
40.749996,-115.35,2016-05-26 00:00:00,0,0.0
40.749996,-115.24999,2016-05-26 00:00:00,0,0.0
40.749996,-115.149994,2016-05-26 00:00:00,0,0.0
40.749996,-115.049995,2016-05-26 00:00:00,0,0.0
40.749996,-114.95,2016-05-26 00:00:00,0,0.0
40.749996,-114.85,2016-05-26 00:00:00,0,0.0
40.749996,-114.74999,2016-05-26 00:00:00,0,0.0
40.749996,-114.649994,2016-05-26 00:00:00,0,0.0
40.749996,-114.549995,2016-05-26 00:00:00,0,0.0
40.749996,-114.45,2016-05-26 00:00:00,0,0.0
40.749996,-114.35,2016-05-26 00:00:00,0,0.0
40.749996,-114.24999,2016-05-26 00:00:00,0,0.0
40.850002,-124.34999,2016-05-26 00:00:00,0,0.0
40.850002,-124.25,2016-05-26 00:00:00,0,0.0
40.850002,-124.149994,2016-05-26 00:00:00,0,0.027917692
40.850002,-124.049995,2016-05-26 00:00:00,0,0.0
40.850002,-123.95,2016-05-26 00:00:00,0,0.0
40.850002,-123.84999,2016-05-26 00:00:00,0,0.0
40.850002,-123.75,2016-05-26 00:00:00,0,0.0
40.850002,-123.649994,2016-05-26 00:00:00,0,0.0
40.850002,-123.549995,2016-05-26 00:00:00,0,0.0
40.850002,-123.45,2016-05-26 00:00:00,0,0.0
40.850002,-123.34999,2016-05-26 00:00:00,0,0.15173873
40.850002,-123.25,2016-05-26 00:00:00,0,0.0
40.850002,-123.149994,2016-05-26 00:00:00,0,0.0
40.850002,-123.049995,2016-05-26 00:00:00,0,0.5420656
40.850002,-122.95,2016-05-26 00:00:00,0,1.370295
40.850002,-122.84999,2016-05-26 00:00:00,0,0.024049232
40.850002,-122.75,2016-05-26 00:00:00,0,2.3463538
40.850002,-122.649994,2016-05-26 00:00:00,0,0.0
40.850002,-122.549995,2016-05-26 00:00:00,0,0.119096056
40.850002,-122.45,2016-05-26 00:00:00,0,0.0
40.850002,-122.34999,2016-05-26 00:00:00,0,0.014060652
40.850002,-122.25,2016-05-26 00:00:00,0,0.0
40.850002,-122.149994,2016-05-26 00:00:00,0,0.0
40.850002,-122.049995,2016-05-26 00:00:00,0,0.0
40.850002,-121.95,2016-05-26 00:00:00,0,0.0
40.850002,-121.84999,2016-05-26 00:00:00,0,0.0
40.850002,-121.75,2016-05-26 00:00:00,0,0.0
40.850002,-121.649994,2016-05-26 00:00:00,0,0.0
40.850002,-121.549995,2016-05-26 00:00:00,0,0.0
40.850002,-121.45,2016-05-26 00:00:00,0,0.0015102886
40.850002,-121.34999,2016-05-26 00:00:00,0,0.02472944
40.850002,-121.25,2016-05-26 00:00:00,0,0.0
40.850002,-121.149994,2016-05-26 00:00:00,0,0.0
40.850002,-121.049995,2016-05-26 00:00:00,0,0.0
40.850002,-120.95,2016-05-26 00:00:00,0,0.0
40.850002,-120.84999,2016-05-26 00:00:00,0,0.0
40.850002,-120.75,2016-05-26 00:00:00,0,0.0
40.850002,-120.649994,2016-05-26 00:00:00,0,0.0
40.850002,-120.549995,2016-05-26 00:00:00,0,0.0
40.850002,-120.45,2016-05-26 00:00:00,0,0.0
40.850002,-120.34999,2016-05-26 00:00:00,0,0.0
40.850002,-120.25,2016-05-26 00:00:00,0,0.0
40.850002,-120.149994,2016-05-26 00:00:00,0,0.0
40.850002,-120.049995,2016-05-26 00:00:00,0,0.0
40.850002,-119.95,2016-05-26 00:00:00,0,0.0
40.850002,-119.84999,2016-05-26 00:00:00,0,0.0
40.850002,-119.75,2016-05-26 00:00:00,0,0.0
40.850002,-119.649994,2016-05-26 00:00:00,0,0.0
40.850002,-119.549995,2016-05-26 00:00:00,0,0.0
40.850002,-119.45,2016-05-26 00:00:00,0,0.0
40.850002,-119.34999,2016-05-26 00:00:00,0,0.0
40.850002,-119.25,2016-05-26 00:00:00,0,0.0
40.850002,-119.149994,2016-05-26 00:00:00,0,0.0
40.850002,-119.049995,2016-05-26 00:00:00,0,0.0
40.850002,-118.95,2016-05-26 00:00:00,0,0.0
40.850002,-118.84999,2016-05-26 00:00:00,0,0.0
40.850002,-118.75,2016-05-26 00:00:00,0,0.0
40.850002,-118.649994,2016-05-26 00:00:00,0,0.0
40.850002,-118.549995,2016-05-26 00:00:00,0,0.0
40.850002,-118.45,2016-05-26 00:00:00,0,0.0
40.850002,-118.34999,2016-05-26 00:00:00,0,0.0
40.850002,-118.25,2016-05-26 00:00:00,0,0.0
40.850002,-118.149994,2016-05-26 00:00:00,0,0.0
40.850002,-118.049995,2016-05-26 00:00:00,0,0.0
40.850002,-117.95,2016-05-26 00:00:00,0,0.0
40.850002,-117.84999,2016-05-26 00:00:00,0,0.0
40.850002,-117.75,2016-05-26 00:00:00,0,0.0
40.850002,-117.649994,2016-05-26 00:00:00,0,0.0
40.850002,-117.549995,2016-05-26 00:00:00,0,0.0
40.850002,-117.45,2016-05-26 00:00:00,0,0.0
40.850002,-117.34999,2016-05-26 00:00:00,0,0.0
40.850002,-117.25,2016-05-26 00:00:00,0,0.0
40.850002,-117.149994,2016-05-26 00:00:00,0,0.0
40.850002,-117.049995,2016-05-26 00:00:00,0,0.0
40.850002,-116.95,2016-05-26 00:00:00,0,0.0
40.850002,-116.84999,2016-05-26 00:00:00,0,0.0
40.850002,-116.75,2016-05-26 00:00:00,0,0.0
40.850002,-116.649994,2016-05-26 00:00:00,0,0.0
40.850002,-116.549995,2016-05-26 00:00:00,0,0.0
40.850002,-116.45,2016-05-26 00:00:00,0,0.0
40.850002,-116.34999,2016-05-26 00:00:00,0,0.0
40.850002,-116.25,2016-05-26 00:00:00,0,0.0
40.850002,-116.149994,2016-05-26 00:00:00,0,0.0
40.850002,-116.049995,2016-05-26 00:00:00,0,0.0
40.850002,-115.95,2016-05-26 00:00:00,0,0.0
40.850002,-115.85,2016-05-26 00:00:00,0,0.0
40.850002,-115.74999,2016-05-26 00:00:00,0,0.0
40.850002,-115.649994,2016-05-26 00:00:00,0,0.0
40.850002,-115.549995,2016-05-26 00:00:00,0,0.0
40.850002,-115.45,2016-05-26 00:00:00,0,0.0
40.850002,-115.35,2016-05-26 00:00:00,0,0.0
40.850002,-115.24999,2016-05-26 00:00:00,0,0.0
40.850002,-115.149994,2016-05-26 00:00:00,0,0.0
40.850002,-115.049995,2016-05-26 00:00:00,0,0.0
40.850002,-114.95,2016-05-26 00:00:00,0,0.0
40.850002,-114.85,2016-05-26 00:00:00,0,0.0
40.850002,-114.74999,2016-05-26 00:00:00,0,0.0
40.850002,-114.649994,2016-05-26 00:00:00,0,0.0
40.850002,-114.549995,2016-05-26 00:00:00,0,0.0
40.850002,-114.45,2016-05-26 00:00:00,0,0.0
40.850002,-114.35,2016-05-26 00:00:00,0,0.0
40.850002,-114.24999,2016-05-26 00:00:00,0,0.0
40.95001,-124.34999,2016-05-26 00:00:00,0,0.0
40.95001,-124.25,2016-05-26 00:00:00,0,0.0
40.95001,-124.149994,2016-05-26 00:00:00,0,0.0
40.95001,-124.049995,2016-05-26 00:00:00,0,0.0
40.95001,-123.95,2016-05-26 00:00:00,0,0.0
40.95001,-123.84999,2016-05-26 00:00:00,0,0.0
40.95001,-123.75,2016-05-26 00:00:00,0,0.0
40.95001,-123.649994,2016-05-26 00:00:00,0,0.0
40.95001,-123.549995,2016-05-26 00:00:00,0,0.0
40.95001,-123.45,2016-05-26 00:00:00,0,0.0
40.95001,-123.34999,2016-05-26 00:00:00,0,0.22389022
40.95001,-123.25,2016-05-26 00:00:00,0,0.029393507
40.95001,-123.149994,2016-05-26 00:00:00,0,0.0
40.95001,-123.049995,2016-05-26 00:00:00,0,0.591297
40.95001,-122.95,2016-05-26 00:00:00,0,2.657565
40.95001,-122.84999,2016-05-26 00:00:00,0,0.0856019
40.95001,-122.75,2016-05-26 00:00:00,0,0.6139045
40.95001,-122.649994,2016-05-26 00:00:00,0,0.0
40.95001,-122.549995,2016-05-26 00:00:00,0,0.20489787
40.95001,-122.45,2016-05-26 00:00:00,0,0.0
40.95001,-122.34999,2016-05-26 00:00:00,0,0.0075522223
40.95001,-122.25,2016-05-26 00:00:00,0,0.0
40.95001,-122.149994,2016-05-26 00:00:00,0,0.0
40.95001,-122.049995,2016-05-26 00:00:00,0,0.0
40.95001,-121.95,2016-05-26 00:00:00,0,0.0
40.95001,-121.84999,2016-05-26 00:00:00,0,0.0
40.95001,-121.75,2016-05-26 00:00:00,0,0.0
40.95001,-121.649994,2016-05-26 00:00:00,0,0.0
40.95001,-121.549995,2016-05-26 00:00:00,0,0.0
40.95001,-121.45,2016-05-26 00:00:00,0,0.0
40.95001,-121.34999,2016-05-26 00:00:00,0,0.033517916
40.95001,-121.25,2016-05-26 00:00:00,0,0.0
40.95001,-121.149994,2016-05-26 00:00:00,0,0.0
40.95001,-121.049995,2016-05-26 00:00:00,0,0.0
40.95001,-120.95,2016-05-26 00:00:00,0,0.0
40.95001,-120.84999,2016-05-26 00:00:00,0,0.0
40.95001,-120.75,2016-05-26 00:00:00,0,0.0
40.95001,-120.649994,2016-05-26 00:00:00,0,0.0
40.95001,-120.549995,2016-05-26 00:00:00,0,0.0
40.95001,-120.45,2016-05-26 00:00:00,0,0.0
40.95001,-120.34999,2016-05-26 00:00:00,0,0.0
40.95001,-120.25,2016-05-26 00:00:00,0,0.0
40.95001,-120.149994,2016-05-26 00:00:00,0,0.0
40.95001,-120.049995,2016-05-26 00:00:00,0,0.0
40.95001,-119.95,2016-05-26 00:00:00,0,0.0
40.95001,-119.84999,2016-05-26 00:00:00,0,0.0
40.95001,-119.75,2016-05-26 00:00:00,0,0.0
40.95001,-119.649994,2016-05-26 00:00:00,0,0.0
40.95001,-119.549995,2016-05-26 00:00:00,0,0.0
40.95001,-119.45,2016-05-26 00:00:00,0,0.0
40.95001,-119.34999,2016-05-26 00:00:00,0,0.0
40.95001,-119.25,2016-05-26 00:00:00,0,0.0
40.95001,-119.149994,2016-05-26 00:00:00,0,0.0
40.95001,-119.049995,2016-05-26 00:00:00,0,0.0
40.95001,-118.95,2016-05-26 00:00:00,0,0.0
40.95001,-118.84999,2016-05-26 00:00:00,0,0.0
40.95001,-118.75,2016-05-26 00:00:00,0,0.0
40.95001,-118.649994,2016-05-26 00:00:00,0,0.0
40.95001,-118.549995,2016-05-26 00:00:00,0,0.0
40.95001,-118.45,2016-05-26 00:00:00,0,0.0
40.95001,-118.34999,2016-05-26 00:00:00,0,0.0
40.95001,-118.25,2016-05-26 00:00:00,0,0.0
40.95001,-118.149994,2016-05-26 00:00:00,0,0.0
40.95001,-118.049995,2016-05-26 00:00:00,0,0.0
40.95001,-117.95,2016-05-26 00:00:00,0,0.0
40.95001,-117.84999,2016-05-26 00:00:00,0,0.0
40.95001,-117.75,2016-05-26 00:00:00,0,0.0
40.95001,-117.649994,2016-05-26 00:00:00,0,0.0
40.95001,-117.549995,2016-05-26 00:00:00,0,0.0
40.95001,-117.45,2016-05-26 00:00:00,0,0.0
40.95001,-117.34999,2016-05-26 00:00:00,0,0.0
40.95001,-117.25,2016-05-26 00:00:00,0,0.0
40.95001,-117.149994,2016-05-26 00:00:00,0,0.0
40.95001,-117.049995,2016-05-26 00:00:00,0,0.0
40.95001,-116.95,2016-05-26 00:00:00,0,0.0
40.95001,-116.84999,2016-05-26 00:00:00,0,0.0
40.95001,-116.75,2016-05-26 00:00:00,0,0.0
40.95001,-116.649994,2016-05-26 00:00:00,0,0.0
40.95001,-116.549995,2016-05-26 00:00:00,0,0.0
40.95001,-116.45,2016-05-26 00:00:00,0,0.0
40.95001,-116.34999,2016-05-26 00:00:00,0,0.0
40.95001,-116.25,2016-05-26 00:00:00,0,0.0
40.95001,-116.149994,2016-05-26 00:00:00,0,0.0
40.95001,-116.049995,2016-05-26 00:00:00,0,0.0
40.95001,-115.95,2016-05-26 00:00:00,0,0.0
40.95001,-115.85,2016-05-26 00:00:00,0,0.0
40.95001,-115.74999,2016-05-26 00:00:00,0,0.0
40.95001,-115.649994,2016-05-26 00:00:00,0,0.0
40.95001,-115.549995,2016-05-26 00:00:00,0,0.0
40.95001,-115.45,2016-05-26 00:00:00,0,0.0
40.95001,-115.35,2016-05-26 00:00:00,0,0.0
40.95001,-115.24999,2016-05-26 00:00:00,0,0.0
40.95001,-115.149994,2016-05-26 00:00:00,0,0.0
40.95001,-115.049995,2016-05-26 00:00:00,0,0.0
40.95001,-114.95,2016-05-26 00:00:00,0,0.0
40.95001,-114.85,2016-05-26 00:00:00,0,0.0
40.95001,-114.74999,2016-05-26 00:00:00,0,0.0
40.95001,-114.649994,2016-05-26 00:00:00,0,0.0
40.95001,-114.549995,2016-05-26 00:00:00,0,0.0
40.95001,-114.45,2016-05-26 00:00:00,0,0.0
40.95001,-114.35,2016-05-26 00:00:00,0,0.0
40.95001,-114.24999,2016-05-26 00:00:00,0,0.0
41.05,-124.34999,2016-05-26 00:00:00,0,0.0
41.05,-124.25,2016-05-26 00:00:00,0,0.0
41.05,-124.149994,2016-05-26 00:00:00,0,0.0
41.05,-124.049995,2016-05-26 00:00:00,0,0.0
41.05,-123.95,2016-05-26 00:00:00,0,0.0
41.05,-123.84999,2016-05-26 00:00:00,0,0.0
41.05,-123.75,2016-05-26 00:00:00,0,0.0
41.05,-123.649994,2016-05-26 00:00:00,0,0.0
41.05,-123.549995,2016-05-26 00:00:00,0,0.0
41.05,-123.45,2016-05-26 00:00:00,0,0.0
41.05,-123.34999,2016-05-26 00:00:00,0,0.26198444
41.05,-123.25,2016-05-26 00:00:00,0,0.16032821
41.05,-123.149994,2016-05-26 00:00:00,0,0.050770603
41.05,-123.049995,2016-05-26 00:00:00,0,0.5420964
41.05,-122.95,2016-05-26 00:00:00,0,0.28737265
41.05,-122.84999,2016-05-26 00:00:00,0,0.25113678
41.05,-122.75,2016-05-26 00:00:00,0,0.13531137
41.05,-122.649994,2016-05-26 00:00:00,0,0.13571082
41.05,-122.549995,2016-05-26 00:00:00,0,0.0074990145
41.05,-122.45,2016-05-26 00:00:00,0,0.0
41.05,-122.34999,2016-05-26 00:00:00,0,0.093584985
41.05,-122.25,2016-05-26 00:00:00,0,0.0
41.05,-122.149994,2016-05-26 00:00:00,0,0.0
41.05,-122.049995,2016-05-26 00:00:00,0,0.0
41.05,-121.95,2016-05-26 00:00:00,0,0.0
41.05,-121.84999,2016-05-26 00:00:00,0,0.0
41.05,-121.75,2016-05-26 00:00:00,0,0.0
41.05,-121.649994,2016-05-26 00:00:00,0,0.0
41.05,-121.549995,2016-05-26 00:00:00,0,0.0
41.05,-121.45,2016-05-26 00:00:00,0,0.0
41.05,-121.34999,2016-05-26 00:00:00,0,0.33295903
41.05,-121.25,2016-05-26 00:00:00,0,0.0
41.05,-121.149994,2016-05-26 00:00:00,0,0.0
41.05,-121.049995,2016-05-26 00:00:00,0,0.0
41.05,-120.95,2016-05-26 00:00:00,0,0.0
41.05,-120.84999,2016-05-26 00:00:00,0,0.0
41.05,-120.75,2016-05-26 00:00:00,0,0.0
41.05,-120.649994,2016-05-26 00:00:00,0,0.0
41.05,-120.549995,2016-05-26 00:00:00,0,0.0
41.05,-120.45,2016-05-26 00:00:00,0,0.0
41.05,-120.34999,2016-05-26 00:00:00,0,0.0
41.05,-120.25,2016-05-26 00:00:00,0,0.0
41.05,-120.149994,2016-05-26 00:00:00,0,0.0
41.05,-120.049995,2016-05-26 00:00:00,0,0.0
41.05,-119.95,2016-05-26 00:00:00,0,0.0
41.05,-119.84999,2016-05-26 00:00:00,0,0.0
41.05,-119.75,2016-05-26 00:00:00,0,0.0
41.05,-119.649994,2016-05-26 00:00:00,0,0.0
41.05,-119.549995,2016-05-26 00:00:00,0,0.0
41.05,-119.45,2016-05-26 00:00:00,0,0.0
41.05,-119.34999,2016-05-26 00:00:00,0,0.0
41.05,-119.25,2016-05-26 00:00:00,0,0.0
41.05,-119.149994,2016-05-26 00:00:00,0,0.0
41.05,-119.049995,2016-05-26 00:00:00,0,0.0
41.05,-118.95,2016-05-26 00:00:00,0,0.0
41.05,-118.84999,2016-05-26 00:00:00,0,0.0
41.05,-118.75,2016-05-26 00:00:00,0,0.0
41.05,-118.649994,2016-05-26 00:00:00,0,0.0
41.05,-118.549995,2016-05-26 00:00:00,0,0.0
41.05,-118.45,2016-05-26 00:00:00,0,0.0
41.05,-118.34999,2016-05-26 00:00:00,0,0.0
41.05,-118.25,2016-05-26 00:00:00,0,0.0
41.05,-118.149994,2016-05-26 00:00:00,0,0.0
41.05,-118.049995,2016-05-26 00:00:00,0,0.0
41.05,-117.95,2016-05-26 00:00:00,0,0.0
41.05,-117.84999,2016-05-26 00:00:00,0,0.0
41.05,-117.75,2016-05-26 00:00:00,0,0.0
41.05,-117.649994,2016-05-26 00:00:00,0,0.0
41.05,-117.549995,2016-05-26 00:00:00,0,0.0
41.05,-117.45,2016-05-26 00:00:00,0,0.0
41.05,-117.34999,2016-05-26 00:00:00,0,0.0
41.05,-117.25,2016-05-26 00:00:00,0,0.0
41.05,-117.149994,2016-05-26 00:00:00,0,0.0
41.05,-117.049995,2016-05-26 00:00:00,0,0.0
41.05,-116.95,2016-05-26 00:00:00,0,0.0
41.05,-116.84999,2016-05-26 00:00:00,0,0.0
41.05,-116.75,2016-05-26 00:00:00,0,0.0
41.05,-116.649994,2016-05-26 00:00:00,0,0.0
41.05,-116.549995,2016-05-26 00:00:00,0,0.0
41.05,-116.45,2016-05-26 00:00:00,0,0.0
41.05,-116.34999,2016-05-26 00:00:00,0,0.0
41.05,-116.25,2016-05-26 00:00:00,0,0.0
41.05,-116.149994,2016-05-26 00:00:00,0,0.0
41.05,-116.049995,2016-05-26 00:00:00,0,0.0
41.05,-115.95,2016-05-26 00:00:00,0,0.0
41.05,-115.85,2016-05-26 00:00:00,0,0.0
41.05,-115.74999,2016-05-26 00:00:00,0,0.0
41.05,-115.649994,2016-05-26 00:00:00,0,0.0
41.05,-115.549995,2016-05-26 00:00:00,0,0.0
41.05,-115.45,2016-05-26 00:00:00,0,0.0
41.05,-115.35,2016-05-26 00:00:00,0,0.0
41.05,-115.24999,2016-05-26 00:00:00,0,0.0
41.05,-115.149994,2016-05-26 00:00:00,0,0.0
41.05,-115.049995,2016-05-26 00:00:00,0,0.0
41.05,-114.95,2016-05-26 00:00:00,0,0.0
41.05,-114.85,2016-05-26 00:00:00,0,0.0
41.05,-114.74999,2016-05-26 00:00:00,0,0.0
41.05,-114.649994,2016-05-26 00:00:00,0,0.0
41.05,-114.549995,2016-05-26 00:00:00,0,0.0
41.05,-114.45,2016-05-26 00:00:00,0,0.0
41.05,-114.35,2016-05-26 00:00:00,0,0.0
41.05,-114.24999,2016-05-26 00:00:00,0,0.0
41.150005,-124.34999,2016-05-26 00:00:00,0,0.0
41.150005,-124.25,2016-05-26 00:00:00,0,0.0
41.150005,-124.149994,2016-05-26 00:00:00,0,0.0
41.150005,-124.049995,2016-05-26 00:00:00,0,0.013830831
41.150005,-123.95,2016-05-26 00:00:00,0,0.0
41.150005,-123.84999,2016-05-26 00:00:00,0,0.0
41.150005,-123.75,2016-05-26 00:00:00,0,0.0
41.150005,-123.649994,2016-05-26 00:00:00,0,0.0
41.150005,-123.549995,2016-05-26 00:00:00,0,0.0
41.150005,-123.45,2016-05-26 00:00:00,0,0.0
41.150005,-123.34999,2016-05-26 00:00:00,0,0.0
41.150005,-123.25,2016-05-26 00:00:00,0,0.0
41.150005,-123.149994,2016-05-26 00:00:00,0,0.01870496
41.150005,-123.049995,2016-05-26 00:00:00,0,0.06041154
41.150005,-122.95,2016-05-26 00:00:00,0,0.18944387
41.150005,-122.84999,2016-05-26 00:00:00,0,1.4069569
41.150005,-122.75,2016-05-26 00:00:00,0,0.03504599
41.150005,-122.649994,2016-05-26 00:00:00,0,0.22071083
41.150005,-122.549995,2016-05-26 00:00:00,0,0.016584942
41.150005,-122.45,2016-05-26 00:00:00,0,0.01572078
41.150005,-122.34999,2016-05-26 00:00:00,0,0.14994209
41.150005,-122.25,2016-05-26 00:00:00,0,0.298005
41.150005,-122.149994,2016-05-26 00:00:00,0,0.11095954
41.150005,-122.049995,2016-05-26 00:00:00,0,0.08218896
41.150005,-121.95,2016-05-26 00:00:00,0,0.015127787
41.150005,-121.84999,2016-05-26 00:00:00,0,0.0
41.150005,-121.75,2016-05-26 00:00:00,0,0.0
41.150005,-121.649994,2016-05-26 00:00:00,0,0.0
41.150005,-121.549995,2016-05-26 00:00:00,0,0.0
41.150005,-121.45,2016-05-26 00:00:00,0,0.0
41.150005,-121.34999,2016-05-26 00:00:00,0,0.021894686
41.150005,-121.25,2016-05-26 00:00:00,0,0.039239395
41.150005,-121.149994,2016-05-26 00:00:00,0,0.066522144
41.150005,-121.049995,2016-05-26 00:00:00,0,0.08336401
41.150005,-120.95,2016-05-26 00:00:00,0,0.114999995
41.150005,-120.84999,2016-05-26 00:00:00,0,0.0
41.150005,-120.75,2016-05-26 00:00:00,0,0.0
41.150005,-120.649994,2016-05-26 00:00:00,0,0.0
41.150005,-120.549995,2016-05-26 00:00:00,0,0.0
41.150005,-120.45,2016-05-26 00:00:00,0,0.0
41.150005,-120.34999,2016-05-26 00:00:00,0,0.0
41.150005,-120.25,2016-05-26 00:00:00,0,0.0
41.150005,-120.149994,2016-05-26 00:00:00,0,0.0
41.150005,-120.049995,2016-05-26 00:00:00,0,0.0
41.150005,-119.95,2016-05-26 00:00:00,0,0.0
41.150005,-119.84999,2016-05-26 00:00:00,0,0.0
41.150005,-119.75,2016-05-26 00:00:00,0,0.0
41.150005,-119.649994,2016-05-26 00:00:00,0,0.0
41.150005,-119.549995,2016-05-26 00:00:00,0,0.0
41.150005,-119.45,2016-05-26 00:00:00,0,0.0
41.150005,-119.34999,2016-05-26 00:00:00,0,0.0
41.150005,-119.25,2016-05-26 00:00:00,0,0.0
41.150005,-119.149994,2016-05-26 00:00:00,0,0.0
41.150005,-119.049995,2016-05-26 00:00:00,0,0.0
41.150005,-118.95,2016-05-26 00:00:00,0,0.0
41.150005,-118.84999,2016-05-26 00:00:00,0,0.0
41.150005,-118.75,2016-05-26 00:00:00,0,0.0
41.150005,-118.649994,2016-05-26 00:00:00,0,0.0
41.150005,-118.549995,2016-05-26 00:00:00,0,0.0
41.150005,-118.45,2016-05-26 00:00:00,0,0.0
41.150005,-118.34999,2016-05-26 00:00:00,0,0.0
41.150005,-118.25,2016-05-26 00:00:00,0,0.0
41.150005,-118.149994,2016-05-26 00:00:00,0,0.0
41.150005,-118.049995,2016-05-26 00:00:00,0,0.0
41.150005,-117.95,2016-05-26 00:00:00,0,0.0
41.150005,-117.84999,2016-05-26 00:00:00,0,0.0
41.150005,-117.75,2016-05-26 00:00:00,0,0.0
41.150005,-117.649994,2016-05-26 00:00:00,0,0.0
41.150005,-117.549995,2016-05-26 00:00:00,0,0.0
41.150005,-117.45,2016-05-26 00:00:00,0,0.0
41.150005,-117.34999,2016-05-26 00:00:00,0,0.0
41.150005,-117.25,2016-05-26 00:00:00,0,0.0
41.150005,-117.149994,2016-05-26 00:00:00,0,0.0
41.150005,-117.049995,2016-05-26 00:00:00,0,0.0
41.150005,-116.95,2016-05-26 00:00:00,0,0.0
41.150005,-116.84999,2016-05-26 00:00:00,0,0.0
41.150005,-116.75,2016-05-26 00:00:00,0,0.0
41.150005,-116.649994,2016-05-26 00:00:00,0,0.0
41.150005,-116.549995,2016-05-26 00:00:00,0,0.0
41.150005,-116.45,2016-05-26 00:00:00,0,0.0
41.150005,-116.34999,2016-05-26 00:00:00,0,0.0
41.150005,-116.25,2016-05-26 00:00:00,0,0.0
41.150005,-116.149994,2016-05-26 00:00:00,0,0.0
41.150005,-116.049995,2016-05-26 00:00:00,0,0.0
41.150005,-115.95,2016-05-26 00:00:00,0,0.0
41.150005,-115.85,2016-05-26 00:00:00,0,0.0
41.150005,-115.74999,2016-05-26 00:00:00,0,0.0
41.150005,-115.649994,2016-05-26 00:00:00,0,0.0
41.150005,-115.549995,2016-05-26 00:00:00,0,0.0
41.150005,-115.45,2016-05-26 00:00:00,0,0.0
41.150005,-115.35,2016-05-26 00:00:00,0,0.0
41.150005,-115.24999,2016-05-26 00:00:00,0,0.0
41.150005,-115.149994,2016-05-26 00:00:00,0,0.0
41.150005,-115.049995,2016-05-26 00:00:00,0,0.0
41.150005,-114.95,2016-05-26 00:00:00,0,0.0
41.150005,-114.85,2016-05-26 00:00:00,0,0.0
41.150005,-114.74999,2016-05-26 00:00:00,0,0.0
41.150005,-114.649994,2016-05-26 00:00:00,0,0.0
41.150005,-114.549995,2016-05-26 00:00:00,0,0.0
41.150005,-114.45,2016-05-26 00:00:00,0,0.0
41.150005,-114.35,2016-05-26 00:00:00,0,0.0
41.150005,-114.24999,2016-05-26 00:00:00,0,0.0
41.249996,-124.34999,2016-05-26 00:00:00,0,0.0
41.249996,-124.25,2016-05-26 00:00:00,0,0.0
41.249996,-124.149994,2016-05-26 00:00:00,0,0.0
41.249996,-124.049995,2016-05-26 00:00:00,0,0.011362705
41.249996,-123.95,2016-05-26 00:00:00,0,0.0
41.249996,-123.84999,2016-05-26 00:00:00,0,0.0
41.249996,-123.75,2016-05-26 00:00:00,0,0.0
41.249996,-123.649994,2016-05-26 00:00:00,0,0.0
41.249996,-123.549995,2016-05-26 00:00:00,0,0.0
41.249996,-123.45,2016-05-26 00:00:00,0,0.0
41.249996,-123.34999,2016-05-26 00:00:00,0,0.005249532
41.249996,-123.25,2016-05-26 00:00:00,0,0.013457932
41.249996,-123.149994,2016-05-26 00:00:00,0,0.013461415
41.249996,-123.049995,2016-05-26 00:00:00,0,0.0071148644
41.249996,-122.95,2016-05-26 00:00:00,0,0.13541795
41.249996,-122.84999,2016-05-26 00:00:00,0,1.4444771
41.249996,-122.75,2016-05-26 00:00:00,0,0.0629376
41.249996,-122.649994,2016-05-26 00:00:00,0,0.13514195
41.249996,-122.549995,2016-05-26 00:00:00,0,0.06669214
41.249996,-122.45,2016-05-26 00:00:00,0,0.11448604
41.249996,-122.34999,2016-05-26 00:00:00,0,1.3696418
41.249996,-122.25,2016-05-26 00:00:00,0,0.6700703
41.249996,-122.149994,2016-05-26 00:00:00,0,1.208487
41.249996,-122.049995,2016-05-26 00:00:00,0,0.52940446
41.249996,-121.95,2016-05-26 00:00:00,0,0.22652751
41.249996,-121.84999,2016-05-26 00:00:00,0,0.0005201441
41.249996,-121.75,2016-05-26 00:00:00,0,0.0
41.249996,-121.649994,2016-05-26 00:00:00,0,0.0
41.249996,-121.549995,2016-05-26 00:00:00,0,0.0
41.249996,-121.45,2016-05-26 00:00:00,0,0.0
41.249996,-121.34999,2016-05-26 00:00:00,0,0.0065452596
41.249996,-121.25,2016-05-26 00:00:00,0,0.0
41.249996,-121.149994,2016-05-26 00:00:00,0,0.0
41.249996,-121.049995,2016-05-26 00:00:00,0,0.0
41.249996,-120.95,2016-05-26 00:00:00,0,0.0
41.249996,-120.84999,2016-05-26 00:00:00,0,0.0
41.249996,-120.75,2016-05-26 00:00:00,0,0.0
41.249996,-120.649994,2016-05-26 00:00:00,0,0.0
41.249996,-120.549995,2016-05-26 00:00:00,0,0.0
41.249996,-120.45,2016-05-26 00:00:00,0,0.0
41.249996,-120.34999,2016-05-26 00:00:00,0,0.0
41.249996,-120.25,2016-05-26 00:00:00,0,0.0
41.249996,-120.149994,2016-05-26 00:00:00,0,0.0
41.249996,-120.049995,2016-05-26 00:00:00,0,2.9467432
41.249996,-119.95,2016-05-26 00:00:00,0,0.0
41.249996,-119.84999,2016-05-26 00:00:00,0,0.0
41.249996,-119.75,2016-05-26 00:00:00,0,0.0
41.249996,-119.649994,2016-05-26 00:00:00,0,0.0
41.249996,-119.549995,2016-05-26 00:00:00,0,0.0
41.249996,-119.45,2016-05-26 00:00:00,0,0.0
41.249996,-119.34999,2016-05-26 00:00:00,0,0.0
41.249996,-119.25,2016-05-26 00:00:00,0,0.0
41.249996,-119.149994,2016-05-26 00:00:00,0,0.0
41.249996,-119.049995,2016-05-26 00:00:00,0,0.0
41.249996,-118.95,2016-05-26 00:00:00,0,0.0
41.249996,-118.84999,2016-05-26 00:00:00,0,0.0
41.249996,-118.75,2016-05-26 00:00:00,0,0.0
41.249996,-118.649994,2016-05-26 00:00:00,0,0.0
41.249996,-118.549995,2016-05-26 00:00:00,0,0.0
41.249996,-118.45,2016-05-26 00:00:00,0,0.0
41.249996,-118.34999,2016-05-26 00:00:00,0,0.0
41.249996,-118.25,2016-05-26 00:00:00,0,0.0
41.249996,-118.149994,2016-05-26 00:00:00,0,0.0
41.249996,-118.049995,2016-05-26 00:00:00,0,0.0
41.249996,-117.95,2016-05-26 00:00:00,0,0.0
41.249996,-117.84999,2016-05-26 00:00:00,0,0.0
41.249996,-117.75,2016-05-26 00:00:00,0,0.0
41.249996,-117.649994,2016-05-26 00:00:00,0,0.0
41.249996,-117.549995,2016-05-26 00:00:00,0,0.0
41.249996,-117.45,2016-05-26 00:00:00,0,0.0
41.249996,-117.34999,2016-05-26 00:00:00,0,0.0
41.249996,-117.25,2016-05-26 00:00:00,0,0.0
41.249996,-117.149994,2016-05-26 00:00:00,0,0.0
41.249996,-117.049995,2016-05-26 00:00:00,0,0.0
41.249996,-116.95,2016-05-26 00:00:00,0,0.0
41.249996,-116.84999,2016-05-26 00:00:00,0,0.0
41.249996,-116.75,2016-05-26 00:00:00,0,0.0
41.249996,-116.649994,2016-05-26 00:00:00,0,0.0
41.249996,-116.549995,2016-05-26 00:00:00,0,0.0
41.249996,-116.45,2016-05-26 00:00:00,0,0.0
41.249996,-116.34999,2016-05-26 00:00:00,0,0.0
41.249996,-116.25,2016-05-26 00:00:00,0,0.0
41.249996,-116.149994,2016-05-26 00:00:00,0,0.0
41.249996,-116.049995,2016-05-26 00:00:00,0,0.0
41.249996,-115.95,2016-05-26 00:00:00,0,0.0
41.249996,-115.85,2016-05-26 00:00:00,0,0.0
41.249996,-115.74999,2016-05-26 00:00:00,0,0.0
41.249996,-115.649994,2016-05-26 00:00:00,0,0.0
41.249996,-115.549995,2016-05-26 00:00:00,0,0.0
41.249996,-115.45,2016-05-26 00:00:00,0,0.0
41.249996,-115.35,2016-05-26 00:00:00,0,0.0
41.249996,-115.24999,2016-05-26 00:00:00,0,0.0
41.249996,-115.149994,2016-05-26 00:00:00,0,0.0
41.249996,-115.049995,2016-05-26 00:00:00,0,0.0
41.249996,-114.95,2016-05-26 00:00:00,0,0.0
41.249996,-114.85,2016-05-26 00:00:00,0,0.0
41.249996,-114.74999,2016-05-26 00:00:00,0,0.0
41.249996,-114.649994,2016-05-26 00:00:00,0,0.0
41.249996,-114.549995,2016-05-26 00:00:00,0,0.0
41.249996,-114.45,2016-05-26 00:00:00,0,0.0
41.249996,-114.35,2016-05-26 00:00:00,0,0.0
41.249996,-114.24999,2016-05-26 00:00:00,0,0.0
41.350002,-124.34999,2016-05-26 00:00:00,0,0.0
41.350002,-124.25,2016-05-26 00:00:00,0,0.0
41.350002,-124.149994,2016-05-26 00:00:00,0,0.0
41.350002,-124.049995,2016-05-26 00:00:00,0,0.011352498
41.350002,-123.95,2016-05-26 00:00:00,0,0.0
41.350002,-123.84999,2016-05-26 00:00:00,0,0.0
41.350002,-123.75,2016-05-26 00:00:00,0,0.0
41.350002,-123.649994,2016-05-26 00:00:00,0,0.0
41.350002,-123.549995,2016-05-26 00:00:00,0,0.0
41.350002,-123.45,2016-05-26 00:00:00,0,0.0
41.350002,-123.34999,2016-05-26 00:00:00,0,0.0
41.350002,-123.25,2016-05-26 00:00:00,0,0.03740992
41.350002,-123.149994,2016-05-26 00:00:00,0,0.01870496
41.350002,-123.049995,2016-05-26 00:00:00,0,0.0
41.350002,-122.95,2016-05-26 00:00:00,0,0.009816876
41.350002,-122.84999,2016-05-26 00:00:00,0,0.049753096
41.350002,-122.75,2016-05-26 00:00:00,0,0.0
41.350002,-122.649994,2016-05-26 00:00:00,0,0.04542633
41.350002,-122.549995,2016-05-26 00:00:00,0,0.048098464
41.350002,-122.45,2016-05-26 00:00:00,0,0.45092383
41.350002,-122.34999,2016-05-26 00:00:00,0,0.50729966
41.350002,-122.25,2016-05-26 00:00:00,0,1.0875597
41.350002,-122.149994,2016-05-26 00:00:00,0,0.0
41.350002,-122.049995,2016-05-26 00:00:00,0,2.8387463
41.350002,-121.95,2016-05-26 00:00:00,0,0.0
41.350002,-121.84999,2016-05-26 00:00:00,0,0.0
41.350002,-121.75,2016-05-26 00:00:00,0,0.0
41.350002,-121.649994,2016-05-26 00:00:00,0,0.0
41.350002,-121.549995,2016-05-26 00:00:00,0,0.0
41.350002,-121.45,2016-05-26 00:00:00,0,0.0
41.350002,-121.34999,2016-05-26 00:00:00,0,0.0009863909
41.350002,-121.25,2016-05-26 00:00:00,0,0.0
41.350002,-121.149994,2016-05-26 00:00:00,0,0.0
41.350002,-121.049995,2016-05-26 00:00:00,0,0.0
41.350002,-120.95,2016-05-26 00:00:00,0,0.0
41.350002,-120.84999,2016-05-26 00:00:00,0,0.0
41.350002,-120.75,2016-05-26 00:00:00,0,0.0
41.350002,-120.649994,2016-05-26 00:00:00,0,0.0
41.350002,-120.549995,2016-05-26 00:00:00,0,0.0
41.350002,-120.45,2016-05-26 00:00:00,0,0.0
41.350002,-120.34999,2016-05-26 00:00:00,0,0.0
41.350002,-120.25,2016-05-26 00:00:00,0,0.0
41.350002,-120.149994,2016-05-26 00:00:00,0,0.0
41.350002,-120.049995,2016-05-26 00:00:00,0,0.28562576
41.350002,-119.95,2016-05-26 00:00:00,0,0.0
41.350002,-119.84999,2016-05-26 00:00:00,0,0.0
41.350002,-119.75,2016-05-26 00:00:00,0,0.0
41.350002,-119.649994,2016-05-26 00:00:00,0,0.0
41.350002,-119.549995,2016-05-26 00:00:00,0,0.0
41.350002,-119.45,2016-05-26 00:00:00,0,0.0
41.350002,-119.34999,2016-05-26 00:00:00,0,0.0
41.350002,-119.25,2016-05-26 00:00:00,0,0.0
41.350002,-119.149994,2016-05-26 00:00:00,0,0.0
41.350002,-119.049995,2016-05-26 00:00:00,0,0.0
41.350002,-118.95,2016-05-26 00:00:00,0,0.0
41.350002,-118.84999,2016-05-26 00:00:00,0,0.0
41.350002,-118.75,2016-05-26 00:00:00,0,0.0
41.350002,-118.649994,2016-05-26 00:00:00,0,0.0
41.350002,-118.549995,2016-05-26 00:00:00,0,0.0
41.350002,-118.45,2016-05-26 00:00:00,0,0.0
41.350002,-118.34999,2016-05-26 00:00:00,0,0.0
41.350002,-118.25,2016-05-26 00:00:00,0,0.0
41.350002,-118.149994,2016-05-26 00:00:00,0,0.0
41.350002,-118.049995,2016-05-26 00:00:00,0,0.0
41.350002,-117.95,2016-05-26 00:00:00,0,0.0
41.350002,-117.84999,2016-05-26 00:00:00,0,0.0
41.350002,-117.75,2016-05-26 00:00:00,0,0.0
41.350002,-117.649994,2016-05-26 00:00:00,0,0.0
41.350002,-117.549995,2016-05-26 00:00:00,0,0.0
41.350002,-117.45,2016-05-26 00:00:00,0,0.0
41.350002,-117.34999,2016-05-26 00:00:00,0,0.0
41.350002,-117.25,2016-05-26 00:00:00,0,0.0
41.350002,-117.149994,2016-05-26 00:00:00,0,0.0
41.350002,-117.049995,2016-05-26 00:00:00,0,0.0
41.350002,-116.95,2016-05-26 00:00:00,0,0.0
41.350002,-116.84999,2016-05-26 00:00:00,0,0.0
41.350002,-116.75,2016-05-26 00:00:00,0,0.0
41.350002,-116.649994,2016-05-26 00:00:00,0,0.0
41.350002,-116.549995,2016-05-26 00:00:00,0,0.0
41.350002,-116.45,2016-05-26 00:00:00,0,0.0
41.350002,-116.34999,2016-05-26 00:00:00,0,0.0
41.350002,-116.25,2016-05-26 00:00:00,0,0.0
41.350002,-116.149994,2016-05-26 00:00:00,0,0.0
41.350002,-116.049995,2016-05-26 00:00:00,0,0.0
41.350002,-115.95,2016-05-26 00:00:00,0,0.0
41.350002,-115.85,2016-05-26 00:00:00,0,0.0
41.350002,-115.74999,2016-05-26 00:00:00,0,0.0
41.350002,-115.649994,2016-05-26 00:00:00,0,0.0
41.350002,-115.549995,2016-05-26 00:00:00,0,0.0
41.350002,-115.45,2016-05-26 00:00:00,0,0.0
41.350002,-115.35,2016-05-26 00:00:00,0,0.0
41.350002,-115.24999,2016-05-26 00:00:00,0,0.0
41.350002,-115.149994,2016-05-26 00:00:00,0,0.0
41.350002,-115.049995,2016-05-26 00:00:00,0,0.0
41.350002,-114.95,2016-05-26 00:00:00,0,0.0
41.350002,-114.85,2016-05-26 00:00:00,0,0.0
41.350002,-114.74999,2016-05-26 00:00:00,0,0.0
41.350002,-114.649994,2016-05-26 00:00:00,0,0.0
41.350002,-114.549995,2016-05-26 00:00:00,0,0.0
41.350002,-114.45,2016-05-26 00:00:00,0,0.0
41.350002,-114.35,2016-05-26 00:00:00,0,0.0
41.350002,-114.24999,2016-05-26 00:00:00,0,0.0
41.45001,-124.34999,2016-05-26 00:00:00,0,0.0
41.45001,-124.25,2016-05-26 00:00:00,0,0.0
41.45001,-124.149994,2016-05-26 00:00:00,0,0.0
41.45001,-124.049995,2016-05-26 00:00:00,0,0.013020577
41.45001,-123.95,2016-05-26 00:00:00,0,0.035
41.45001,-123.84999,2016-05-26 00:00:00,0,0.0
41.45001,-123.75,2016-05-26 00:00:00,0,0.0
41.45001,-123.649994,2016-05-26 00:00:00,0,0.0
41.45001,-123.549995,2016-05-26 00:00:00,0,0.0
41.45001,-123.45,2016-05-26 00:00:00,0,0.0
41.45001,-123.34999,2016-05-26 00:00:00,0,0.0
41.45001,-123.25,2016-05-26 00:00:00,0,0.005344274
41.45001,-123.149994,2016-05-26 00:00:00,0,0.03740992
41.45001,-123.049995,2016-05-26 00:00:00,0,0.0
41.45001,-122.95,2016-05-26 00:00:00,0,0.0
41.45001,-122.84999,2016-05-26 00:00:00,0,0.0
41.45001,-122.75,2016-05-26 00:00:00,0,0.0
41.45001,-122.649994,2016-05-26 00:00:00,0,0.0
41.45001,-122.549995,2016-05-26 00:00:00,0,0.0
41.45001,-122.45,2016-05-26 00:00:00,0,0.0
41.45001,-122.34999,2016-05-26 00:00:00,0,0.0
41.45001,-122.25,2016-05-26 00:00:00,0,0.50633657
41.45001,-122.149994,2016-05-26 00:00:00,0,0.7554579
41.45001,-122.049995,2016-05-26 00:00:00,0,2.0769691
41.45001,-121.95,2016-05-26 00:00:00,0,0.31685406
41.45001,-121.84999,2016-05-26 00:00:00,0,0.32983705
41.45001,-121.75,2016-05-26 00:00:00,0,0.0
41.45001,-121.649994,2016-05-26 00:00:00,0,0.0
41.45001,-121.549995,2016-05-26 00:00:00,0,0.0
41.45001,-121.45,2016-05-26 00:00:00,0,0.0
41.45001,-121.34999,2016-05-26 00:00:00,0,0.0
41.45001,-121.25,2016-05-26 00:00:00,0,0.0
41.45001,-121.149994,2016-05-26 00:00:00,0,0.0
41.45001,-121.049995,2016-05-26 00:00:00,0,0.0
41.45001,-120.95,2016-05-26 00:00:00,0,0.0
41.45001,-120.84999,2016-05-26 00:00:00,0,0.0
41.45001,-120.75,2016-05-26 00:00:00,0,0.0
41.45001,-120.649994,2016-05-26 00:00:00,0,0.0
41.45001,-120.549995,2016-05-26 00:00:00,0,0.0
41.45001,-120.45,2016-05-26 00:00:00,0,0.0
41.45001,-120.34999,2016-05-26 00:00:00,0,0.0
41.45001,-120.25,2016-05-26 00:00:00,0,0.0
41.45001,-120.149994,2016-05-26 00:00:00,0,0.0
41.45001,-120.049995,2016-05-26 00:00:00,0,0.0
41.45001,-119.95,2016-05-26 00:00:00,0,0.0
41.45001,-119.84999,2016-05-26 00:00:00,0,0.0
41.45001,-119.75,2016-05-26 00:00:00,0,0.0
41.45001,-119.649994,2016-05-26 00:00:00,0,0.0
41.45001,-119.549995,2016-05-26 00:00:00,0,0.0
41.45001,-119.45,2016-05-26 00:00:00,0,0.0
41.45001,-119.34999,2016-05-26 00:00:00,0,0.0
41.45001,-119.25,2016-05-26 00:00:00,0,0.0
41.45001,-119.149994,2016-05-26 00:00:00,0,0.0
41.45001,-119.049995,2016-05-26 00:00:00,0,0.0
41.45001,-118.95,2016-05-26 00:00:00,0,0.0
41.45001,-118.84999,2016-05-26 00:00:00,0,0.0
41.45001,-118.75,2016-05-26 00:00:00,0,0.0
41.45001,-118.649994,2016-05-26 00:00:00,0,0.0
41.45001,-118.549995,2016-05-26 00:00:00,0,0.0
41.45001,-118.45,2016-05-26 00:00:00,0,0.0
41.45001,-118.34999,2016-05-26 00:00:00,0,0.0
41.45001,-118.25,2016-05-26 00:00:00,0,0.0
41.45001,-118.149994,2016-05-26 00:00:00,0,0.0
41.45001,-118.049995,2016-05-26 00:00:00,0,0.0
41.45001,-117.95,2016-05-26 00:00:00,0,0.0
41.45001,-117.84999,2016-05-26 00:00:00,0,0.0
41.45001,-117.75,2016-05-26 00:00:00,0,0.0
41.45001,-117.649994,2016-05-26 00:00:00,0,0.0
41.45001,-117.549995,2016-05-26 00:00:00,0,0.0
41.45001,-117.45,2016-05-26 00:00:00,0,0.0
41.45001,-117.34999,2016-05-26 00:00:00,0,0.0
41.45001,-117.25,2016-05-26 00:00:00,0,0.0
41.45001,-117.149994,2016-05-26 00:00:00,0,0.0
41.45001,-117.049995,2016-05-26 00:00:00,0,0.0
41.45001,-116.95,2016-05-26 00:00:00,0,0.0
41.45001,-116.84999,2016-05-26 00:00:00,0,0.0
41.45001,-116.75,2016-05-26 00:00:00,0,0.0
41.45001,-116.649994,2016-05-26 00:00:00,0,0.0
41.45001,-116.549995,2016-05-26 00:00:00,0,0.0
41.45001,-116.45,2016-05-26 00:00:00,0,0.0
41.45001,-116.34999,2016-05-26 00:00:00,0,0.0
41.45001,-116.25,2016-05-26 00:00:00,0,0.0
41.45001,-116.149994,2016-05-26 00:00:00,0,0.0
41.45001,-116.049995,2016-05-26 00:00:00,0,0.0
41.45001,-115.95,2016-05-26 00:00:00,0,0.0
41.45001,-115.85,2016-05-26 00:00:00,0,0.0
41.45001,-115.74999,2016-05-26 00:00:00,0,0.0
41.45001,-115.649994,2016-05-26 00:00:00,0,0.0
41.45001,-115.549995,2016-05-26 00:00:00,0,0.0
41.45001,-115.45,2016-05-26 00:00:00,0,0.0
41.45001,-115.35,2016-05-26 00:00:00,0,0.0
41.45001,-115.24999,2016-05-26 00:00:00,0,0.0
41.45001,-115.149994,2016-05-26 00:00:00,0,0.0
41.45001,-115.049995,2016-05-26 00:00:00,0,0.0
41.45001,-114.95,2016-05-26 00:00:00,0,0.0
41.45001,-114.85,2016-05-26 00:00:00,0,0.0
41.45001,-114.74999,2016-05-26 00:00:00,0,0.0
41.45001,-114.649994,2016-05-26 00:00:00,0,0.0
41.45001,-114.549995,2016-05-26 00:00:00,0,0.0
41.45001,-114.45,2016-05-26 00:00:00,0,0.0
41.45001,-114.35,2016-05-26 00:00:00,0,0.0
41.45001,-114.24999,2016-05-26 00:00:00,0,0.0
41.55,-124.34999,2016-05-26 00:00:00,0,0.0
41.55,-124.25,2016-05-26 00:00:00,0,0.0
41.55,-124.149994,2016-05-26 00:00:00,0,0.0
41.55,-124.049995,2016-05-26 00:00:00,0,0.0
41.55,-123.95,2016-05-26 00:00:00,0,0.06346965
41.55,-123.84999,2016-05-26 00:00:00,0,0.0
41.55,-123.75,2016-05-26 00:00:00,0,0.0
41.55,-123.649994,2016-05-26 00:00:00,0,0.0
41.55,-123.549995,2016-05-26 00:00:00,0,0.0
41.55,-123.45,2016-05-26 00:00:00,0,0.0
41.55,-123.34999,2016-05-26 00:00:00,0,0.0
41.55,-123.25,2016-05-26 00:00:00,0,0.005344274
41.55,-123.149994,2016-05-26 00:00:00,0,0.023600634
41.55,-123.049995,2016-05-26 00:00:00,0,1.4892144
41.55,-122.95,2016-05-26 00:00:00,0,0.0
41.55,-122.84999,2016-05-26 00:00:00,0,0.0
41.55,-122.75,2016-05-26 00:00:00,0,0.0
41.55,-122.649994,2016-05-26 00:00:00,0,0.0
41.55,-122.549995,2016-05-26 00:00:00,0,0.0
41.55,-122.45,2016-05-26 00:00:00,0,0.0
41.55,-122.34999,2016-05-26 00:00:00,0,0.0
41.55,-122.25,2016-05-26 00:00:00,0,0.0
41.55,-122.149994,2016-05-26 00:00:00,0,0.20662694
41.55,-122.049995,2016-05-26 00:00:00,0,0.3624228
41.55,-121.95,2016-05-26 00:00:00,0,0.0
41.55,-121.84999,2016-05-26 00:00:00,0,0.0
41.55,-121.75,2016-05-26 00:00:00,0,0.0
41.55,-121.649994,2016-05-26 00:00:00,0,0.0
41.55,-121.549995,2016-05-26 00:00:00,0,0.065670334
41.55,-121.45,2016-05-26 00:00:00,0,0.02672137
41.55,-121.34999,2016-05-26 00:00:00,0,0.07789793
41.55,-121.25,2016-05-26 00:00:00,0,0.0
41.55,-121.149994,2016-05-26 00:00:00,0,0.0
41.55,-121.049995,2016-05-26 00:00:00,0,0.0
41.55,-120.95,2016-05-26 00:00:00,0,0.0
41.55,-120.84999,2016-05-26 00:00:00,0,0.0
41.55,-120.75,2016-05-26 00:00:00,0,0.0
41.55,-120.649994,2016-05-26 00:00:00,0,0.0
41.55,-120.549995,2016-05-26 00:00:00,0,0.0
41.55,-120.45,2016-05-26 00:00:00,0,0.0
41.55,-120.34999,2016-05-26 00:00:00,0,0.0
41.55,-120.25,2016-05-26 00:00:00,0,0.0
41.55,-120.149994,2016-05-26 00:00:00,0,0.0
41.55,-120.049995,2016-05-26 00:00:00,0,0.0
41.55,-119.95,2016-05-26 00:00:00,0,0.0
41.55,-119.84999,2016-05-26 00:00:00,0,0.0
41.55,-119.75,2016-05-26 00:00:00,0,0.0
41.55,-119.649994,2016-05-26 00:00:00,0,0.0
41.55,-119.549995,2016-05-26 00:00:00,0,0.0
41.55,-119.45,2016-05-26 00:00:00,0,0.0
41.55,-119.34999,2016-05-26 00:00:00,0,0.0
41.55,-119.25,2016-05-26 00:00:00,0,0.0
41.55,-119.149994,2016-05-26 00:00:00,0,0.0
41.55,-119.049995,2016-05-26 00:00:00,0,0.0
41.55,-118.95,2016-05-26 00:00:00,0,0.0
41.55,-118.84999,2016-05-26 00:00:00,0,0.0
41.55,-118.75,2016-05-26 00:00:00,0,0.0
41.55,-118.649994,2016-05-26 00:00:00,0,0.0
41.55,-118.549995,2016-05-26 00:00:00,0,0.0
41.55,-118.45,2016-05-26 00:00:00,0,0.0
41.55,-118.34999,2016-05-26 00:00:00,0,0.0
41.55,-118.25,2016-05-26 00:00:00,0,0.0
41.55,-118.149994,2016-05-26 00:00:00,0,0.0
41.55,-118.049995,2016-05-26 00:00:00,0,0.0
41.55,-117.95,2016-05-26 00:00:00,0,0.0
41.55,-117.84999,2016-05-26 00:00:00,0,0.0
41.55,-117.75,2016-05-26 00:00:00,0,0.0
41.55,-117.649994,2016-05-26 00:00:00,0,0.0
41.55,-117.549995,2016-05-26 00:00:00,0,0.0
41.55,-117.45,2016-05-26 00:00:00,0,0.0
41.55,-117.34999,2016-05-26 00:00:00,0,0.0
41.55,-117.25,2016-05-26 00:00:00,0,0.0
41.55,-117.149994,2016-05-26 00:00:00,0,0.0
41.55,-117.049995,2016-05-26 00:00:00,0,0.0
41.55,-116.95,2016-05-26 00:00:00,0,0.0
41.55,-116.84999,2016-05-26 00:00:00,0,0.0
41.55,-116.75,2016-05-26 00:00:00,0,0.0
41.55,-116.649994,2016-05-26 00:00:00,0,0.0
41.55,-116.549995,2016-05-26 00:00:00,0,0.0
41.55,-116.45,2016-05-26 00:00:00,0,0.0
41.55,-116.34999,2016-05-26 00:00:00,0,0.0
41.55,-116.25,2016-05-26 00:00:00,0,0.0
41.55,-116.149994,2016-05-26 00:00:00,0,0.0
41.55,-116.049995,2016-05-26 00:00:00,0,0.0
41.55,-115.95,2016-05-26 00:00:00,0,0.0
41.55,-115.85,2016-05-26 00:00:00,0,0.0
41.55,-115.74999,2016-05-26 00:00:00,0,0.0
41.55,-115.649994,2016-05-26 00:00:00,0,0.0
41.55,-115.549995,2016-05-26 00:00:00,0,0.0
41.55,-115.45,2016-05-26 00:00:00,0,0.0
41.55,-115.35,2016-05-26 00:00:00,0,0.0
41.55,-115.24999,2016-05-26 00:00:00,0,0.0
41.55,-115.149994,2016-05-26 00:00:00,0,0.0
41.55,-115.049995,2016-05-26 00:00:00,0,0.0
41.55,-114.95,2016-05-26 00:00:00,0,0.0
41.55,-114.85,2016-05-26 00:00:00,0,0.0
41.55,-114.74999,2016-05-26 00:00:00,0,0.0
41.55,-114.649994,2016-05-26 00:00:00,0,0.0
41.55,-114.549995,2016-05-26 00:00:00,0,0.0
41.55,-114.45,2016-05-26 00:00:00,0,0.0
41.55,-114.35,2016-05-26 00:00:00,0,0.0
41.55,-114.24999,2016-05-26 00:00:00,0,0.0
41.650005,-124.34999,2016-05-26 00:00:00,0,0.0
41.650005,-124.25,2016-05-26 00:00:00,0,0.0
41.650005,-124.149994,2016-05-26 00:00:00,0,0.0
41.650005,-124.049995,2016-05-26 00:00:00,0,0.0
41.650005,-123.95,2016-05-26 00:00:00,0,0.0
41.650005,-123.84999,2016-05-26 00:00:00,0,0.0
41.650005,-123.75,2016-05-26 00:00:00,0,0.0
41.650005,-123.649994,2016-05-26 00:00:00,0,0.0
41.650005,-123.549995,2016-05-26 00:00:00,0,0.0
41.650005,-123.45,2016-05-26 00:00:00,0,0.0
41.650005,-123.34999,2016-05-26 00:00:00,0,0.0
41.650005,-123.25,2016-05-26 00:00:00,0,0.0
41.650005,-123.149994,2016-05-26 00:00:00,0,0.0
41.650005,-123.049995,2016-05-26 00:00:00,0,0.0
41.650005,-122.95,2016-05-26 00:00:00,0,0.0
41.650005,-122.84999,2016-05-26 00:00:00,0,0.0
41.650005,-122.75,2016-05-26 00:00:00,0,0.0
41.650005,-122.649994,2016-05-26 00:00:00,0,0.0
41.650005,-122.549995,2016-05-26 00:00:00,0,0.0
41.650005,-122.45,2016-05-26 00:00:00,0,0.0
41.650005,-122.34999,2016-05-26 00:00:00,0,0.0
41.650005,-122.25,2016-05-26 00:00:00,0,0.0
41.650005,-122.149994,2016-05-26 00:00:00,0,0.0
41.650005,-122.049995,2016-05-26 00:00:00,0,0.0
41.650005,-121.95,2016-05-26 00:00:00,0,0.0
41.650005,-121.84999,2016-05-26 00:00:00,0,0.0
41.650005,-121.75,2016-05-26 00:00:00,0,0.0
41.650005,-121.649994,2016-05-26 00:00:00,0,0.0
41.650005,-121.549995,2016-05-26 00:00:00,0,0.0
41.650005,-121.45,2016-05-26 00:00:00,0,0.0
41.650005,-121.34999,2016-05-26 00:00:00,0,0.0
41.650005,-121.25,2016-05-26 00:00:00,0,0.0
41.650005,-121.149994,2016-05-26 00:00:00,0,0.0
41.650005,-121.049995,2016-05-26 00:00:00,0,0.0
41.650005,-120.95,2016-05-26 00:00:00,0,0.0
41.650005,-120.84999,2016-05-26 00:00:00,0,0.0
41.650005,-120.75,2016-05-26 00:00:00,0,0.0
41.650005,-120.649994,2016-05-26 00:00:00,0,0.0
41.650005,-120.549995,2016-05-26 00:00:00,0,0.0
41.650005,-120.45,2016-05-26 00:00:00,0,0.0
41.650005,-120.34999,2016-05-26 00:00:00,0,0.0
41.650005,-120.25,2016-05-26 00:00:00,0,0.0
41.650005,-120.149994,2016-05-26 00:00:00,0,0.0
41.650005,-120.049995,2016-05-26 00:00:00,0,0.0
41.650005,-119.95,2016-05-26 00:00:00,0,0.0
41.650005,-119.84999,2016-05-26 00:00:00,0,0.0
41.650005,-119.75,2016-05-26 00:00:00,0,0.0
41.650005,-119.649994,2016-05-26 00:00:00,0,0.0
41.650005,-119.549995,2016-05-26 00:00:00,0,0.0
41.650005,-119.45,2016-05-26 00:00:00,0,0.0
41.650005,-119.34999,2016-05-26 00:00:00,0,0.0
41.650005,-119.25,2016-05-26 00:00:00,0,0.0
41.650005,-119.149994,2016-05-26 00:00:00,0,0.0
41.650005,-119.049995,2016-05-26 00:00:00,0,0.0
41.650005,-118.95,2016-05-26 00:00:00,0,0.0
41.650005,-118.84999,2016-05-26 00:00:00,0,0.0
41.650005,-118.75,2016-05-26 00:00:00,0,0.0
41.650005,-118.649994,2016-05-26 00:00:00,0,0.0
41.650005,-118.549995,2016-05-26 00:00:00,0,0.0
41.650005,-118.45,2016-05-26 00:00:00,0,0.0
41.650005,-118.34999,2016-05-26 00:00:00,0,0.0
41.650005,-118.25,2016-05-26 00:00:00,0,0.0
41.650005,-118.149994,2016-05-26 00:00:00,0,0.0
41.650005,-118.049995,2016-05-26 00:00:00,0,0.0
41.650005,-117.95,2016-05-26 00:00:00,0,0.0
41.650005,-117.84999,2016-05-26 00:00:00,0,0.0
41.650005,-117.75,2016-05-26 00:00:00,0,0.0
41.650005,-117.649994,2016-05-26 00:00:00,0,0.0
41.650005,-117.549995,2016-05-26 00:00:00,0,0.0
41.650005,-117.45,2016-05-26 00:00:00,0,0.0
41.650005,-117.34999,2016-05-26 00:00:00,0,0.0
41.650005,-117.25,2016-05-26 00:00:00,0,0.0
41.650005,-117.149994,2016-05-26 00:00:00,0,0.0
41.650005,-117.049995,2016-05-26 00:00:00,0,0.0
41.650005,-116.95,2016-05-26 00:00:00,0,0.0
41.650005,-116.84999,2016-05-26 00:00:00,0,0.0
41.650005,-116.75,2016-05-26 00:00:00,0,0.0
41.650005,-116.649994,2016-05-26 00:00:00,0,0.0
41.650005,-116.549995,2016-05-26 00:00:00,0,0.0
41.650005,-116.45,2016-05-26 00:00:00,0,0.0
41.650005,-116.34999,2016-05-26 00:00:00,0,0.0
41.650005,-116.25,2016-05-26 00:00:00,0,0.0
41.650005,-116.149994,2016-05-26 00:00:00,0,0.0
41.650005,-116.049995,2016-05-26 00:00:00,0,0.0
41.650005,-115.95,2016-05-26 00:00:00,0,0.0
41.650005,-115.85,2016-05-26 00:00:00,0,0.0
41.650005,-115.74999,2016-05-26 00:00:00,0,0.0
41.650005,-115.649994,2016-05-26 00:00:00,0,0.0
41.650005,-115.549995,2016-05-26 00:00:00,0,0.0
41.650005,-115.45,2016-05-26 00:00:00,0,0.0
41.650005,-115.35,2016-05-26 00:00:00,0,0.0
41.650005,-115.24999,2016-05-26 00:00:00,0,0.0
41.650005,-115.149994,2016-05-26 00:00:00,0,0.0
41.650005,-115.049995,2016-05-26 00:00:00,0,0.0
41.650005,-114.95,2016-05-26 00:00:00,0,0.0
41.650005,-114.85,2016-05-26 00:00:00,0,0.0
41.650005,-114.74999,2016-05-26 00:00:00,0,0.0
41.650005,-114.649994,2016-05-26 00:00:00,0,0.0
41.650005,-114.549995,2016-05-26 00:00:00,0,0.0
41.650005,-114.45,2016-05-26 00:00:00,0,0.0
41.650005,-114.35,2016-05-26 00:00:00,0,0.0
41.650005,-114.24999,2016-05-26 00:00:00,0,0.0
41.749996,-124.34999,2016-05-26 00:00:00,0,0.0
41.749996,-124.25,2016-05-26 00:00:00,0,0.0
41.749996,-124.149994,2016-05-26 00:00:00,0,0.0052900286
41.749996,-124.049995,2016-05-26 00:00:00,0,0.0
41.749996,-123.95,2016-05-26 00:00:00,0,0.0
41.749996,-123.84999,2016-05-26 00:00:00,0,0.0
41.749996,-123.75,2016-05-26 00:00:00,0,0.0
41.749996,-123.649994,2016-05-26 00:00:00,0,0.0
41.749996,-123.549995,2016-05-26 00:00:00,0,0.0
41.749996,-123.45,2016-05-26 00:00:00,0,0.0
41.749996,-123.34999,2016-05-26 00:00:00,0,0.0
41.749996,-123.25,2016-05-26 00:00:00,0,0.0
41.749996,-123.149994,2016-05-26 00:00:00,0,0.0
41.749996,-123.049995,2016-05-26 00:00:00,0,0.0
41.749996,-122.95,2016-05-26 00:00:00,0,0.0
41.749996,-122.84999,2016-05-26 00:00:00,0,0.0
41.749996,-122.75,2016-05-26 00:00:00,0,0.0
41.749996,-122.649994,2016-05-26 00:00:00,0,0.0
41.749996,-122.549995,2016-05-26 00:00:00,0,0.0
41.749996,-122.45,2016-05-26 00:00:00,0,0.0
41.749996,-122.34999,2016-05-26 00:00:00,0,0.0
41.749996,-122.25,2016-05-26 00:00:00,0,0.0
41.749996,-122.149994,2016-05-26 00:00:00,0,0.0
41.749996,-122.049995,2016-05-26 00:00:00,0,0.0
41.749996,-121.95,2016-05-26 00:00:00,0,0.0
41.749996,-121.84999,2016-05-26 00:00:00,0,0.0
41.749996,-121.75,2016-05-26 00:00:00,0,0.0
41.749996,-121.649994,2016-05-26 00:00:00,0,0.0
41.749996,-121.549995,2016-05-26 00:00:00,0,0.0
41.749996,-121.45,2016-05-26 00:00:00,0,0.0
41.749996,-121.34999,2016-05-26 00:00:00,0,0.0
41.749996,-121.25,2016-05-26 00:00:00,0,0.0
41.749996,-121.149994,2016-05-26 00:00:00,0,0.0
41.749996,-121.049995,2016-05-26 00:00:00,0,0.0
41.749996,-120.95,2016-05-26 00:00:00,0,0.0
41.749996,-120.84999,2016-05-26 00:00:00,0,0.0
41.749996,-120.75,2016-05-26 00:00:00,0,0.0
41.749996,-120.649994,2016-05-26 00:00:00,0,0.0
41.749996,-120.549995,2016-05-26 00:00:00,0,0.0
41.749996,-120.45,2016-05-26 00:00:00,0,0.34032673
41.749996,-120.34999,2016-05-26 00:00:00,0,0.0
41.749996,-120.25,2016-05-26 00:00:00,0,0.0
41.749996,-120.149994,2016-05-26 00:00:00,0,0.0
41.749996,-120.049995,2016-05-26 00:00:00,0,0.0
41.749996,-119.95,2016-05-26 00:00:00,0,0.0
41.749996,-119.84999,2016-05-26 00:00:00,0,0.0
41.749996,-119.75,2016-05-26 00:00:00,0,0.0
41.749996,-119.649994,2016-05-26 00:00:00,0,0.0
41.749996,-119.549995,2016-05-26 00:00:00,0,0.0
41.749996,-119.45,2016-05-26 00:00:00,0,0.0
41.749996,-119.34999,2016-05-26 00:00:00,0,0.0
41.749996,-119.25,2016-05-26 00:00:00,0,0.0
41.749996,-119.149994,2016-05-26 00:00:00,0,0.0
41.749996,-119.049995,2016-05-26 00:00:00,0,0.0
41.749996,-118.95,2016-05-26 00:00:00,0,0.0
41.749996,-118.84999,2016-05-26 00:00:00,0,0.0
41.749996,-118.75,2016-05-26 00:00:00,0,0.0
41.749996,-118.649994,2016-05-26 00:00:00,0,0.0
41.749996,-118.549995,2016-05-26 00:00:00,0,0.0
41.749996,-118.45,2016-05-26 00:00:00,0,0.0
41.749996,-118.34999,2016-05-26 00:00:00,0,0.0
41.749996,-118.25,2016-05-26 00:00:00,0,0.0
41.749996,-118.149994,2016-05-26 00:00:00,0,0.0
41.749996,-118.049995,2016-05-26 00:00:00,0,0.0
41.749996,-117.95,2016-05-26 00:00:00,0,0.0
41.749996,-117.84999,2016-05-26 00:00:00,0,0.0
41.749996,-117.75,2016-05-26 00:00:00,0,0.0
41.749996,-117.649994,2016-05-26 00:00:00,0,0.0
41.749996,-117.549995,2016-05-26 00:00:00,0,0.0
41.749996,-117.45,2016-05-26 00:00:00,0,0.0
41.749996,-117.34999,2016-05-26 00:00:00,0,0.0
41.749996,-117.25,2016-05-26 00:00:00,0,0.0
41.749996,-117.149994,2016-05-26 00:00:00,0,0.0
41.749996,-117.049995,2016-05-26 00:00:00,0,0.0
41.749996,-116.95,2016-05-26 00:00:00,0,0.0
41.749996,-116.84999,2016-05-26 00:00:00,0,0.0
41.749996,-116.75,2016-05-26 00:00:00,0,0.0
41.749996,-116.649994,2016-05-26 00:00:00,0,0.0
41.749996,-116.549995,2016-05-26 00:00:00,0,0.0
41.749996,-116.45,2016-05-26 00:00:00,0,0.0
41.749996,-116.34999,2016-05-26 00:00:00,0,0.0
41.749996,-116.25,2016-05-26 00:00:00,0,0.0
41.749996,-116.149994,2016-05-26 00:00:00,0,0.0
41.749996,-116.049995,2016-05-26 00:00:00,0,0.0
41.749996,-115.95,2016-05-26 00:00:00,0,0.0
41.749996,-115.85,2016-05-26 00:00:00,0,0.0
41.749996,-115.74999,2016-05-26 00:00:00,0,0.0
41.749996,-115.649994,2016-05-26 00:00:00,0,0.0
41.749996,-115.549995,2016-05-26 00:00:00,0,0.0
41.749996,-115.45,2016-05-26 00:00:00,0,0.0
41.749996,-115.35,2016-05-26 00:00:00,0,0.0
41.749996,-115.24999,2016-05-26 00:00:00,0,0.0
41.749996,-115.149994,2016-05-26 00:00:00,0,0.0
41.749996,-115.049995,2016-05-26 00:00:00,0,0.0
41.749996,-114.95,2016-05-26 00:00:00,0,0.0
41.749996,-114.85,2016-05-26 00:00:00,0,0.0
41.749996,-114.74999,2016-05-26 00:00:00,0,0.0
41.749996,-114.649994,2016-05-26 00:00:00,0,0.0
41.749996,-114.549995,2016-05-26 00:00:00,0,0.0
41.749996,-114.45,2016-05-26 00:00:00,0,0.0
41.749996,-114.35,2016-05-26 00:00:00,0,0.0
41.749996,-114.24999,2016-05-26 00:00:00,0,0.0
41.850002,-124.34999,2016-05-26 00:00:00,0,0.0
41.850002,-124.25,2016-05-26 00:00:00,0,0.0
41.850002,-124.149994,2016-05-26 00:00:00,0,0.008702582
41.850002,-124.049995,2016-05-26 00:00:00,0,0.0
41.850002,-123.95,2016-05-26 00:00:00,0,0.0
41.850002,-123.84999,2016-05-26 00:00:00,0,0.0
41.850002,-123.75,2016-05-26 00:00:00,0,0.0
41.850002,-123.649994,2016-05-26 00:00:00,0,0.0
41.850002,-123.549995,2016-05-26 00:00:00,0,0.0
41.850002,-123.45,2016-05-26 00:00:00,0,0.0
41.850002,-123.34999,2016-05-26 00:00:00,0,0.0
41.850002,-123.25,2016-05-26 00:00:00,0,0.0
41.850002,-123.149994,2016-05-26 00:00:00,0,0.0
41.850002,-123.049995,2016-05-26 00:00:00,0,0.0
41.850002,-122.95,2016-05-26 00:00:00,0,0.0
41.850002,-122.84999,2016-05-26 00:00:00,0,0.0
41.850002,-122.75,2016-05-26 00:00:00,0,0.0
41.850002,-122.649994,2016-05-26 00:00:00,0,0.0
41.850002,-122.549995,2016-05-26 00:00:00,0,0.0
41.850002,-122.45,2016-05-26 00:00:00,0,0.0
41.850002,-122.34999,2016-05-26 00:00:00,0,0.0
41.850002,-122.25,2016-05-26 00:00:00,0,0.0
41.850002,-122.149994,2016-05-26 00:00:00,0,0.0
41.850002,-122.049995,2016-05-26 00:00:00,0,0.0
41.850002,-121.95,2016-05-26 00:00:00,0,0.0
41.850002,-121.84999,2016-05-26 00:00:00,0,0.0
41.850002,-121.75,2016-05-26 00:00:00,0,0.0
41.850002,-121.649994,2016-05-26 00:00:00,0,0.0
41.850002,-121.549995,2016-05-26 00:00:00,0,0.035400953
41.850002,-121.45,2016-05-26 00:00:00,0,0.14988251
41.850002,-121.34999,2016-05-26 00:00:00,0,0.0
41.850002,-121.25,2016-05-26 00:00:00,0,0.0
41.850002,-121.149994,2016-05-26 00:00:00,0,0.0
41.850002,-121.049995,2016-05-26 00:00:00,0,0.0
41.850002,-120.95,2016-05-26 00:00:00,0,0.0
41.850002,-120.84999,2016-05-26 00:00:00,0,0.0
41.850002,-120.75,2016-05-26 00:00:00,0,0.0
41.850002,-120.649994,2016-05-26 00:00:00,0,0.0
41.850002,-120.549995,2016-05-26 00:00:00,0,0.0
41.850002,-120.45,2016-05-26 00:00:00,0,0.0
41.850002,-120.34999,2016-05-26 00:00:00,0,0.0
41.850002,-120.25,2016-05-26 00:00:00,0,0.0
41.850002,-120.149994,2016-05-26 00:00:00,0,0.0
41.850002,-120.049995,2016-05-26 00:00:00,0,0.0
41.850002,-119.95,2016-05-26 00:00:00,0,0.0
41.850002,-119.84999,2016-05-26 00:00:00,0,0.0
41.850002,-119.75,2016-05-26 00:00:00,0,0.0
41.850002,-119.649994,2016-05-26 00:00:00,0,0.0
41.850002,-119.549995,2016-05-26 00:00:00,0,0.0
41.850002,-119.45,2016-05-26 00:00:00,0,0.0
41.850002,-119.34999,2016-05-26 00:00:00,0,0.0
41.850002,-119.25,2016-05-26 00:00:00,0,0.0
41.850002,-119.149994,2016-05-26 00:00:00,0,0.0
41.850002,-119.049995,2016-05-26 00:00:00,0,0.0
41.850002,-118.95,2016-05-26 00:00:00,0,0.0
41.850002,-118.84999,2016-05-26 00:00:00,0,0.0
41.850002,-118.75,2016-05-26 00:00:00,0,0.0
41.850002,-118.649994,2016-05-26 00:00:00,0,0.0
41.850002,-118.549995,2016-05-26 00:00:00,0,0.0
41.850002,-118.45,2016-05-26 00:00:00,0,0.0
41.850002,-118.34999,2016-05-26 00:00:00,0,0.0
41.850002,-118.25,2016-05-26 00:00:00,0,0.0
41.850002,-118.149994,2016-05-26 00:00:00,0,0.0
41.850002,-118.049995,2016-05-26 00:00:00,0,0.0
41.850002,-117.95,2016-05-26 00:00:00,0,0.0
41.850002,-117.84999,2016-05-26 00:00:00,0,0.0
41.850002,-117.75,2016-05-26 00:00:00,0,0.0
41.850002,-117.649994,2016-05-26 00:00:00,0,0.0
41.850002,-117.549995,2016-05-26 00:00:00,0,0.0
41.850002,-117.45,2016-05-26 00:00:00,0,0.0
41.850002,-117.34999,2016-05-26 00:00:00,0,0.0
41.850002,-117.25,2016-05-26 00:00:00,0,0.0
41.850002,-117.149994,2016-05-26 00:00:00,0,0.0
41.850002,-117.049995,2016-05-26 00:00:00,0,0.0
41.850002,-116.95,2016-05-26 00:00:00,0,0.0
41.850002,-116.84999,2016-05-26 00:00:00,0,0.0
41.850002,-116.75,2016-05-26 00:00:00,0,0.0
41.850002,-116.649994,2016-05-26 00:00:00,0,0.0
41.850002,-116.549995,2016-05-26 00:00:00,0,0.0
41.850002,-116.45,2016-05-26 00:00:00,0,0.0
41.850002,-116.34999,2016-05-26 00:00:00,0,0.0
41.850002,-116.25,2016-05-26 00:00:00,0,0.0
41.850002,-116.149994,2016-05-26 00:00:00,0,0.0
41.850002,-116.049995,2016-05-26 00:00:00,0,0.0
41.850002,-115.95,2016-05-26 00:00:00,0,0.0
41.850002,-115.85,2016-05-26 00:00:00,0,0.0
41.850002,-115.74999,2016-05-26 00:00:00,0,0.0
41.850002,-115.649994,2016-05-26 00:00:00,0,0.0
41.850002,-115.549995,2016-05-26 00:00:00,0,0.0
41.850002,-115.45,2016-05-26 00:00:00,0,0.0
41.850002,-115.35,2016-05-26 00:00:00,0,0.0
41.850002,-115.24999,2016-05-26 00:00:00,0,0.0
41.850002,-115.149994,2016-05-26 00:00:00,0,0.0
41.850002,-115.049995,2016-05-26 00:00:00,0,0.0
41.850002,-114.95,2016-05-26 00:00:00,0,0.0
41.850002,-114.85,2016-05-26 00:00:00,0,0.0
41.850002,-114.74999,2016-05-26 00:00:00,0,0.0
41.850002,-114.649994,2016-05-26 00:00:00,0,0.0
41.850002,-114.549995,2016-05-26 00:00:00,0,0.0
41.850002,-114.45,2016-05-26 00:00:00,0,0.0
41.850002,-114.35,2016-05-26 00:00:00,0,0.0
41.850002,-114.24999,2016-05-26 00:00:00,0,0.0
41.95001,-124.34999,2016-05-26 00:00:00,0,0.0
41.95001,-124.25,2016-05-26 00:00:00,0,0.0
41.95001,-124.149994,2016-05-26 00:00:00,0,0.0015102886
41.95001,-124.049995,2016-05-26 00:00:00,0,0.0
41.95001,-123.95,2016-05-26 00:00:00,0,0.0
41.95001,-123.84999,2016-05-26 00:00:00,0,0.0
41.95001,-123.75,2016-05-26 00:00:00,0,0.0
41.95001,-123.649994,2016-05-26 00:00:00,0,0.0
41.95001,-123.549995,2016-05-26 00:00:00,0,0.0
41.95001,-123.45,2016-05-26 00:00:00,0,0.0
41.95001,-123.34999,2016-05-26 00:00:00,0,0.0
41.95001,-123.25,2016-05-26 00:00:00,0,0.0
41.95001,-123.149994,2016-05-26 00:00:00,0,0.0
41.95001,-123.049995,2016-05-26 00:00:00,0,0.0
41.95001,-122.95,2016-05-26 00:00:00,0,0.0
41.95001,-122.84999,2016-05-26 00:00:00,0,0.0
41.95001,-122.75,2016-05-26 00:00:00,0,0.0
41.95001,-122.649994,2016-05-26 00:00:00,0,0.0
41.95001,-122.549995,2016-05-26 00:00:00,0,0.0
41.95001,-122.45,2016-05-26 00:00:00,0,0.0
41.95001,-122.34999,2016-05-26 00:00:00,0,0.0
41.95001,-122.25,2016-05-26 00:00:00,0,0.0
41.95001,-122.149994,2016-05-26 00:00:00,0,0.0
41.95001,-122.049995,2016-05-26 00:00:00,0,0.0
41.95001,-121.95,2016-05-26 00:00:00,0,0.0
41.95001,-121.84999,2016-05-26 00:00:00,0,0.0
41.95001,-121.75,2016-05-26 00:00:00,0,0.0
41.95001,-121.649994,2016-05-26 00:00:00,0,0.0
41.95001,-121.549995,2016-05-26 00:00:00,0,0.0
41.95001,-121.45,2016-05-26 00:00:00,0,1.018225
41.95001,-121.34999,2016-05-26 00:00:00,0,0.10386392
41.95001,-121.25,2016-05-26 00:00:00,0,0.0
41.95001,-121.149994,2016-05-26 00:00:00,0,0.0
41.95001,-121.049995,2016-05-26 00:00:00,0,0.0
41.95001,-120.95,2016-05-26 00:00:00,0,0.0
41.95001,-120.84999,2016-05-26 00:00:00,0,0.0
41.95001,-120.75,2016-05-26 00:00:00,0,0.0
41.95001,-120.649994,2016-05-26 00:00:00,0,0.0
41.95001,-120.549995,2016-05-26 00:00:00,0,0.0
41.95001,-120.45,2016-05-26 00:00:00,0,0.0
41.95001,-120.34999,2016-05-26 00:00:00,0,0.0
41.95001,-120.25,2016-05-26 00:00:00,0,0.0
41.95001,-120.149994,2016-05-26 00:00:00,0,0.0
41.95001,-120.049995,2016-05-26 00:00:00,0,2.9150577
41.95001,-119.95,2016-05-26 00:00:00,0,0.0
41.95001,-119.84999,2016-05-26 00:00:00,0,0.0
41.95001,-119.75,2016-05-26 00:00:00,0,0.0
41.95001,-119.649994,2016-05-26 00:00:00,0,0.0
41.95001,-119.549995,2016-05-26 00:00:00,0,0.0
41.95001,-119.45,2016-05-26 00:00:00,0,0.0
41.95001,-119.34999,2016-05-26 00:00:00,0,0.0
41.95001,-119.25,2016-05-26 00:00:00,0,0.0
41.95001,-119.149994,2016-05-26 00:00:00,0,0.0
41.95001,-119.049995,2016-05-26 00:00:00,0,0.0
41.95001,-118.95,2016-05-26 00:00:00,0,0.0
41.95001,-118.84999,2016-05-26 00:00:00,0,0.0
41.95001,-118.75,2016-05-26 00:00:00,0,0.0
41.95001,-118.649994,2016-05-26 00:00:00,0,0.0
41.95001,-118.549995,2016-05-26 00:00:00,0,0.0
41.95001,-118.45,2016-05-26 00:00:00,0,0.0
41.95001,-118.34999,2016-05-26 00:00:00,0,0.0
41.95001,-118.25,2016-05-26 00:00:00,0,0.0
41.95001,-118.149994,2016-05-26 00:00:00,0,0.0
41.95001,-118.049995,2016-05-26 00:00:00,0,0.0
41.95001,-117.95,2016-05-26 00:00:00,0,0.0
41.95001,-117.84999,2016-05-26 00:00:00,0,0.0
41.95001,-117.75,2016-05-26 00:00:00,0,0.0
41.95001,-117.649994,2016-05-26 00:00:00,0,0.0
41.95001,-117.549995,2016-05-26 00:00:00,0,0.0
41.95001,-117.45,2016-05-26 00:00:00,0,0.0
41.95001,-117.34999,2016-05-26 00:00:00,0,0.0
41.95001,-117.25,2016-05-26 00:00:00,0,0.0
41.95001,-117.149994,2016-05-26 00:00:00,0,0.0
41.95001,-117.049995,2016-05-26 00:00:00,0,0.0
41.95001,-116.95,2016-05-26 00:00:00,0,0.0
41.95001,-116.84999,2016-05-26 00:00:00,0,0.0
41.95001,-116.75,2016-05-26 00:00:00,0,0.0
41.95001,-116.649994,2016-05-26 00:00:00,0,0.0
41.95001,-116.549995,2016-05-26 00:00:00,0,0.0
41.95001,-116.45,2016-05-26 00:00:00,0,0.0
41.95001,-116.34999,2016-05-26 00:00:00,0,0.0
41.95001,-116.25,2016-05-26 00:00:00,0,0.0
41.95001,-116.149994,2016-05-26 00:00:00,0,0.0
41.95001,-116.049995,2016-05-26 00:00:00,0,0.0
41.95001,-115.95,2016-05-26 00:00:00,0,0.0
41.95001,-115.85,2016-05-26 00:00:00,0,0.0
41.95001,-115.74999,2016-05-26 00:00:00,0,0.0
41.95001,-115.649994,2016-05-26 00:00:00,0,0.0
41.95001,-115.549995,2016-05-26 00:00:00,0,0.0
41.95001,-115.45,2016-05-26 00:00:00,0,0.0
41.95001,-115.35,2016-05-26 00:00:00,0,0.0
41.95001,-115.24999,2016-05-26 00:00:00,0,0.0
41.95001,-115.149994,2016-05-26 00:00:00,0,0.0
41.95001,-115.049995,2016-05-26 00:00:00,0,0.0
41.95001,-114.95,2016-05-26 00:00:00,0,0.0
41.95001,-114.85,2016-05-26 00:00:00,0,0.0
41.95001,-114.74999,2016-05-26 00:00:00,0,0.0
41.95001,-114.649994,2016-05-26 00:00:00,0,0.0
41.95001,-114.549995,2016-05-26 00:00:00,0,0.0
41.95001,-114.45,2016-05-26 00:00:00,0,0.0
41.95001,-114.35,2016-05-26 00:00:00,0,0.0
41.95001,-114.24999,2016-05-26 00:00:00,0,0.0
