lat,lon,time,spatial_ref,precipitationCal
32.55,-124.34999,2018-01-04 00:00:00,0,0.0
32.55,-124.25,2018-01-04 00:00:00,0,0.0
32.55,-124.149994,2018-01-04 00:00:00,0,0.0
32.55,-124.049995,2018-01-04 00:00:00,0,0.0
32.55,-123.95,2018-01-04 00:00:00,0,0.0
32.55,-123.84999,2018-01-04 00:00:00,0,0.0
32.55,-123.75,2018-01-04 00:00:00,0,0.0
32.55,-123.649994,2018-01-04 00:00:00,0,0.0
32.55,-123.549995,2018-01-04 00:00:00,0,0.0
32.55,-123.45,2018-01-04 00:00:00,0,0.0
32.55,-123.34999,2018-01-04 00:00:00,0,0.0
32.55,-123.25,2018-01-04 00:00:00,0,0.0
32.55,-123.149994,2018-01-04 00:00:00,0,0.0
32.55,-123.049995,2018-01-04 00:00:00,0,0.0
32.55,-122.95,2018-01-04 00:00:00,0,0.0
32.55,-122.84999,2018-01-04 00:00:00,0,0.0
32.55,-122.75,2018-01-04 00:00:00,0,0.0
32.55,-122.649994,2018-01-04 00:00:00,0,0.0
32.55,-122.549995,2018-01-04 00:00:00,0,0.0
32.55,-122.45,2018-01-04 00:00:00,0,0.0
32.55,-122.34999,2018-01-04 00:00:00,0,0.0
32.55,-122.25,2018-01-04 00:00:00,0,0.0
32.55,-122.149994,2018-01-04 00:00:00,0,0.0
32.55,-122.049995,2018-01-04 00:00:00,0,0.0
32.55,-121.95,2018-01-04 00:00:00,0,0.0
32.55,-121.84999,2018-01-04 00:00:00,0,0.0
32.55,-121.75,2018-01-04 00:00:00,0,0.0
32.55,-121.649994,2018-01-04 00:00:00,0,0.0
32.55,-121.549995,2018-01-04 00:00:00,0,0.0
32.55,-121.45,2018-01-04 00:00:00,0,0.0
32.55,-121.34999,2018-01-04 00:00:00,0,0.0
32.55,-121.25,2018-01-04 00:00:00,0,0.0
32.55,-121.149994,2018-01-04 00:00:00,0,0.0
32.55,-121.049995,2018-01-04 00:00:00,0,0.0
32.55,-120.95,2018-01-04 00:00:00,0,0.0
32.55,-120.84999,2018-01-04 00:00:00,0,0.0
32.55,-120.75,2018-01-04 00:00:00,0,0.0
32.55,-120.649994,2018-01-04 00:00:00,0,0.0
32.55,-120.549995,2018-01-04 00:00:00,0,0.0
32.55,-120.45,2018-01-04 00:00:00,0,0.0
32.55,-120.34999,2018-01-04 00:00:00,0,0.0
32.55,-120.25,2018-01-04 00:00:00,0,0.0
32.55,-120.149994,2018-01-04 00:00:00,0,0.0
32.55,-120.049995,2018-01-04 00:00:00,0,0.0
32.55,-119.95,2018-01-04 00:00:00,0,0.0
32.55,-119.84999,2018-01-04 00:00:00,0,0.0
32.55,-119.75,2018-01-04 00:00:00,0,0.0
32.55,-119.649994,2018-01-04 00:00:00,0,0.0
32.55,-119.549995,2018-01-04 00:00:00,0,0.0
32.55,-119.45,2018-01-04 00:00:00,0,0.0
32.55,-119.34999,2018-01-04 00:00:00,0,0.0
32.55,-119.25,2018-01-04 00:00:00,0,0.0
32.55,-119.149994,2018-01-04 00:00:00,0,0.0
32.55,-119.049995,2018-01-04 00:00:00,0,0.0
32.55,-118.95,2018-01-04 00:00:00,0,0.0
32.55,-118.84999,2018-01-04 00:00:00,0,0.0
32.55,-118.75,2018-01-04 00:00:00,0,0.0
32.55,-118.649994,2018-01-04 00:00:00,0,0.0
32.55,-118.549995,2018-01-04 00:00:00,0,0.0
32.55,-118.45,2018-01-04 00:00:00,0,0.0
32.55,-118.34999,2018-01-04 00:00:00,0,0.0
32.55,-118.25,2018-01-04 00:00:00,0,0.0
32.55,-118.149994,2018-01-04 00:00:00,0,0.0
32.55,-118.049995,2018-01-04 00:00:00,0,0.0
32.55,-117.95,2018-01-04 00:00:00,0,0.0
32.55,-117.84999,2018-01-04 00:00:00,0,0.0
32.55,-117.75,2018-01-04 00:00:00,0,0.0
32.55,-117.649994,2018-01-04 00:00:00,0,0.0
32.55,-117.549995,2018-01-04 00:00:00,0,0.0
32.55,-117.45,2018-01-04 00:00:00,0,0.0
32.55,-117.34999,2018-01-04 00:00:00,0,0.0
32.55,-117.25,2018-01-04 00:00:00,0,0.0
32.55,-117.149994,2018-01-04 00:00:00,0,0.0
32.55,-117.049995,2018-01-04 00:00:00,0,0.031674083
32.55,-116.95,2018-01-04 00:00:00,0,0.025519125
32.55,-116.84999,2018-01-04 00:00:00,0,0.0
32.55,-116.75,2018-01-04 00:00:00,0,0.0
32.55,-116.649994,2018-01-04 00:00:00,0,0.0
32.55,-116.549995,2018-01-04 00:00:00,0,0.0
32.55,-116.45,2018-01-04 00:00:00,0,0.0
32.55,-116.34999,2018-01-04 00:00:00,0,0.0
32.55,-116.25,2018-01-04 00:00:00,0,0.0
32.55,-116.149994,2018-01-04 00:00:00,0,0.0
32.55,-116.049995,2018-01-04 00:00:00,0,0.0
32.55,-115.95,2018-01-04 00:00:00,0,0.0
32.55,-115.85,2018-01-04 00:00:00,0,0.0
32.55,-115.74999,2018-01-04 00:00:00,0,0.0
32.55,-115.649994,2018-01-04 00:00:00,0,0.0
32.55,-115.549995,2018-01-04 00:00:00,0,0.0
32.55,-115.45,2018-01-04 00:00:00,0,0.0
32.55,-115.35,2018-01-04 00:00:00,0,0.0
32.55,-115.24999,2018-01-04 00:00:00,0,0.0
32.55,-115.149994,2018-01-04 00:00:00,0,0.0
32.55,-115.049995,2018-01-04 00:00:00,0,0.0
32.55,-114.95,2018-01-04 00:00:00,0,0.0
32.55,-114.85,2018-01-04 00:00:00,0,0.0
32.55,-114.74999,2018-01-04 00:00:00,0,0.0
32.55,-114.649994,2018-01-04 00:00:00,0,0.0
32.55,-114.549995,2018-01-04 00:00:00,0,0.0
32.55,-114.45,2018-01-04 00:00:00,0,0.0
32.55,-114.35,2018-01-04 00:00:00,0,0.0
32.55,-114.24999,2018-01-04 00:00:00,0,0.0
32.649998,-124.34999,2018-01-04 00:00:00,0,0.0
32.649998,-124.25,2018-01-04 00:00:00,0,0.0
32.649998,-124.149994,2018-01-04 00:00:00,0,0.0
32.649998,-124.049995,2018-01-04 00:00:00,0,0.0
32.649998,-123.95,2018-01-04 00:00:00,0,0.0
32.649998,-123.84999,2018-01-04 00:00:00,0,0.0
32.649998,-123.75,2018-01-04 00:00:00,0,0.0
32.649998,-123.649994,2018-01-04 00:00:00,0,0.0
32.649998,-123.549995,2018-01-04 00:00:00,0,0.0
32.649998,-123.45,2018-01-04 00:00:00,0,0.0
32.649998,-123.34999,2018-01-04 00:00:00,0,0.0
32.649998,-123.25,2018-01-04 00:00:00,0,0.0
32.649998,-123.149994,2018-01-04 00:00:00,0,0.0
32.649998,-123.049995,2018-01-04 00:00:00,0,0.0
32.649998,-122.95,2018-01-04 00:00:00,0,0.0
32.649998,-122.84999,2018-01-04 00:00:00,0,0.0
32.649998,-122.75,2018-01-04 00:00:00,0,0.0
32.649998,-122.649994,2018-01-04 00:00:00,0,0.0
32.649998,-122.549995,2018-01-04 00:00:00,0,0.0
32.649998,-122.45,2018-01-04 00:00:00,0,0.0
32.649998,-122.34999,2018-01-04 00:00:00,0,0.0
32.649998,-122.25,2018-01-04 00:00:00,0,0.0
32.649998,-122.149994,2018-01-04 00:00:00,0,0.0
32.649998,-122.049995,2018-01-04 00:00:00,0,0.0
32.649998,-121.95,2018-01-04 00:00:00,0,0.0
32.649998,-121.84999,2018-01-04 00:00:00,0,0.0
32.649998,-121.75,2018-01-04 00:00:00,0,0.0
32.649998,-121.649994,2018-01-04 00:00:00,0,0.0
32.649998,-121.549995,2018-01-04 00:00:00,0,0.0
32.649998,-121.45,2018-01-04 00:00:00,0,0.0
32.649998,-121.34999,2018-01-04 00:00:00,0,0.0
32.649998,-121.25,2018-01-04 00:00:00,0,0.0
32.649998,-121.149994,2018-01-04 00:00:00,0,0.0
32.649998,-121.049995,2018-01-04 00:00:00,0,0.0
32.649998,-120.95,2018-01-04 00:00:00,0,0.0
32.649998,-120.84999,2018-01-04 00:00:00,0,0.0
32.649998,-120.75,2018-01-04 00:00:00,0,0.0
32.649998,-120.649994,2018-01-04 00:00:00,0,0.0
32.649998,-120.549995,2018-01-04 00:00:00,0,0.0
32.649998,-120.45,2018-01-04 00:00:00,0,0.0
32.649998,-120.34999,2018-01-04 00:00:00,0,0.0
32.649998,-120.25,2018-01-04 00:00:00,0,0.0
32.649998,-120.149994,2018-01-04 00:00:00,0,0.0
32.649998,-120.049995,2018-01-04 00:00:00,0,0.0
32.649998,-119.95,2018-01-04 00:00:00,0,0.0
32.649998,-119.84999,2018-01-04 00:00:00,0,0.0
32.649998,-119.75,2018-01-04 00:00:00,0,0.0
32.649998,-119.649994,2018-01-04 00:00:00,0,0.0
32.649998,-119.549995,2018-01-04 00:00:00,0,0.0
32.649998,-119.45,2018-01-04 00:00:00,0,0.0
32.649998,-119.34999,2018-01-04 00:00:00,0,0.0
32.649998,-119.25,2018-01-04 00:00:00,0,0.0
32.649998,-119.149994,2018-01-04 00:00:00,0,0.0
32.649998,-119.049995,2018-01-04 00:00:00,0,0.0
32.649998,-118.95,2018-01-04 00:00:00,0,0.0
32.649998,-118.84999,2018-01-04 00:00:00,0,0.0
32.649998,-118.75,2018-01-04 00:00:00,0,0.0
32.649998,-118.649994,2018-01-04 00:00:00,0,0.0
32.649998,-118.549995,2018-01-04 00:00:00,0,0.0
32.649998,-118.45,2018-01-04 00:00:00,0,0.0
32.649998,-118.34999,2018-01-04 00:00:00,0,0.0
32.649998,-118.25,2018-01-04 00:00:00,0,0.0
32.649998,-118.149994,2018-01-04 00:00:00,0,0.0
32.649998,-118.049995,2018-01-04 00:00:00,0,0.0
32.649998,-117.95,2018-01-04 00:00:00,0,0.0
32.649998,-117.84999,2018-01-04 00:00:00,0,0.0
32.649998,-117.75,2018-01-04 00:00:00,0,0.0
32.649998,-117.649994,2018-01-04 00:00:00,0,0.0
32.649998,-117.549995,2018-01-04 00:00:00,0,0.0
32.649998,-117.45,2018-01-04 00:00:00,0,0.0
32.649998,-117.34999,2018-01-04 00:00:00,0,0.0
32.649998,-117.25,2018-01-04 00:00:00,0,0.0
32.649998,-117.149994,2018-01-04 00:00:00,0,0.00011670583
32.649998,-117.049995,2018-01-04 00:00:00,0,0.021061592
32.649998,-116.95,2018-01-04 00:00:00,0,0.025995659
32.649998,-116.84999,2018-01-04 00:00:00,0,0.04619508
32.649998,-116.75,2018-01-04 00:00:00,0,0.05871637
32.649998,-116.649994,2018-01-04 00:00:00,0,0.01309754
32.649998,-116.549995,2018-01-04 00:00:00,0,0.022521295
32.649998,-116.45,2018-01-04 00:00:00,0,0.07964039
32.649998,-116.34999,2018-01-04 00:00:00,0,0.12795162
32.649998,-116.25,2018-01-04 00:00:00,0,0.15960453
32.649998,-116.149994,2018-01-04 00:00:00,0,0.24418081
32.649998,-116.049995,2018-01-04 00:00:00,0,0.16134241
32.649998,-115.95,2018-01-04 00:00:00,0,0.19002466
32.649998,-115.85,2018-01-04 00:00:00,0,0.26567155
32.649998,-115.74999,2018-01-04 00:00:00,0,0.136696
32.649998,-115.649994,2018-01-04 00:00:00,0,0.0
32.649998,-115.549995,2018-01-04 00:00:00,0,0.0
32.649998,-115.45,2018-01-04 00:00:00,0,0.0
32.649998,-115.35,2018-01-04 00:00:00,0,0.0
32.649998,-115.24999,2018-01-04 00:00:00,0,0.0
32.649998,-115.149994,2018-01-04 00:00:00,0,0.0
32.649998,-115.049995,2018-01-04 00:00:00,0,0.0
32.649998,-114.95,2018-01-04 00:00:00,0,0.0
32.649998,-114.85,2018-01-04 00:00:00,0,0.0
32.649998,-114.74999,2018-01-04 00:00:00,0,0.0
32.649998,-114.649994,2018-01-04 00:00:00,0,0.0
32.649998,-114.549995,2018-01-04 00:00:00,0,0.0
32.649998,-114.45,2018-01-04 00:00:00,0,0.0
32.649998,-114.35,2018-01-04 00:00:00,0,0.0
32.649998,-114.24999,2018-01-04 00:00:00,0,0.0
32.750004,-124.34999,2018-01-04 00:00:00,0,0.0
32.750004,-124.25,2018-01-04 00:00:00,0,0.0
32.750004,-124.149994,2018-01-04 00:00:00,0,0.0
32.750004,-124.049995,2018-01-04 00:00:00,0,0.0
32.750004,-123.95,2018-01-04 00:00:00,0,0.0
32.750004,-123.84999,2018-01-04 00:00:00,0,0.0
32.750004,-123.75,2018-01-04 00:00:00,0,0.0
32.750004,-123.649994,2018-01-04 00:00:00,0,0.0
32.750004,-123.549995,2018-01-04 00:00:00,0,0.0
32.750004,-123.45,2018-01-04 00:00:00,0,0.0
32.750004,-123.34999,2018-01-04 00:00:00,0,0.0
32.750004,-123.25,2018-01-04 00:00:00,0,0.0
32.750004,-123.149994,2018-01-04 00:00:00,0,0.0
32.750004,-123.049995,2018-01-04 00:00:00,0,0.0
32.750004,-122.95,2018-01-04 00:00:00,0,0.0
32.750004,-122.84999,2018-01-04 00:00:00,0,0.0
32.750004,-122.75,2018-01-04 00:00:00,0,0.0
32.750004,-122.649994,2018-01-04 00:00:00,0,0.0
32.750004,-122.549995,2018-01-04 00:00:00,0,0.0
32.750004,-122.45,2018-01-04 00:00:00,0,0.0
32.750004,-122.34999,2018-01-04 00:00:00,0,0.0
32.750004,-122.25,2018-01-04 00:00:00,0,0.0
32.750004,-122.149994,2018-01-04 00:00:00,0,0.0
32.750004,-122.049995,2018-01-04 00:00:00,0,0.0
32.750004,-121.95,2018-01-04 00:00:00,0,0.0
32.750004,-121.84999,2018-01-04 00:00:00,0,0.0
32.750004,-121.75,2018-01-04 00:00:00,0,0.0
32.750004,-121.649994,2018-01-04 00:00:00,0,0.0
32.750004,-121.549995,2018-01-04 00:00:00,0,0.0
32.750004,-121.45,2018-01-04 00:00:00,0,0.0
32.750004,-121.34999,2018-01-04 00:00:00,0,0.0
32.750004,-121.25,2018-01-04 00:00:00,0,0.0
32.750004,-121.149994,2018-01-04 00:00:00,0,0.0
32.750004,-121.049995,2018-01-04 00:00:00,0,0.0
32.750004,-120.95,2018-01-04 00:00:00,0,0.0
32.750004,-120.84999,2018-01-04 00:00:00,0,0.0
32.750004,-120.75,2018-01-04 00:00:00,0,0.0
32.750004,-120.649994,2018-01-04 00:00:00,0,0.0
32.750004,-120.549995,2018-01-04 00:00:00,0,0.0
32.750004,-120.45,2018-01-04 00:00:00,0,0.0
32.750004,-120.34999,2018-01-04 00:00:00,0,0.0
32.750004,-120.25,2018-01-04 00:00:00,0,0.0
32.750004,-120.149994,2018-01-04 00:00:00,0,0.0
32.750004,-120.049995,2018-01-04 00:00:00,0,0.0
32.750004,-119.95,2018-01-04 00:00:00,0,0.0
32.750004,-119.84999,2018-01-04 00:00:00,0,0.0
32.750004,-119.75,2018-01-04 00:00:00,0,0.0
32.750004,-119.649994,2018-01-04 00:00:00,0,0.0
32.750004,-119.549995,2018-01-04 00:00:00,0,0.0
32.750004,-119.45,2018-01-04 00:00:00,0,0.0
32.750004,-119.34999,2018-01-04 00:00:00,0,0.0
32.750004,-119.25,2018-01-04 00:00:00,0,0.0
32.750004,-119.149994,2018-01-04 00:00:00,0,0.0
32.750004,-119.049995,2018-01-04 00:00:00,0,0.0
32.750004,-118.95,2018-01-04 00:00:00,0,0.0
32.750004,-118.84999,2018-01-04 00:00:00,0,0.0
32.750004,-118.75,2018-01-04 00:00:00,0,0.0
32.750004,-118.649994,2018-01-04 00:00:00,0,0.0
32.750004,-118.549995,2018-01-04 00:00:00,0,0.0
32.750004,-118.45,2018-01-04 00:00:00,0,0.0
32.750004,-118.34999,2018-01-04 00:00:00,0,0.0
32.750004,-118.25,2018-01-04 00:00:00,0,0.0
32.750004,-118.149994,2018-01-04 00:00:00,0,0.0
32.750004,-118.049995,2018-01-04 00:00:00,0,0.0
32.750004,-117.95,2018-01-04 00:00:00,0,0.0
32.750004,-117.84999,2018-01-04 00:00:00,0,0.0
32.750004,-117.75,2018-01-04 00:00:00,0,0.0
32.750004,-117.649994,2018-01-04 00:00:00,0,0.0
32.750004,-117.549995,2018-01-04 00:00:00,0,0.0
32.750004,-117.45,2018-01-04 00:00:00,0,0.0
32.750004,-117.34999,2018-01-04 00:00:00,0,0.0
32.750004,-117.25,2018-01-04 00:00:00,0,0.0
32.750004,-117.149994,2018-01-04 00:00:00,0,0.0105191255
32.750004,-117.049995,2018-01-04 00:00:00,0,0.0105191255
32.750004,-116.95,2018-01-04 00:00:00,0,0.036514785
32.750004,-116.84999,2018-01-04 00:00:00,0,0.05219074
32.750004,-116.75,2018-01-04 00:00:00,0,0.05219074
32.750004,-116.649994,2018-01-04 00:00:00,0,0.03919291
32.750004,-116.549995,2018-01-04 00:00:00,0,0.05365925
32.750004,-116.45,2018-01-04 00:00:00,0,0.049597796
32.750004,-116.34999,2018-01-04 00:00:00,0,0.07138013
32.750004,-116.25,2018-01-04 00:00:00,0,0.09333964
32.750004,-116.149994,2018-01-04 00:00:00,0,0.23094791
32.750004,-116.049995,2018-01-04 00:00:00,0,0.167482
32.750004,-115.95,2018-01-04 00:00:00,0,0.16392437
32.750004,-115.85,2018-01-04 00:00:00,0,0.19507721
32.750004,-115.74999,2018-01-04 00:00:00,0,0.13481076
32.750004,-115.649994,2018-01-04 00:00:00,0,0.093253374
32.750004,-115.549995,2018-01-04 00:00:00,0,0.051568225
32.750004,-115.45,2018-01-04 00:00:00,0,0.04
32.750004,-115.35,2018-01-04 00:00:00,0,0.06636612
32.750004,-115.24999,2018-01-04 00:00:00,0,0.09533739
32.750004,-115.149994,2018-01-04 00:00:00,0,0.0
32.750004,-115.049995,2018-01-04 00:00:00,0,0.031557377
32.750004,-114.95,2018-01-04 00:00:00,0,0.0
32.750004,-114.85,2018-01-04 00:00:00,0,0.0
32.750004,-114.74999,2018-01-04 00:00:00,0,0.0
32.750004,-114.649994,2018-01-04 00:00:00,0,0.0
32.750004,-114.549995,2018-01-04 00:00:00,0,0.0870765
32.750004,-114.45,2018-01-04 00:00:00,0,0.0
32.750004,-114.35,2018-01-04 00:00:00,0,0.0
32.750004,-114.24999,2018-01-04 00:00:00,0,0.0
32.850002,-124.34999,2018-01-04 00:00:00,0,0.0
32.850002,-124.25,2018-01-04 00:00:00,0,0.0
32.850002,-124.149994,2018-01-04 00:00:00,0,0.0
32.850002,-124.049995,2018-01-04 00:00:00,0,0.0
32.850002,-123.95,2018-01-04 00:00:00,0,0.0
32.850002,-123.84999,2018-01-04 00:00:00,0,0.0
32.850002,-123.75,2018-01-04 00:00:00,0,0.0
32.850002,-123.649994,2018-01-04 00:00:00,0,0.0
32.850002,-123.549995,2018-01-04 00:00:00,0,0.0
32.850002,-123.45,2018-01-04 00:00:00,0,0.0
32.850002,-123.34999,2018-01-04 00:00:00,0,0.0
32.850002,-123.25,2018-01-04 00:00:00,0,0.0
32.850002,-123.149994,2018-01-04 00:00:00,0,0.0
32.850002,-123.049995,2018-01-04 00:00:00,0,0.0
32.850002,-122.95,2018-01-04 00:00:00,0,0.0
32.850002,-122.84999,2018-01-04 00:00:00,0,0.0
32.850002,-122.75,2018-01-04 00:00:00,0,0.0
32.850002,-122.649994,2018-01-04 00:00:00,0,0.0
32.850002,-122.549995,2018-01-04 00:00:00,0,0.0
32.850002,-122.45,2018-01-04 00:00:00,0,0.0
32.850002,-122.34999,2018-01-04 00:00:00,0,0.0
32.850002,-122.25,2018-01-04 00:00:00,0,0.0
32.850002,-122.149994,2018-01-04 00:00:00,0,0.0
32.850002,-122.049995,2018-01-04 00:00:00,0,0.0
32.850002,-121.95,2018-01-04 00:00:00,0,0.0
32.850002,-121.84999,2018-01-04 00:00:00,0,0.0
32.850002,-121.75,2018-01-04 00:00:00,0,0.0
32.850002,-121.649994,2018-01-04 00:00:00,0,0.0
32.850002,-121.549995,2018-01-04 00:00:00,0,0.0
32.850002,-121.45,2018-01-04 00:00:00,0,0.0
32.850002,-121.34999,2018-01-04 00:00:00,0,0.0
32.850002,-121.25,2018-01-04 00:00:00,0,0.0
32.850002,-121.149994,2018-01-04 00:00:00,0,0.0
32.850002,-121.049995,2018-01-04 00:00:00,0,0.0
32.850002,-120.95,2018-01-04 00:00:00,0,0.0
32.850002,-120.84999,2018-01-04 00:00:00,0,0.0
32.850002,-120.75,2018-01-04 00:00:00,0,0.0
32.850002,-120.649994,2018-01-04 00:00:00,0,0.0
32.850002,-120.549995,2018-01-04 00:00:00,0,0.0
32.850002,-120.45,2018-01-04 00:00:00,0,0.0
32.850002,-120.34999,2018-01-04 00:00:00,0,0.0
32.850002,-120.25,2018-01-04 00:00:00,0,0.0
32.850002,-120.149994,2018-01-04 00:00:00,0,0.0
32.850002,-120.049995,2018-01-04 00:00:00,0,0.0
32.850002,-119.95,2018-01-04 00:00:00,0,0.0
32.850002,-119.84999,2018-01-04 00:00:00,0,0.0
32.850002,-119.75,2018-01-04 00:00:00,0,0.0
32.850002,-119.649994,2018-01-04 00:00:00,0,0.0
32.850002,-119.549995,2018-01-04 00:00:00,0,0.0
32.850002,-119.45,2018-01-04 00:00:00,0,0.0
32.850002,-119.34999,2018-01-04 00:00:00,0,0.0
32.850002,-119.25,2018-01-04 00:00:00,0,0.0
32.850002,-119.149994,2018-01-04 00:00:00,0,0.0
32.850002,-119.049995,2018-01-04 00:00:00,0,0.0
32.850002,-118.95,2018-01-04 00:00:00,0,0.0
32.850002,-118.84999,2018-01-04 00:00:00,0,0.0
32.850002,-118.75,2018-01-04 00:00:00,0,0.0
32.850002,-118.649994,2018-01-04 00:00:00,0,0.0
32.850002,-118.549995,2018-01-04 00:00:00,0,0.0
32.850002,-118.45,2018-01-04 00:00:00,0,0.00010999659
32.850002,-118.34999,2018-01-04 00:00:00,0,0.0
32.850002,-118.25,2018-01-04 00:00:00,0,0.0
32.850002,-118.149994,2018-01-04 00:00:00,0,0.0
32.850002,-118.049995,2018-01-04 00:00:00,0,0.0
32.850002,-117.95,2018-01-04 00:00:00,0,0.0
32.850002,-117.84999,2018-01-04 00:00:00,0,0.0
32.850002,-117.75,2018-01-04 00:00:00,0,0.0
32.850002,-117.649994,2018-01-04 00:00:00,0,0.0
32.850002,-117.549995,2018-01-04 00:00:00,0,0.0
32.850002,-117.45,2018-01-04 00:00:00,0,0.0
32.850002,-117.34999,2018-01-04 00:00:00,0,0.0
32.850002,-117.25,2018-01-04 00:00:00,0,0.0
32.850002,-117.149994,2018-01-04 00:00:00,0,0.021038251
32.850002,-117.049995,2018-01-04 00:00:00,0,0.0
32.850002,-116.95,2018-01-04 00:00:00,0,0.0024787039
32.850002,-116.84999,2018-01-04 00:00:00,0,0.04401886
32.850002,-116.75,2018-01-04 00:00:00,0,0.07265274
32.850002,-116.649994,2018-01-04 00:00:00,0,0.04561883
32.850002,-116.549995,2018-01-04 00:00:00,0,0.04917838
32.850002,-116.45,2018-01-04 00:00:00,0,0.01804042
32.850002,-116.34999,2018-01-04 00:00:00,0,0.054728393
32.850002,-116.25,2018-01-04 00:00:00,0,0.063299544
32.850002,-116.149994,2018-01-04 00:00:00,0,0.14089294
32.850002,-116.049995,2018-01-04 00:00:00,0,0.12923047
32.850002,-115.95,2018-01-04 00:00:00,0,0.20817381
32.850002,-115.85,2018-01-04 00:00:00,0,0.19775516
32.850002,-115.74999,2018-01-04 00:00:00,0,0.109682985
32.850002,-115.649994,2018-01-04 00:00:00,0,0.07864473
32.850002,-115.549995,2018-01-04 00:00:00,0,0.049608648
32.850002,-115.45,2018-01-04 00:00:00,0,0.053612992
32.850002,-115.35,2018-01-04 00:00:00,0,0.031091694
32.850002,-115.24999,2018-01-04 00:00:00,0,0.031091694
32.850002,-115.149994,2018-01-04 00:00:00,0,0.0
32.850002,-115.049995,2018-01-04 00:00:00,0,0.0
32.850002,-114.95,2018-01-04 00:00:00,0,0.0
32.850002,-114.85,2018-01-04 00:00:00,0,0.0
32.850002,-114.74999,2018-01-04 00:00:00,0,0.08844262
32.850002,-114.649994,2018-01-04 00:00:00,0,0.115
32.850002,-114.549995,2018-01-04 00:00:00,0,0.108633876
32.850002,-114.45,2018-01-04 00:00:00,0,0.0
32.850002,-114.35,2018-01-04 00:00:00,0,0.0
32.850002,-114.24999,2018-01-04 00:00:00,0,0.0
32.95,-124.34999,2018-01-04 00:00:00,0,0.0
32.95,-124.25,2018-01-04 00:00:00,0,0.0
32.95,-124.149994,2018-01-04 00:00:00,0,0.0
32.95,-124.049995,2018-01-04 00:00:00,0,0.0
32.95,-123.95,2018-01-04 00:00:00,0,0.0
32.95,-123.84999,2018-01-04 00:00:00,0,0.0
32.95,-123.75,2018-01-04 00:00:00,0,0.0
32.95,-123.649994,2018-01-04 00:00:00,0,0.0
32.95,-123.549995,2018-01-04 00:00:00,0,0.0
32.95,-123.45,2018-01-04 00:00:00,0,0.0
32.95,-123.34999,2018-01-04 00:00:00,0,0.0
32.95,-123.25,2018-01-04 00:00:00,0,0.0
32.95,-123.149994,2018-01-04 00:00:00,0,0.0
32.95,-123.049995,2018-01-04 00:00:00,0,0.0
32.95,-122.95,2018-01-04 00:00:00,0,0.0
32.95,-122.84999,2018-01-04 00:00:00,0,0.0
32.95,-122.75,2018-01-04 00:00:00,0,0.0
32.95,-122.649994,2018-01-04 00:00:00,0,0.0
32.95,-122.549995,2018-01-04 00:00:00,0,0.0
32.95,-122.45,2018-01-04 00:00:00,0,0.0
32.95,-122.34999,2018-01-04 00:00:00,0,0.0
32.95,-122.25,2018-01-04 00:00:00,0,0.0
32.95,-122.149994,2018-01-04 00:00:00,0,0.0
32.95,-122.049995,2018-01-04 00:00:00,0,0.0
32.95,-121.95,2018-01-04 00:00:00,0,0.0
32.95,-121.84999,2018-01-04 00:00:00,0,0.0
32.95,-121.75,2018-01-04 00:00:00,0,0.0
32.95,-121.649994,2018-01-04 00:00:00,0,0.0
32.95,-121.549995,2018-01-04 00:00:00,0,0.0
32.95,-121.45,2018-01-04 00:00:00,0,0.0
32.95,-121.34999,2018-01-04 00:00:00,0,0.0
32.95,-121.25,2018-01-04 00:00:00,0,0.0
32.95,-121.149994,2018-01-04 00:00:00,0,0.0
32.95,-121.049995,2018-01-04 00:00:00,0,0.0
32.95,-120.95,2018-01-04 00:00:00,0,0.0
32.95,-120.84999,2018-01-04 00:00:00,0,0.0
32.95,-120.75,2018-01-04 00:00:00,0,0.0
32.95,-120.649994,2018-01-04 00:00:00,0,0.0
32.95,-120.549995,2018-01-04 00:00:00,0,0.0
32.95,-120.45,2018-01-04 00:00:00,0,0.0
32.95,-120.34999,2018-01-04 00:00:00,0,0.0
32.95,-120.25,2018-01-04 00:00:00,0,0.0
32.95,-120.149994,2018-01-04 00:00:00,0,0.0
32.95,-120.049995,2018-01-04 00:00:00,0,0.0
32.95,-119.95,2018-01-04 00:00:00,0,0.0
32.95,-119.84999,2018-01-04 00:00:00,0,0.0
32.95,-119.75,2018-01-04 00:00:00,0,0.0
32.95,-119.649994,2018-01-04 00:00:00,0,0.0
32.95,-119.549995,2018-01-04 00:00:00,0,0.0
32.95,-119.45,2018-01-04 00:00:00,0,0.0
32.95,-119.34999,2018-01-04 00:00:00,0,0.0
32.95,-119.25,2018-01-04 00:00:00,0,0.0
32.95,-119.149994,2018-01-04 00:00:00,0,0.0
32.95,-119.049995,2018-01-04 00:00:00,0,0.0
32.95,-118.95,2018-01-04 00:00:00,0,0.0
32.95,-118.84999,2018-01-04 00:00:00,0,0.0
32.95,-118.75,2018-01-04 00:00:00,0,0.0
32.95,-118.649994,2018-01-04 00:00:00,0,0.0
32.95,-118.549995,2018-01-04 00:00:00,0,0.00027499144
32.95,-118.45,2018-01-04 00:00:00,0,0.0
32.95,-118.34999,2018-01-04 00:00:00,0,0.0
32.95,-118.25,2018-01-04 00:00:00,0,0.0
32.95,-118.149994,2018-01-04 00:00:00,0,0.0
32.95,-118.049995,2018-01-04 00:00:00,0,0.0
32.95,-117.95,2018-01-04 00:00:00,0,0.0
32.95,-117.84999,2018-01-04 00:00:00,0,0.0
32.95,-117.75,2018-01-04 00:00:00,0,0.0
32.95,-117.649994,2018-01-04 00:00:00,0,0.0
32.95,-117.549995,2018-01-04 00:00:00,0,0.0
32.95,-117.45,2018-01-04 00:00:00,0,0.0
32.95,-117.34999,2018-01-04 00:00:00,0,0.0
32.95,-117.25,2018-01-04 00:00:00,0,0.021038251
32.95,-117.149994,2018-01-04 00:00:00,0,0.0
32.95,-117.049995,2018-01-04 00:00:00,0,0.0
32.95,-116.95,2018-01-04 00:00:00,0,0.0
32.95,-116.84999,2018-01-04 00:00:00,0,0.05507433
32.95,-116.75,2018-01-04 00:00:00,0,0.07265274
32.95,-116.649994,2018-01-04 00:00:00,0,0.04561883
32.95,-116.549995,2018-01-04 00:00:00,0,0.04917838
32.95,-116.45,2018-01-04 00:00:00,0,0.0105191255
32.95,-116.34999,2018-01-04 00:00:00,0,0.015
32.95,-116.25,2018-01-04 00:00:00,0,0.05181607
32.95,-116.149994,2018-01-04 00:00:00,0,0.08455416
32.95,-116.049995,2018-01-04 00:00:00,0,0.13225584
32.95,-115.95,2018-01-04 00:00:00,0,0.16615798
32.95,-115.85,2018-01-04 00:00:00,0,0.17896375
32.95,-115.74999,2018-01-04 00:00:00,0,0.083644725
32.95,-115.649994,2018-01-04 00:00:00,0,0.060127772
32.95,-115.549995,2018-01-04 00:00:00,0,0.06616603
32.95,-115.45,2018-01-04 00:00:00,0,0.030085184
32.95,-115.35,2018-01-04 00:00:00,0,0.0105191255
32.95,-115.24999,2018-01-04 00:00:00,0,0.03
32.95,-115.149994,2018-01-04 00:00:00,0,0.0
32.95,-115.049995,2018-01-04 00:00:00,0,0.0
32.95,-114.95,2018-01-04 00:00:00,0,0.004480874
32.95,-114.85,2018-01-04 00:00:00,0,0.08103825
32.95,-114.74999,2018-01-04 00:00:00,0,0.25131148
32.95,-114.649994,2018-01-04 00:00:00,0,0.12
32.95,-114.549995,2018-01-04 00:00:00,0,0.102129936
32.95,-114.45,2018-01-04 00:00:00,0,0.0
32.95,-114.35,2018-01-04 00:00:00,0,0.0
32.95,-114.24999,2018-01-04 00:00:00,0,0.0
33.05,-124.34999,2018-01-04 00:00:00,0,0.0
33.05,-124.25,2018-01-04 00:00:00,0,0.0
33.05,-124.149994,2018-01-04 00:00:00,0,0.0
33.05,-124.049995,2018-01-04 00:00:00,0,0.0
33.05,-123.95,2018-01-04 00:00:00,0,0.0
33.05,-123.84999,2018-01-04 00:00:00,0,0.0
33.05,-123.75,2018-01-04 00:00:00,0,0.0
33.05,-123.649994,2018-01-04 00:00:00,0,0.0
33.05,-123.549995,2018-01-04 00:00:00,0,0.0
33.05,-123.45,2018-01-04 00:00:00,0,0.0
33.05,-123.34999,2018-01-04 00:00:00,0,0.0
33.05,-123.25,2018-01-04 00:00:00,0,0.0
33.05,-123.149994,2018-01-04 00:00:00,0,0.0
33.05,-123.049995,2018-01-04 00:00:00,0,0.0
33.05,-122.95,2018-01-04 00:00:00,0,0.0
33.05,-122.84999,2018-01-04 00:00:00,0,0.0
33.05,-122.75,2018-01-04 00:00:00,0,0.0
33.05,-122.649994,2018-01-04 00:00:00,0,0.0
33.05,-122.549995,2018-01-04 00:00:00,0,0.0
33.05,-122.45,2018-01-04 00:00:00,0,0.0
33.05,-122.34999,2018-01-04 00:00:00,0,0.0
33.05,-122.25,2018-01-04 00:00:00,0,0.0
33.05,-122.149994,2018-01-04 00:00:00,0,0.0
33.05,-122.049995,2018-01-04 00:00:00,0,0.0
33.05,-121.95,2018-01-04 00:00:00,0,0.0
33.05,-121.84999,2018-01-04 00:00:00,0,0.0
33.05,-121.75,2018-01-04 00:00:00,0,0.0
33.05,-121.649994,2018-01-04 00:00:00,0,0.0
33.05,-121.549995,2018-01-04 00:00:00,0,0.0
33.05,-121.45,2018-01-04 00:00:00,0,0.0
33.05,-121.34999,2018-01-04 00:00:00,0,0.0
33.05,-121.25,2018-01-04 00:00:00,0,0.0
33.05,-121.149994,2018-01-04 00:00:00,0,0.0
33.05,-121.049995,2018-01-04 00:00:00,0,0.0
33.05,-120.95,2018-01-04 00:00:00,0,0.0
33.05,-120.84999,2018-01-04 00:00:00,0,0.0
33.05,-120.75,2018-01-04 00:00:00,0,0.0
33.05,-120.649994,2018-01-04 00:00:00,0,0.0
33.05,-120.549995,2018-01-04 00:00:00,0,0.0
33.05,-120.45,2018-01-04 00:00:00,0,0.0
33.05,-120.34999,2018-01-04 00:00:00,0,0.0
33.05,-120.25,2018-01-04 00:00:00,0,0.0
33.05,-120.149994,2018-01-04 00:00:00,0,0.0
33.05,-120.049995,2018-01-04 00:00:00,0,0.0
33.05,-119.95,2018-01-04 00:00:00,0,0.0
33.05,-119.84999,2018-01-04 00:00:00,0,0.0
33.05,-119.75,2018-01-04 00:00:00,0,0.0
33.05,-119.649994,2018-01-04 00:00:00,0,0.0
33.05,-119.549995,2018-01-04 00:00:00,0,0.0
33.05,-119.45,2018-01-04 00:00:00,0,0.0
33.05,-119.34999,2018-01-04 00:00:00,0,0.0
33.05,-119.25,2018-01-04 00:00:00,0,0.0
33.05,-119.149994,2018-01-04 00:00:00,0,0.0
33.05,-119.049995,2018-01-04 00:00:00,0,0.0
33.05,-118.95,2018-01-04 00:00:00,0,0.0
33.05,-118.84999,2018-01-04 00:00:00,0,0.0
33.05,-118.75,2018-01-04 00:00:00,0,0.0
33.05,-118.649994,2018-01-04 00:00:00,0,0.0
33.05,-118.549995,2018-01-04 00:00:00,0,0.0
33.05,-118.45,2018-01-04 00:00:00,0,0.0
33.05,-118.34999,2018-01-04 00:00:00,0,0.0
33.05,-118.25,2018-01-04 00:00:00,0,0.0
33.05,-118.149994,2018-01-04 00:00:00,0,0.0
33.05,-118.049995,2018-01-04 00:00:00,0,0.0
33.05,-117.95,2018-01-04 00:00:00,0,0.0
33.05,-117.84999,2018-01-04 00:00:00,0,0.0
33.05,-117.75,2018-01-04 00:00:00,0,0.0
33.05,-117.649994,2018-01-04 00:00:00,0,0.0
33.05,-117.549995,2018-01-04 00:00:00,0,0.0
33.05,-117.45,2018-01-04 00:00:00,0,0.0
33.05,-117.34999,2018-01-04 00:00:00,0,0.0
33.05,-117.25,2018-01-04 00:00:00,0,0.0105191255
33.05,-117.149994,2018-01-04 00:00:00,0,0.0
33.05,-117.049995,2018-01-04 00:00:00,0,0.0105191255
33.05,-116.95,2018-01-04 00:00:00,0,0.0
33.05,-116.84999,2018-01-04 00:00:00,0,0.047928087
33.05,-116.75,2018-01-04 00:00:00,0,0.053097535
33.05,-116.649994,2018-01-04 00:00:00,0,0.056137953
33.05,-116.549995,2018-01-04 00:00:00,0,0.062621
33.05,-116.45,2018-01-04 00:00:00,0,0.03
33.05,-116.34999,2018-01-04 00:00:00,0,0.068040416
33.05,-116.25,2018-01-04 00:00:00,0,0.033649974
33.05,-116.149994,2018-01-04 00:00:00,0,0.03351309
33.05,-116.049995,2018-01-04 00:00:00,0,0.030250909
33.05,-115.95,2018-01-04 00:00:00,0,0.058700483
33.05,-115.85,2018-01-04 00:00:00,0,0.03260648
33.05,-115.74999,2018-01-04 00:00:00,0,0.025212957
33.05,-115.649994,2018-01-04 00:00:00,0,0.015127774
33.05,-115.549995,2018-01-04 00:00:00,0,0.046166025
33.05,-115.45,2018-01-04 00:00:00,0,0.020085182
33.05,-115.35,2018-01-04 00:00:00,0,0.0105191255
33.05,-115.24999,2018-01-04 00:00:00,0,0.0
33.05,-115.149994,2018-01-04 00:00:00,0,0.0
33.05,-115.049995,2018-01-04 00:00:00,0,0.0
33.05,-114.95,2018-01-04 00:00:00,0,0.0
33.05,-114.85,2018-01-04 00:00:00,0,0.1389071
33.05,-114.74999,2018-01-04 00:00:00,0,0.0
33.05,-114.649994,2018-01-04 00:00:00,0,0.0
33.05,-114.549995,2018-01-04 00:00:00,0,0.0
33.05,-114.45,2018-01-04 00:00:00,0,0.0
33.05,-114.35,2018-01-04 00:00:00,0,0.0
33.05,-114.24999,2018-01-04 00:00:00,0,0.0
33.149998,-124.34999,2018-01-04 00:00:00,0,0.0
33.149998,-124.25,2018-01-04 00:00:00,0,0.0
33.149998,-124.149994,2018-01-04 00:00:00,0,0.0
33.149998,-124.049995,2018-01-04 00:00:00,0,0.0
33.149998,-123.95,2018-01-04 00:00:00,0,0.0
33.149998,-123.84999,2018-01-04 00:00:00,0,0.0
33.149998,-123.75,2018-01-04 00:00:00,0,0.0
33.149998,-123.649994,2018-01-04 00:00:00,0,0.0
33.149998,-123.549995,2018-01-04 00:00:00,0,0.0
33.149998,-123.45,2018-01-04 00:00:00,0,0.0
33.149998,-123.34999,2018-01-04 00:00:00,0,0.0
33.149998,-123.25,2018-01-04 00:00:00,0,0.0
33.149998,-123.149994,2018-01-04 00:00:00,0,0.0
33.149998,-123.049995,2018-01-04 00:00:00,0,0.0
33.149998,-122.95,2018-01-04 00:00:00,0,0.0
33.149998,-122.84999,2018-01-04 00:00:00,0,0.0
33.149998,-122.75,2018-01-04 00:00:00,0,0.0
33.149998,-122.649994,2018-01-04 00:00:00,0,0.0
33.149998,-122.549995,2018-01-04 00:00:00,0,0.0
33.149998,-122.45,2018-01-04 00:00:00,0,0.0
33.149998,-122.34999,2018-01-04 00:00:00,0,0.0
33.149998,-122.25,2018-01-04 00:00:00,0,0.0
33.149998,-122.149994,2018-01-04 00:00:00,0,0.0
33.149998,-122.049995,2018-01-04 00:00:00,0,0.0
33.149998,-121.95,2018-01-04 00:00:00,0,0.0
33.149998,-121.84999,2018-01-04 00:00:00,0,0.0
33.149998,-121.75,2018-01-04 00:00:00,0,0.0
33.149998,-121.649994,2018-01-04 00:00:00,0,0.0
33.149998,-121.549995,2018-01-04 00:00:00,0,0.0
33.149998,-121.45,2018-01-04 00:00:00,0,0.0
33.149998,-121.34999,2018-01-04 00:00:00,0,0.0
33.149998,-121.25,2018-01-04 00:00:00,0,0.0
33.149998,-121.149994,2018-01-04 00:00:00,0,0.0
33.149998,-121.049995,2018-01-04 00:00:00,0,0.0
33.149998,-120.95,2018-01-04 00:00:00,0,0.0
33.149998,-120.84999,2018-01-04 00:00:00,0,0.0
33.149998,-120.75,2018-01-04 00:00:00,0,0.0
33.149998,-120.649994,2018-01-04 00:00:00,0,0.0
33.149998,-120.549995,2018-01-04 00:00:00,0,0.0
33.149998,-120.45,2018-01-04 00:00:00,0,0.0
33.149998,-120.34999,2018-01-04 00:00:00,0,0.0
33.149998,-120.25,2018-01-04 00:00:00,0,0.0
33.149998,-120.149994,2018-01-04 00:00:00,0,0.0
33.149998,-120.049995,2018-01-04 00:00:00,0,0.0
33.149998,-119.95,2018-01-04 00:00:00,0,0.0
33.149998,-119.84999,2018-01-04 00:00:00,0,0.0
33.149998,-119.75,2018-01-04 00:00:00,0,0.0
33.149998,-119.649994,2018-01-04 00:00:00,0,0.0
33.149998,-119.549995,2018-01-04 00:00:00,0,0.0
33.149998,-119.45,2018-01-04 00:00:00,0,0.0
33.149998,-119.34999,2018-01-04 00:00:00,0,0.0
33.149998,-119.25,2018-01-04 00:00:00,0,0.0
33.149998,-119.149994,2018-01-04 00:00:00,0,0.0
33.149998,-119.049995,2018-01-04 00:00:00,0,0.0
33.149998,-118.95,2018-01-04 00:00:00,0,0.0
33.149998,-118.84999,2018-01-04 00:00:00,0,0.0
33.149998,-118.75,2018-01-04 00:00:00,0,0.0
33.149998,-118.649994,2018-01-04 00:00:00,0,0.0
33.149998,-118.549995,2018-01-04 00:00:00,0,0.0
33.149998,-118.45,2018-01-04 00:00:00,0,0.0
33.149998,-118.34999,2018-01-04 00:00:00,0,0.0
33.149998,-118.25,2018-01-04 00:00:00,0,0.0
33.149998,-118.149994,2018-01-04 00:00:00,0,0.0
33.149998,-118.049995,2018-01-04 00:00:00,0,0.0
33.149998,-117.95,2018-01-04 00:00:00,0,0.0
33.149998,-117.84999,2018-01-04 00:00:00,0,0.0
33.149998,-117.75,2018-01-04 00:00:00,0,0.0
33.149998,-117.649994,2018-01-04 00:00:00,0,0.0
33.149998,-117.549995,2018-01-04 00:00:00,0,0.0
33.149998,-117.45,2018-01-04 00:00:00,0,0.0
33.149998,-117.34999,2018-01-04 00:00:00,0,0.0
33.149998,-117.25,2018-01-04 00:00:00,0,0.0105191255
33.149998,-117.149994,2018-01-04 00:00:00,0,0.0
33.149998,-117.049995,2018-01-04 00:00:00,0,0.0105191255
33.149998,-116.95,2018-01-04 00:00:00,0,0.021038251
33.149998,-116.84999,2018-01-04 00:00:00,0,0.03403608
33.149998,-116.75,2018-01-04 00:00:00,0,0.04713362
33.149998,-116.649994,2018-01-04 00:00:00,0,0.065099694
33.149998,-116.549995,2018-01-04 00:00:00,0,0.07014229
33.149998,-116.45,2018-01-04 00:00:00,0,0.042002164
33.149998,-116.34999,2018-01-04 00:00:00,0,0.037521295
33.149998,-116.25,2018-01-04 00:00:00,0,0.058088258
33.149998,-116.149994,2018-01-04 00:00:00,0,0.039048478
33.149998,-116.049995,2018-01-04 00:00:00,0,0.009106304
33.149998,-115.95,2018-01-04 00:00:00,0,0.037606478
33.149998,-115.85,2018-01-04 00:00:00,0,0.010085183
33.149998,-115.74999,2018-01-04 00:00:00,0,0.0
33.149998,-115.649994,2018-01-04 00:00:00,0,0.0
33.149998,-115.549995,2018-01-04 00:00:00,0,0.015042592
33.149998,-115.45,2018-01-04 00:00:00,0,0.015042592
33.149998,-115.35,2018-01-04 00:00:00,0,0.0
33.149998,-115.24999,2018-01-04 00:00:00,0,0.0
33.149998,-115.149994,2018-01-04 00:00:00,0,0.0
33.149998,-115.049995,2018-01-04 00:00:00,0,0.0
33.149998,-114.95,2018-01-04 00:00:00,0,0.0
33.149998,-114.85,2018-01-04 00:00:00,0,0.0
33.149998,-114.74999,2018-01-04 00:00:00,0,0.0
33.149998,-114.649994,2018-01-04 00:00:00,0,0.0
33.149998,-114.549995,2018-01-04 00:00:00,0,0.0
33.149998,-114.45,2018-01-04 00:00:00,0,0.0
33.149998,-114.35,2018-01-04 00:00:00,0,0.0
33.149998,-114.24999,2018-01-04 00:00:00,0,0.0
33.250004,-124.34999,2018-01-04 00:00:00,0,0.0
33.250004,-124.25,2018-01-04 00:00:00,0,0.0
33.250004,-124.149994,2018-01-04 00:00:00,0,0.0
33.250004,-124.049995,2018-01-04 00:00:00,0,0.0
33.250004,-123.95,2018-01-04 00:00:00,0,0.0
33.250004,-123.84999,2018-01-04 00:00:00,0,0.0
33.250004,-123.75,2018-01-04 00:00:00,0,0.0
33.250004,-123.649994,2018-01-04 00:00:00,0,0.0
33.250004,-123.549995,2018-01-04 00:00:00,0,0.0
33.250004,-123.45,2018-01-04 00:00:00,0,0.0
33.250004,-123.34999,2018-01-04 00:00:00,0,0.0
33.250004,-123.25,2018-01-04 00:00:00,0,0.0
33.250004,-123.149994,2018-01-04 00:00:00,0,0.0
33.250004,-123.049995,2018-01-04 00:00:00,0,0.0
33.250004,-122.95,2018-01-04 00:00:00,0,0.0
33.250004,-122.84999,2018-01-04 00:00:00,0,0.0
33.250004,-122.75,2018-01-04 00:00:00,0,0.0
33.250004,-122.649994,2018-01-04 00:00:00,0,0.0
33.250004,-122.549995,2018-01-04 00:00:00,0,0.0
33.250004,-122.45,2018-01-04 00:00:00,0,0.0
33.250004,-122.34999,2018-01-04 00:00:00,0,0.0
33.250004,-122.25,2018-01-04 00:00:00,0,0.0
33.250004,-122.149994,2018-01-04 00:00:00,0,0.0
33.250004,-122.049995,2018-01-04 00:00:00,0,0.0
33.250004,-121.95,2018-01-04 00:00:00,0,0.0
33.250004,-121.84999,2018-01-04 00:00:00,0,0.0
33.250004,-121.75,2018-01-04 00:00:00,0,0.0
33.250004,-121.649994,2018-01-04 00:00:00,0,0.0
33.250004,-121.549995,2018-01-04 00:00:00,0,0.0
33.250004,-121.45,2018-01-04 00:00:00,0,0.0
33.250004,-121.34999,2018-01-04 00:00:00,0,0.0
33.250004,-121.25,2018-01-04 00:00:00,0,0.0
33.250004,-121.149994,2018-01-04 00:00:00,0,0.0
33.250004,-121.049995,2018-01-04 00:00:00,0,0.0
33.250004,-120.95,2018-01-04 00:00:00,0,0.0
33.250004,-120.84999,2018-01-04 00:00:00,0,0.0
33.250004,-120.75,2018-01-04 00:00:00,0,0.0
33.250004,-120.649994,2018-01-04 00:00:00,0,0.0
33.250004,-120.549995,2018-01-04 00:00:00,0,0.0
33.250004,-120.45,2018-01-04 00:00:00,0,0.0
33.250004,-120.34999,2018-01-04 00:00:00,0,0.0
33.250004,-120.25,2018-01-04 00:00:00,0,0.0
33.250004,-120.149994,2018-01-04 00:00:00,0,0.0
33.250004,-120.049995,2018-01-04 00:00:00,0,0.0
33.250004,-119.95,2018-01-04 00:00:00,0,0.0
33.250004,-119.84999,2018-01-04 00:00:00,0,0.0
33.250004,-119.75,2018-01-04 00:00:00,0,0.0
33.250004,-119.649994,2018-01-04 00:00:00,0,0.0
33.250004,-119.549995,2018-01-04 00:00:00,0,0.14290708
33.250004,-119.45,2018-01-04 00:00:00,0,0.0
33.250004,-119.34999,2018-01-04 00:00:00,0,0.0
33.250004,-119.25,2018-01-04 00:00:00,0,0.0
33.250004,-119.149994,2018-01-04 00:00:00,0,0.0
33.250004,-119.049995,2018-01-04 00:00:00,0,0.0
33.250004,-118.95,2018-01-04 00:00:00,0,0.0
33.250004,-118.84999,2018-01-04 00:00:00,0,0.0
33.250004,-118.75,2018-01-04 00:00:00,0,0.0
33.250004,-118.649994,2018-01-04 00:00:00,0,0.0
33.250004,-118.549995,2018-01-04 00:00:00,0,0.0
33.250004,-118.45,2018-01-04 00:00:00,0,0.0
33.250004,-118.34999,2018-01-04 00:00:00,0,0.0
33.250004,-118.25,2018-01-04 00:00:00,0,0.0
33.250004,-118.149994,2018-01-04 00:00:00,0,0.0
33.250004,-118.049995,2018-01-04 00:00:00,0,0.0
33.250004,-117.95,2018-01-04 00:00:00,0,0.0
33.250004,-117.84999,2018-01-04 00:00:00,0,0.0
33.250004,-117.75,2018-01-04 00:00:00,0,0.0
33.250004,-117.649994,2018-01-04 00:00:00,0,0.0
33.250004,-117.549995,2018-01-04 00:00:00,0,0.0
33.250004,-117.45,2018-01-04 00:00:00,0,0.0
33.250004,-117.34999,2018-01-04 00:00:00,0,0.0
33.250004,-117.25,2018-01-04 00:00:00,0,0.0
33.250004,-117.149994,2018-01-04 00:00:00,0,0.0105191255
33.250004,-117.049995,2018-01-04 00:00:00,0,0.0
33.250004,-116.95,2018-01-04 00:00:00,0,0.0105191255
33.250004,-116.84999,2018-01-04 00:00:00,0,0.023516955
33.250004,-116.75,2018-01-04 00:00:00,0,0.046137955
33.250004,-116.649994,2018-01-04 00:00:00,0,0.22774065
33.250004,-116.549995,2018-01-04 00:00:00,0,0.6193665
33.250004,-116.45,2018-01-04 00:00:00,0,0.070561714
33.250004,-116.34999,2018-01-04 00:00:00,0,0.04504259
33.250004,-116.25,2018-01-04 00:00:00,0,0.03770215
33.250004,-116.149994,2018-01-04 00:00:00,0,0.0444966
33.250004,-116.049995,2018-01-04 00:00:00,0,0.032122415
33.250004,-115.95,2018-01-04 00:00:00,0,0.012823311
33.250004,-115.85,2018-01-04 00:00:00,0,1.4455495e-05
33.250004,-115.74999,2018-01-04 00:00:00,0,0.0
33.250004,-115.649994,2018-01-04 00:00:00,0,0.0
33.250004,-115.549995,2018-01-04 00:00:00,0,0.010042591
33.250004,-115.45,2018-01-04 00:00:00,0,0.010042591
33.250004,-115.35,2018-01-04 00:00:00,0,0.0
33.250004,-115.24999,2018-01-04 00:00:00,0,0.0
33.250004,-115.149994,2018-01-04 00:00:00,0,0.0
33.250004,-115.049995,2018-01-04 00:00:00,0,0.0
33.250004,-114.95,2018-01-04 00:00:00,0,0.0
33.250004,-114.85,2018-01-04 00:00:00,0,0.0
33.250004,-114.74999,2018-01-04 00:00:00,0,0.0
33.250004,-114.649994,2018-01-04 00:00:00,0,0.0
33.250004,-114.549995,2018-01-04 00:00:00,0,0.0
33.250004,-114.45,2018-01-04 00:00:00,0,0.0
33.250004,-114.35,2018-01-04 00:00:00,0,0.0
33.250004,-114.24999,2018-01-04 00:00:00,0,0.0
33.350002,-124.34999,2018-01-04 00:00:00,0,0.0
33.350002,-124.25,2018-01-04 00:00:00,0,0.0
33.350002,-124.149994,2018-01-04 00:00:00,0,0.0
33.350002,-124.049995,2018-01-04 00:00:00,0,0.0
33.350002,-123.95,2018-01-04 00:00:00,0,0.0
33.350002,-123.84999,2018-01-04 00:00:00,0,0.0
33.350002,-123.75,2018-01-04 00:00:00,0,0.0
33.350002,-123.649994,2018-01-04 00:00:00,0,0.0
33.350002,-123.549995,2018-01-04 00:00:00,0,0.0
33.350002,-123.45,2018-01-04 00:00:00,0,0.0
33.350002,-123.34999,2018-01-04 00:00:00,0,0.0
33.350002,-123.25,2018-01-04 00:00:00,0,0.0
33.350002,-123.149994,2018-01-04 00:00:00,0,0.0
33.350002,-123.049995,2018-01-04 00:00:00,0,0.0
33.350002,-122.95,2018-01-04 00:00:00,0,0.0
33.350002,-122.84999,2018-01-04 00:00:00,0,0.0
33.350002,-122.75,2018-01-04 00:00:00,0,0.0
33.350002,-122.649994,2018-01-04 00:00:00,0,0.0
33.350002,-122.549995,2018-01-04 00:00:00,0,0.0
33.350002,-122.45,2018-01-04 00:00:00,0,0.0
33.350002,-122.34999,2018-01-04 00:00:00,0,0.0
33.350002,-122.25,2018-01-04 00:00:00,0,0.0
33.350002,-122.149994,2018-01-04 00:00:00,0,0.0
33.350002,-122.049995,2018-01-04 00:00:00,0,0.0
33.350002,-121.95,2018-01-04 00:00:00,0,0.0
33.350002,-121.84999,2018-01-04 00:00:00,0,0.0
33.350002,-121.75,2018-01-04 00:00:00,0,0.0
33.350002,-121.649994,2018-01-04 00:00:00,0,0.0
33.350002,-121.549995,2018-01-04 00:00:00,0,0.0
33.350002,-121.45,2018-01-04 00:00:00,0,0.0
33.350002,-121.34999,2018-01-04 00:00:00,0,0.0
33.350002,-121.25,2018-01-04 00:00:00,0,0.0
33.350002,-121.149994,2018-01-04 00:00:00,0,0.0
33.350002,-121.049995,2018-01-04 00:00:00,0,0.0
33.350002,-120.95,2018-01-04 00:00:00,0,0.0
33.350002,-120.84999,2018-01-04 00:00:00,0,0.0
33.350002,-120.75,2018-01-04 00:00:00,0,0.0
33.350002,-120.649994,2018-01-04 00:00:00,0,0.0
33.350002,-120.549995,2018-01-04 00:00:00,0,0.0
33.350002,-120.45,2018-01-04 00:00:00,0,0.0
33.350002,-120.34999,2018-01-04 00:00:00,0,0.0
33.350002,-120.25,2018-01-04 00:00:00,0,0.0
33.350002,-120.149994,2018-01-04 00:00:00,0,0.0
33.350002,-120.049995,2018-01-04 00:00:00,0,0.0
33.350002,-119.95,2018-01-04 00:00:00,0,0.0
33.350002,-119.84999,2018-01-04 00:00:00,0,0.0
33.350002,-119.75,2018-01-04 00:00:00,0,0.0
33.350002,-119.649994,2018-01-04 00:00:00,0,0.0
33.350002,-119.549995,2018-01-04 00:00:00,0,0.0
33.350002,-119.45,2018-01-04 00:00:00,0,0.0
33.350002,-119.34999,2018-01-04 00:00:00,0,0.0
33.350002,-119.25,2018-01-04 00:00:00,0,0.0
33.350002,-119.149994,2018-01-04 00:00:00,0,0.0
33.350002,-119.049995,2018-01-04 00:00:00,0,0.0
33.350002,-118.95,2018-01-04 00:00:00,0,0.0
33.350002,-118.84999,2018-01-04 00:00:00,0,0.0
33.350002,-118.75,2018-01-04 00:00:00,0,0.0
33.350002,-118.649994,2018-01-04 00:00:00,0,0.0
33.350002,-118.549995,2018-01-04 00:00:00,0,0.0
33.350002,-118.45,2018-01-04 00:00:00,0,0.000356783
33.350002,-118.34999,2018-01-04 00:00:00,0,0.015414362
33.350002,-118.25,2018-01-04 00:00:00,0,0.0
33.350002,-118.149994,2018-01-04 00:00:00,0,0.0
33.350002,-118.049995,2018-01-04 00:00:00,0,0.0
33.350002,-117.95,2018-01-04 00:00:00,0,0.0
33.350002,-117.84999,2018-01-04 00:00:00,0,0.0
33.350002,-117.75,2018-01-04 00:00:00,0,0.0
33.350002,-117.649994,2018-01-04 00:00:00,0,0.0
33.350002,-117.549995,2018-01-04 00:00:00,0,0.0
33.350002,-117.45,2018-01-04 00:00:00,0,0.0025212958
33.350002,-117.34999,2018-01-04 00:00:00,0,0.0
33.350002,-117.25,2018-01-04 00:00:00,0,0.0
33.350002,-117.149994,2018-01-04 00:00:00,0,0.031557377
33.350002,-117.049995,2018-01-04 00:00:00,0,0.031557377
33.350002,-116.95,2018-01-04 00:00:00,0,0.031557377
33.350002,-116.84999,2018-01-04 00:00:00,0,0.021038251
33.350002,-116.75,2018-01-04 00:00:00,0,0.03
33.350002,-116.649994,2018-01-04 00:00:00,0,0.0881256
33.350002,-116.549995,2018-01-04 00:00:00,0,0.05708735
33.350002,-116.45,2018-01-04 00:00:00,0,0.007521296
33.350002,-116.34999,2018-01-04 00:00:00,0,0.015042592
33.350002,-116.25,2018-01-04 00:00:00,0,0.026483044
33.350002,-116.149994,2018-01-04 00:00:00,0,0.03779595
33.350002,-116.049995,2018-01-04 00:00:00,0,0.007716858
33.350002,-115.95,2018-01-04 00:00:00,0,0.015248947
33.350002,-115.85,2018-01-04 00:00:00,0,0.0018936698
33.350002,-115.74999,2018-01-04 00:00:00,0,0.0
33.350002,-115.649994,2018-01-04 00:00:00,0,0.0
33.350002,-115.549995,2018-01-04 00:00:00,0,0.0025212958
33.350002,-115.45,2018-01-04 00:00:00,0,0.027521294
33.350002,-115.35,2018-01-04 00:00:00,0,0.024999999
33.350002,-115.24999,2018-01-04 00:00:00,0,0.0
33.350002,-115.149994,2018-01-04 00:00:00,0,0.0
33.350002,-115.049995,2018-01-04 00:00:00,0,0.0
33.350002,-114.95,2018-01-04 00:00:00,0,0.0
33.350002,-114.85,2018-01-04 00:00:00,0,0.0
33.350002,-114.74999,2018-01-04 00:00:00,0,0.0
33.350002,-114.649994,2018-01-04 00:00:00,0,0.0
33.350002,-114.549995,2018-01-04 00:00:00,0,0.0
33.350002,-114.45,2018-01-04 00:00:00,0,0.0
33.350002,-114.35,2018-01-04 00:00:00,0,0.0
33.350002,-114.24999,2018-01-04 00:00:00,0,0.0
33.45,-124.34999,2018-01-04 00:00:00,0,0.0
33.45,-124.25,2018-01-04 00:00:00,0,0.0
33.45,-124.149994,2018-01-04 00:00:00,0,0.0
33.45,-124.049995,2018-01-04 00:00:00,0,0.0
33.45,-123.95,2018-01-04 00:00:00,0,0.0
33.45,-123.84999,2018-01-04 00:00:00,0,0.0
33.45,-123.75,2018-01-04 00:00:00,0,0.0
33.45,-123.649994,2018-01-04 00:00:00,0,0.0
33.45,-123.549995,2018-01-04 00:00:00,0,0.0
33.45,-123.45,2018-01-04 00:00:00,0,0.0
33.45,-123.34999,2018-01-04 00:00:00,0,0.0
33.45,-123.25,2018-01-04 00:00:00,0,0.0
33.45,-123.149994,2018-01-04 00:00:00,0,0.0
33.45,-123.049995,2018-01-04 00:00:00,0,0.0
33.45,-122.95,2018-01-04 00:00:00,0,0.0
33.45,-122.84999,2018-01-04 00:00:00,0,0.0
33.45,-122.75,2018-01-04 00:00:00,0,0.0
33.45,-122.649994,2018-01-04 00:00:00,0,0.0
33.45,-122.549995,2018-01-04 00:00:00,0,0.0
33.45,-122.45,2018-01-04 00:00:00,0,0.0
33.45,-122.34999,2018-01-04 00:00:00,0,0.0
33.45,-122.25,2018-01-04 00:00:00,0,0.0
33.45,-122.149994,2018-01-04 00:00:00,0,0.0
33.45,-122.049995,2018-01-04 00:00:00,0,0.0
33.45,-121.95,2018-01-04 00:00:00,0,0.0
33.45,-121.84999,2018-01-04 00:00:00,0,0.0
33.45,-121.75,2018-01-04 00:00:00,0,0.0
33.45,-121.649994,2018-01-04 00:00:00,0,0.0
33.45,-121.549995,2018-01-04 00:00:00,0,0.0
33.45,-121.45,2018-01-04 00:00:00,0,0.0
33.45,-121.34999,2018-01-04 00:00:00,0,0.0
33.45,-121.25,2018-01-04 00:00:00,0,0.0
33.45,-121.149994,2018-01-04 00:00:00,0,0.0
33.45,-121.049995,2018-01-04 00:00:00,0,0.0
33.45,-120.95,2018-01-04 00:00:00,0,0.0
33.45,-120.84999,2018-01-04 00:00:00,0,0.0
33.45,-120.75,2018-01-04 00:00:00,0,0.0
33.45,-120.649994,2018-01-04 00:00:00,0,0.0
33.45,-120.549995,2018-01-04 00:00:00,0,0.0
33.45,-120.45,2018-01-04 00:00:00,0,0.0
33.45,-120.34999,2018-01-04 00:00:00,0,0.0
33.45,-120.25,2018-01-04 00:00:00,0,0.0
33.45,-120.149994,2018-01-04 00:00:00,0,0.0
33.45,-120.049995,2018-01-04 00:00:00,0,0.0
33.45,-119.95,2018-01-04 00:00:00,0,0.0
33.45,-119.84999,2018-01-04 00:00:00,0,0.0
33.45,-119.75,2018-01-04 00:00:00,0,0.0
33.45,-119.649994,2018-01-04 00:00:00,0,0.0
33.45,-119.549995,2018-01-04 00:00:00,0,0.0
33.45,-119.45,2018-01-04 00:00:00,0,0.0
33.45,-119.34999,2018-01-04 00:00:00,0,0.0
33.45,-119.25,2018-01-04 00:00:00,0,0.0
33.45,-119.149994,2018-01-04 00:00:00,0,0.0
33.45,-119.049995,2018-01-04 00:00:00,0,0.0
33.45,-118.95,2018-01-04 00:00:00,0,0.0
33.45,-118.84999,2018-01-04 00:00:00,0,0.0
33.45,-118.75,2018-01-04 00:00:00,0,0.0
33.45,-118.649994,2018-01-04 00:00:00,0,0.0
33.45,-118.549995,2018-01-04 00:00:00,0,0.0021449334
33.45,-118.45,2018-01-04 00:00:00,0,0.0
33.45,-118.34999,2018-01-04 00:00:00,0,0.0
33.45,-118.25,2018-01-04 00:00:00,0,0.0
33.45,-118.149994,2018-01-04 00:00:00,0,0.0
33.45,-118.049995,2018-01-04 00:00:00,0,0.0
33.45,-117.95,2018-01-04 00:00:00,0,0.0
33.45,-117.84999,2018-01-04 00:00:00,0,0.0
33.45,-117.75,2018-01-04 00:00:00,0,0.0
33.45,-117.649994,2018-01-04 00:00:00,0,0.007521296
33.45,-117.549995,2018-01-04 00:00:00,0,0.00700217
33.45,-117.45,2018-01-04 00:00:00,0,0.0
33.45,-117.34999,2018-01-04 00:00:00,0,0.0
33.45,-117.25,2018-01-04 00:00:00,0,0.0
33.45,-117.149994,2018-01-04 00:00:00,0,0.0105191255
33.45,-117.049995,2018-01-04 00:00:00,0,0.041472193
33.45,-116.95,2018-01-04 00:00:00,0,0.062304974
33.45,-116.84999,2018-01-04 00:00:00,0,0.0728241
33.45,-116.75,2018-01-04 00:00:00,0,0.12842841
33.45,-116.649994,2018-01-04 00:00:00,0,0.11520843
33.45,-116.549995,2018-01-04 00:00:00,0,0.019523466
33.45,-116.45,2018-01-04 00:00:00,0,0.015042592
33.45,-116.34999,2018-01-04 00:00:00,0,0.015042592
33.45,-116.25,2018-01-04 00:00:00,0,0.0063447794
33.45,-116.149994,2018-01-04 00:00:00,0,0.0025935732
33.45,-116.049995,2018-01-04 00:00:00,0,0.011723407
33.45,-115.95,2018-01-04 00:00:00,0,0.07200886
33.45,-115.85,2018-01-04 00:00:00,0,0.013226778
33.45,-115.74999,2018-01-04 00:00:00,0,0.017923497
33.45,-115.649994,2018-01-04 00:00:00,0,0.16131148
33.45,-115.549995,2018-01-04 00:00:00,0,0.0
33.45,-115.45,2018-01-04 00:00:00,0,0.012606478
33.45,-115.35,2018-01-04 00:00:00,0,0.03260648
33.45,-115.24999,2018-01-04 00:00:00,0,0.024999999
33.45,-115.149994,2018-01-04 00:00:00,0,0.01
33.45,-115.049995,2018-01-04 00:00:00,0,0.0
33.45,-114.95,2018-01-04 00:00:00,0,0.0
33.45,-114.85,2018-01-04 00:00:00,0,0.0
33.45,-114.74999,2018-01-04 00:00:00,0,0.0
33.45,-114.649994,2018-01-04 00:00:00,0,0.0
33.45,-114.549995,2018-01-04 00:00:00,0,0.0
33.45,-114.45,2018-01-04 00:00:00,0,0.0
33.45,-114.35,2018-01-04 00:00:00,0,0.0
33.45,-114.24999,2018-01-04 00:00:00,0,0.0
33.55,-124.34999,2018-01-04 00:00:00,0,0.0
33.55,-124.25,2018-01-04 00:00:00,0,0.0
33.55,-124.149994,2018-01-04 00:00:00,0,0.0
33.55,-124.049995,2018-01-04 00:00:00,0,0.0
33.55,-123.95,2018-01-04 00:00:00,0,0.0
33.55,-123.84999,2018-01-04 00:00:00,0,0.0
33.55,-123.75,2018-01-04 00:00:00,0,0.0
33.55,-123.649994,2018-01-04 00:00:00,0,0.0
33.55,-123.549995,2018-01-04 00:00:00,0,0.0
33.55,-123.45,2018-01-04 00:00:00,0,0.0
33.55,-123.34999,2018-01-04 00:00:00,0,0.0
33.55,-123.25,2018-01-04 00:00:00,0,0.0
33.55,-123.149994,2018-01-04 00:00:00,0,0.0
33.55,-123.049995,2018-01-04 00:00:00,0,0.0
33.55,-122.95,2018-01-04 00:00:00,0,0.0
33.55,-122.84999,2018-01-04 00:00:00,0,0.0
33.55,-122.75,2018-01-04 00:00:00,0,0.0
33.55,-122.649994,2018-01-04 00:00:00,0,0.0
33.55,-122.549995,2018-01-04 00:00:00,0,0.0
33.55,-122.45,2018-01-04 00:00:00,0,0.0
33.55,-122.34999,2018-01-04 00:00:00,0,0.0
33.55,-122.25,2018-01-04 00:00:00,0,0.0
33.55,-122.149994,2018-01-04 00:00:00,0,0.0
33.55,-122.049995,2018-01-04 00:00:00,0,0.0
33.55,-121.95,2018-01-04 00:00:00,0,0.0
33.55,-121.84999,2018-01-04 00:00:00,0,0.0
33.55,-121.75,2018-01-04 00:00:00,0,0.0
33.55,-121.649994,2018-01-04 00:00:00,0,0.0
33.55,-121.549995,2018-01-04 00:00:00,0,0.0
33.55,-121.45,2018-01-04 00:00:00,0,0.0
33.55,-121.34999,2018-01-04 00:00:00,0,0.0
33.55,-121.25,2018-01-04 00:00:00,0,0.0
33.55,-121.149994,2018-01-04 00:00:00,0,0.0
33.55,-121.049995,2018-01-04 00:00:00,0,0.0
33.55,-120.95,2018-01-04 00:00:00,0,0.0
33.55,-120.84999,2018-01-04 00:00:00,0,0.0
33.55,-120.75,2018-01-04 00:00:00,0,0.0
33.55,-120.649994,2018-01-04 00:00:00,0,0.0
33.55,-120.549995,2018-01-04 00:00:00,0,0.0
33.55,-120.45,2018-01-04 00:00:00,0,0.0
33.55,-120.34999,2018-01-04 00:00:00,0,0.0
33.55,-120.25,2018-01-04 00:00:00,0,0.0
33.55,-120.149994,2018-01-04 00:00:00,0,0.0
33.55,-120.049995,2018-01-04 00:00:00,0,0.0
33.55,-119.95,2018-01-04 00:00:00,0,0.0
33.55,-119.84999,2018-01-04 00:00:00,0,0.0
33.55,-119.75,2018-01-04 00:00:00,0,0.0
33.55,-119.649994,2018-01-04 00:00:00,0,0.0
33.55,-119.549995,2018-01-04 00:00:00,0,0.0
33.55,-119.45,2018-01-04 00:00:00,0,0.0
33.55,-119.34999,2018-01-04 00:00:00,0,0.0
33.55,-119.25,2018-01-04 00:00:00,0,0.0
33.55,-119.149994,2018-01-04 00:00:00,0,0.0
33.55,-119.049995,2018-01-04 00:00:00,0,0.0
33.55,-118.95,2018-01-04 00:00:00,0,0.0
33.55,-118.84999,2018-01-04 00:00:00,0,0.0
33.55,-118.75,2018-01-04 00:00:00,0,0.0
33.55,-118.649994,2018-01-04 00:00:00,0,0.0
33.55,-118.549995,2018-01-04 00:00:00,0,0.0
33.55,-118.45,2018-01-04 00:00:00,0,0.0
33.55,-118.34999,2018-01-04 00:00:00,0,0.0
33.55,-118.25,2018-01-04 00:00:00,0,0.0
33.55,-118.149994,2018-01-04 00:00:00,0,0.0
33.55,-118.049995,2018-01-04 00:00:00,0,0.0
33.55,-117.95,2018-01-04 00:00:00,0,0.0
33.55,-117.84999,2018-01-04 00:00:00,0,0.0
33.55,-117.75,2018-01-04 00:00:00,0,0.0
33.55,-117.649994,2018-01-04 00:00:00,0,0.0
33.55,-117.549995,2018-01-04 00:00:00,0,0.0
33.55,-117.45,2018-01-04 00:00:00,0,0.0
33.55,-117.34999,2018-01-04 00:00:00,0,0.0
33.55,-117.25,2018-01-04 00:00:00,0,0.0
33.55,-117.149994,2018-01-04 00:00:00,0,0.041472193
33.55,-117.049995,2018-01-04 00:00:00,0,0.0728241
33.55,-116.95,2018-01-04 00:00:00,0,0.11327349
33.55,-116.84999,2018-01-04 00:00:00,0,0.12886235
33.55,-116.75,2018-01-04 00:00:00,0,0.11394754
33.55,-116.649994,2018-01-04 00:00:00,0,0.17214087
33.55,-116.549995,2018-01-04 00:00:00,0,0.10457698
33.55,-116.45,2018-01-04 00:00:00,0,0.0
33.55,-116.34999,2018-01-04 00:00:00,0,0.0
33.55,-116.25,2018-01-04 00:00:00,0,0.0
33.55,-116.149994,2018-01-04 00:00:00,0,7.227747e-05
33.55,-116.049995,2018-01-04 00:00:00,0,0.010798255
33.55,-115.95,2018-01-04 00:00:00,0,0.06465943
33.55,-115.85,2018-01-04 00:00:00,0,0.012850936
33.55,-115.74999,2018-01-04 00:00:00,0,0.04038569
33.55,-115.649994,2018-01-04 00:00:00,0,0.22404371
33.55,-115.549995,2018-01-04 00:00:00,0,0.21060109
33.55,-115.45,2018-01-04 00:00:00,0,0.0
33.55,-115.35,2018-01-04 00:00:00,0,0.07508518
33.55,-115.24999,2018-01-04 00:00:00,0,0.09260648
33.55,-115.149994,2018-01-04 00:00:00,0,0.0050425916
33.55,-115.049995,2018-01-04 00:00:00,0,0.04
33.55,-114.95,2018-01-04 00:00:00,0,0.23142077
33.55,-114.85,2018-01-04 00:00:00,0,0.2103825
33.55,-114.74999,2018-01-04 00:00:00,0,0.19830601
33.55,-114.649994,2018-01-04 00:00:00,0,0.12622951
33.55,-114.549995,2018-01-04 00:00:00,0,0.020519126
33.55,-114.45,2018-01-04 00:00:00,0,0.0
33.55,-114.35,2018-01-04 00:00:00,0,0.0
33.55,-114.24999,2018-01-04 00:00:00,0,0.0
33.649998,-124.34999,2018-01-04 00:00:00,0,0.0
33.649998,-124.25,2018-01-04 00:00:00,0,0.0
33.649998,-124.149994,2018-01-04 00:00:00,0,0.0
33.649998,-124.049995,2018-01-04 00:00:00,0,0.0
33.649998,-123.95,2018-01-04 00:00:00,0,0.0
33.649998,-123.84999,2018-01-04 00:00:00,0,0.0
33.649998,-123.75,2018-01-04 00:00:00,0,0.0
33.649998,-123.649994,2018-01-04 00:00:00,0,0.0
33.649998,-123.549995,2018-01-04 00:00:00,0,0.0
33.649998,-123.45,2018-01-04 00:00:00,0,0.0
33.649998,-123.34999,2018-01-04 00:00:00,0,0.0
33.649998,-123.25,2018-01-04 00:00:00,0,0.0
33.649998,-123.149994,2018-01-04 00:00:00,0,0.0
33.649998,-123.049995,2018-01-04 00:00:00,0,0.0
33.649998,-122.95,2018-01-04 00:00:00,0,0.0
33.649998,-122.84999,2018-01-04 00:00:00,0,0.0
33.649998,-122.75,2018-01-04 00:00:00,0,0.0
33.649998,-122.649994,2018-01-04 00:00:00,0,0.0
33.649998,-122.549995,2018-01-04 00:00:00,0,0.0
33.649998,-122.45,2018-01-04 00:00:00,0,0.0
33.649998,-122.34999,2018-01-04 00:00:00,0,0.0
33.649998,-122.25,2018-01-04 00:00:00,0,0.0
33.649998,-122.149994,2018-01-04 00:00:00,0,0.0
33.649998,-122.049995,2018-01-04 00:00:00,0,0.0
33.649998,-121.95,2018-01-04 00:00:00,0,0.0
33.649998,-121.84999,2018-01-04 00:00:00,0,0.0
33.649998,-121.75,2018-01-04 00:00:00,0,0.0
33.649998,-121.649994,2018-01-04 00:00:00,0,0.0
33.649998,-121.549995,2018-01-04 00:00:00,0,0.0
33.649998,-121.45,2018-01-04 00:00:00,0,0.0
33.649998,-121.34999,2018-01-04 00:00:00,0,0.0
33.649998,-121.25,2018-01-04 00:00:00,0,0.0
33.649998,-121.149994,2018-01-04 00:00:00,0,0.0
33.649998,-121.049995,2018-01-04 00:00:00,0,0.0
33.649998,-120.95,2018-01-04 00:00:00,0,0.0
33.649998,-120.84999,2018-01-04 00:00:00,0,0.0
33.649998,-120.75,2018-01-04 00:00:00,0,0.0
33.649998,-120.649994,2018-01-04 00:00:00,0,0.0
33.649998,-120.549995,2018-01-04 00:00:00,0,0.0
33.649998,-120.45,2018-01-04 00:00:00,0,0.0
33.649998,-120.34999,2018-01-04 00:00:00,0,0.0
33.649998,-120.25,2018-01-04 00:00:00,0,0.0
33.649998,-120.149994,2018-01-04 00:00:00,0,0.0
33.649998,-120.049995,2018-01-04 00:00:00,0,0.0
33.649998,-119.95,2018-01-04 00:00:00,0,0.0
33.649998,-119.84999,2018-01-04 00:00:00,0,0.0
33.649998,-119.75,2018-01-04 00:00:00,0,0.0
33.649998,-119.649994,2018-01-04 00:00:00,0,0.0
33.649998,-119.549995,2018-01-04 00:00:00,0,0.0
33.649998,-119.45,2018-01-04 00:00:00,0,0.0
33.649998,-119.34999,2018-01-04 00:00:00,0,0.0
33.649998,-119.25,2018-01-04 00:00:00,0,0.0
33.649998,-119.149994,2018-01-04 00:00:00,0,0.0
33.649998,-119.049995,2018-01-04 00:00:00,0,0.0
33.649998,-118.95,2018-01-04 00:00:00,0,0.0
33.649998,-118.84999,2018-01-04 00:00:00,0,0.0
33.649998,-118.75,2018-01-04 00:00:00,0,0.0
33.649998,-118.649994,2018-01-04 00:00:00,0,0.0
33.649998,-118.549995,2018-01-04 00:00:00,0,0.0
33.649998,-118.45,2018-01-04 00:00:00,0,0.0
33.649998,-118.34999,2018-01-04 00:00:00,0,0.0
33.649998,-118.25,2018-01-04 00:00:00,0,0.0
33.649998,-118.149994,2018-01-04 00:00:00,0,0.0
33.649998,-118.049995,2018-01-04 00:00:00,0,0.0
33.649998,-117.95,2018-01-04 00:00:00,0,0.0
33.649998,-117.84999,2018-01-04 00:00:00,0,0.0
33.649998,-117.75,2018-01-04 00:00:00,0,0.0
33.649998,-117.649994,2018-01-04 00:00:00,0,0.0
33.649998,-117.549995,2018-01-04 00:00:00,0,0.0
33.649998,-117.45,2018-01-04 00:00:00,0,0.0
33.649998,-117.34999,2018-01-04 00:00:00,0,0.0
33.649998,-117.25,2018-01-04 00:00:00,0,0.19590679
33.649998,-117.149994,2018-01-04 00:00:00,0,0.1681407
33.649998,-117.049995,2018-01-04 00:00:00,0,0.14835408
33.649998,-116.95,2018-01-04 00:00:00,0,0.15827347
33.649998,-116.84999,2018-01-04 00:00:00,0,0.10642624
33.649998,-116.75,2018-01-04 00:00:00,0,0.059911456
33.649998,-116.649994,2018-01-04 00:00:00,0,0.030085184
33.649998,-116.549995,2018-01-04 00:00:00,0,0.01200217
33.649998,-116.45,2018-01-04 00:00:00,0,0.042521298
33.649998,-116.34999,2018-01-04 00:00:00,0,0.0
33.649998,-116.25,2018-01-04 00:00:00,0,0.0
33.649998,-116.149994,2018-01-04 00:00:00,0,0.0
33.649998,-116.049995,2018-01-04 00:00:00,0,0.002688722
33.649998,-115.95,2018-01-04 00:00:00,0,0.016782831
33.649998,-115.85,2018-01-04 00:00:00,0,0.14389426
33.649998,-115.74999,2018-01-04 00:00:00,0,0.28527525
33.649998,-115.649994,2018-01-04 00:00:00,0,0.327556
33.649998,-115.549995,2018-01-04 00:00:00,0,0.23300546
33.649998,-115.45,2018-01-04 00:00:00,0,0.0
33.649998,-115.35,2018-01-04 00:00:00,0,0.11777684
33.649998,-115.24999,2018-01-04 00:00:00,0,0.040340733
33.649998,-115.149994,2018-01-04 00:00:00,0,0.0
33.649998,-115.049995,2018-01-04 00:00:00,0,0.020170366
33.649998,-114.95,2018-01-04 00:00:00,0,0.0
33.649998,-114.85,2018-01-04 00:00:00,0,0.0105191255
33.649998,-114.74999,2018-01-04 00:00:00,0,0.20343378
33.649998,-114.649994,2018-01-04 00:00:00,0,0.25226775
33.649998,-114.549995,2018-01-04 00:00:00,0,0.14575298
33.649998,-114.45,2018-01-04 00:00:00,0,0.0
33.649998,-114.35,2018-01-04 00:00:00,0,0.0
33.649998,-114.24999,2018-01-04 00:00:00,0,0.0
33.750004,-124.34999,2018-01-04 00:00:00,0,0.0
33.750004,-124.25,2018-01-04 00:00:00,0,0.0
33.750004,-124.149994,2018-01-04 00:00:00,0,0.0
33.750004,-124.049995,2018-01-04 00:00:00,0,0.0
33.750004,-123.95,2018-01-04 00:00:00,0,0.0
33.750004,-123.84999,2018-01-04 00:00:00,0,0.0
33.750004,-123.75,2018-01-04 00:00:00,0,0.0
33.750004,-123.649994,2018-01-04 00:00:00,0,0.0
33.750004,-123.549995,2018-01-04 00:00:00,0,0.0
33.750004,-123.45,2018-01-04 00:00:00,0,0.0
33.750004,-123.34999,2018-01-04 00:00:00,0,0.0
33.750004,-123.25,2018-01-04 00:00:00,0,0.0
33.750004,-123.149994,2018-01-04 00:00:00,0,0.0
33.750004,-123.049995,2018-01-04 00:00:00,0,0.0
33.750004,-122.95,2018-01-04 00:00:00,0,0.0
33.750004,-122.84999,2018-01-04 00:00:00,0,0.0
33.750004,-122.75,2018-01-04 00:00:00,0,0.0
33.750004,-122.649994,2018-01-04 00:00:00,0,0.0
33.750004,-122.549995,2018-01-04 00:00:00,0,0.0
33.750004,-122.45,2018-01-04 00:00:00,0,0.0
33.750004,-122.34999,2018-01-04 00:00:00,0,0.0
33.750004,-122.25,2018-01-04 00:00:00,0,0.0
33.750004,-122.149994,2018-01-04 00:00:00,0,0.0
33.750004,-122.049995,2018-01-04 00:00:00,0,0.0
33.750004,-121.95,2018-01-04 00:00:00,0,0.0
33.750004,-121.84999,2018-01-04 00:00:00,0,0.0
33.750004,-121.75,2018-01-04 00:00:00,0,0.0
33.750004,-121.649994,2018-01-04 00:00:00,0,0.0
33.750004,-121.549995,2018-01-04 00:00:00,0,0.0
33.750004,-121.45,2018-01-04 00:00:00,0,0.0
33.750004,-121.34999,2018-01-04 00:00:00,0,0.0
33.750004,-121.25,2018-01-04 00:00:00,0,0.0
33.750004,-121.149994,2018-01-04 00:00:00,0,0.0
33.750004,-121.049995,2018-01-04 00:00:00,0,0.0
33.750004,-120.95,2018-01-04 00:00:00,0,0.0
33.750004,-120.84999,2018-01-04 00:00:00,0,0.0
33.750004,-120.75,2018-01-04 00:00:00,0,0.0
33.750004,-120.649994,2018-01-04 00:00:00,0,0.0
33.750004,-120.549995,2018-01-04 00:00:00,0,0.0
33.750004,-120.45,2018-01-04 00:00:00,0,0.0
33.750004,-120.34999,2018-01-04 00:00:00,0,0.0
33.750004,-120.25,2018-01-04 00:00:00,0,0.0
33.750004,-120.149994,2018-01-04 00:00:00,0,0.0
33.750004,-120.049995,2018-01-04 00:00:00,0,0.0
33.750004,-119.95,2018-01-04 00:00:00,0,0.0
33.750004,-119.84999,2018-01-04 00:00:00,0,0.0
33.750004,-119.75,2018-01-04 00:00:00,0,0.0
33.750004,-119.649994,2018-01-04 00:00:00,0,0.0
33.750004,-119.549995,2018-01-04 00:00:00,0,0.0
33.750004,-119.45,2018-01-04 00:00:00,0,0.0
33.750004,-119.34999,2018-01-04 00:00:00,0,0.0
33.750004,-119.25,2018-01-04 00:00:00,0,0.0
33.750004,-119.149994,2018-01-04 00:00:00,0,0.0
33.750004,-119.049995,2018-01-04 00:00:00,0,0.0
33.750004,-118.95,2018-01-04 00:00:00,0,0.0
33.750004,-118.84999,2018-01-04 00:00:00,0,0.0
33.750004,-118.75,2018-01-04 00:00:00,0,0.0
33.750004,-118.649994,2018-01-04 00:00:00,0,0.0
33.750004,-118.549995,2018-01-04 00:00:00,0,0.0
33.750004,-118.45,2018-01-04 00:00:00,0,0.0
33.750004,-118.34999,2018-01-04 00:00:00,0,0.0020147744
33.750004,-118.25,2018-01-04 00:00:00,0,0.0
33.750004,-118.149994,2018-01-04 00:00:00,0,0.0
33.750004,-118.049995,2018-01-04 00:00:00,0,0.0
33.750004,-117.95,2018-01-04 00:00:00,0,0.0
33.750004,-117.84999,2018-01-04 00:00:00,0,0.0
33.750004,-117.75,2018-01-04 00:00:00,0,0.0
33.750004,-117.649994,2018-01-04 00:00:00,0,0.0
33.750004,-117.549995,2018-01-04 00:00:00,0,0.0
33.750004,-117.45,2018-01-04 00:00:00,0,0.017583704
33.750004,-117.34999,2018-01-04 00:00:00,0,0.05140026
33.750004,-117.25,2018-01-04 00:00:00,0,0.1436852
33.750004,-117.149994,2018-01-04 00:00:00,0,0.14267336
33.750004,-117.049995,2018-01-04 00:00:00,0,0.33971193
33.750004,-116.95,2018-01-04 00:00:00,0,0.20313658
33.750004,-116.84999,2018-01-04 00:00:00,0,0.21063794
33.750004,-116.75,2018-01-04 00:00:00,0,0.07465489
33.750004,-116.649994,2018-01-04 00:00:00,0,0.037606478
33.750004,-116.549995,2018-01-04 00:00:00,0,0.01804042
33.750004,-116.45,2018-01-04 00:00:00,0,0.007521296
33.750004,-116.34999,2018-01-04 00:00:00,0,0.007521296
33.750004,-116.25,2018-01-04 00:00:00,0,0.0
33.750004,-116.149994,2018-01-04 00:00:00,0,0.0
33.750004,-116.049995,2018-01-04 00:00:00,0,0.00037584288
33.750004,-115.95,2018-01-04 00:00:00,0,0.0022984238
33.750004,-115.85,2018-01-04 00:00:00,0,0.047410253
33.750004,-115.74999,2018-01-04 00:00:00,0,0.00037739676
33.750004,-115.649994,2018-01-04 00:00:00,0,0.25575832
33.750004,-115.549995,2018-01-04 00:00:00,0,0.00011151546
33.750004,-115.45,2018-01-04 00:00:00,0,0.0
33.750004,-115.35,2018-01-04 00:00:00,0,0.04286203
33.750004,-115.24999,2018-01-04 00:00:00,0,0.0
33.750004,-115.149994,2018-01-04 00:00:00,0,0.0
33.750004,-115.049995,2018-01-04 00:00:00,0,0.0
33.750004,-114.95,2018-01-04 00:00:00,0,0.0
33.750004,-114.85,2018-01-04 00:00:00,0,0.28297812
33.750004,-114.74999,2018-01-04 00:00:00,0,0.40648302
33.750004,-114.649994,2018-01-04 00:00:00,0,0.7680951
33.750004,-114.549995,2018-01-04 00:00:00,0,0.25454637
33.750004,-114.45,2018-01-04 00:00:00,0,0.0
33.750004,-114.35,2018-01-04 00:00:00,0,0.0
33.750004,-114.24999,2018-01-04 00:00:00,0,0.0
33.850002,-124.34999,2018-01-04 00:00:00,0,0.0
33.850002,-124.25,2018-01-04 00:00:00,0,0.0
33.850002,-124.149994,2018-01-04 00:00:00,0,0.0
33.850002,-124.049995,2018-01-04 00:00:00,0,0.0
33.850002,-123.95,2018-01-04 00:00:00,0,0.0
33.850002,-123.84999,2018-01-04 00:00:00,0,0.0
33.850002,-123.75,2018-01-04 00:00:00,0,0.0
33.850002,-123.649994,2018-01-04 00:00:00,0,0.0
33.850002,-123.549995,2018-01-04 00:00:00,0,0.0
33.850002,-123.45,2018-01-04 00:00:00,0,0.0
33.850002,-123.34999,2018-01-04 00:00:00,0,0.0
33.850002,-123.25,2018-01-04 00:00:00,0,0.0
33.850002,-123.149994,2018-01-04 00:00:00,0,0.0
33.850002,-123.049995,2018-01-04 00:00:00,0,0.0
33.850002,-122.95,2018-01-04 00:00:00,0,0.0
33.850002,-122.84999,2018-01-04 00:00:00,0,0.0
33.850002,-122.75,2018-01-04 00:00:00,0,0.0
33.850002,-122.649994,2018-01-04 00:00:00,0,0.0
33.850002,-122.549995,2018-01-04 00:00:00,0,0.0
33.850002,-122.45,2018-01-04 00:00:00,0,0.0
33.850002,-122.34999,2018-01-04 00:00:00,0,0.0
33.850002,-122.25,2018-01-04 00:00:00,0,0.0
33.850002,-122.149994,2018-01-04 00:00:00,0,0.0
33.850002,-122.049995,2018-01-04 00:00:00,0,0.0
33.850002,-121.95,2018-01-04 00:00:00,0,0.0
33.850002,-121.84999,2018-01-04 00:00:00,0,0.0
33.850002,-121.75,2018-01-04 00:00:00,0,0.0
33.850002,-121.649994,2018-01-04 00:00:00,0,0.0
33.850002,-121.549995,2018-01-04 00:00:00,0,0.0
33.850002,-121.45,2018-01-04 00:00:00,0,0.0
33.850002,-121.34999,2018-01-04 00:00:00,0,0.0
33.850002,-121.25,2018-01-04 00:00:00,0,0.0
33.850002,-121.149994,2018-01-04 00:00:00,0,0.0
33.850002,-121.049995,2018-01-04 00:00:00,0,0.0
33.850002,-120.95,2018-01-04 00:00:00,0,0.0
33.850002,-120.84999,2018-01-04 00:00:00,0,0.0
33.850002,-120.75,2018-01-04 00:00:00,0,0.0
33.850002,-120.649994,2018-01-04 00:00:00,0,0.0
33.850002,-120.549995,2018-01-04 00:00:00,0,0.0
33.850002,-120.45,2018-01-04 00:00:00,0,0.0
33.850002,-120.34999,2018-01-04 00:00:00,0,0.0
33.850002,-120.25,2018-01-04 00:00:00,0,0.0
33.850002,-120.149994,2018-01-04 00:00:00,0,0.0
33.850002,-120.049995,2018-01-04 00:00:00,0,0.0
33.850002,-119.95,2018-01-04 00:00:00,0,0.0
33.850002,-119.84999,2018-01-04 00:00:00,0,0.0
33.850002,-119.75,2018-01-04 00:00:00,0,0.0
33.850002,-119.649994,2018-01-04 00:00:00,0,0.0
33.850002,-119.549995,2018-01-04 00:00:00,0,0.0
33.850002,-119.45,2018-01-04 00:00:00,0,0.0
33.850002,-119.34999,2018-01-04 00:00:00,0,0.0
33.850002,-119.25,2018-01-04 00:00:00,0,0.0
33.850002,-119.149994,2018-01-04 00:00:00,0,0.0
33.850002,-119.049995,2018-01-04 00:00:00,0,0.0
33.850002,-118.95,2018-01-04 00:00:00,0,0.0
33.850002,-118.84999,2018-01-04 00:00:00,0,0.0
33.850002,-118.75,2018-01-04 00:00:00,0,0.0
33.850002,-118.649994,2018-01-04 00:00:00,0,0.0
33.850002,-118.549995,2018-01-04 00:00:00,0,0.0
33.850002,-118.45,2018-01-04 00:00:00,0,0.0
33.850002,-118.34999,2018-01-04 00:00:00,0,0.005783056
33.850002,-118.25,2018-01-04 00:00:00,0,0.005069079
33.850002,-118.149994,2018-01-04 00:00:00,0,0.0054722126
33.850002,-118.049995,2018-01-04 00:00:00,0,0.0026996874
33.850002,-117.95,2018-01-04 00:00:00,0,0.00082023395
33.850002,-117.84999,2018-01-04 00:00:00,0,0.004478741
33.850002,-117.75,2018-01-04 00:00:00,0,0.021768842
33.850002,-117.649994,2018-01-04 00:00:00,0,0.021285009
33.850002,-117.549995,2018-01-04 00:00:00,0,0.02983295
33.850002,-117.45,2018-01-04 00:00:00,0,0.04191239
33.850002,-117.34999,2018-01-04 00:00:00,0,0.16976663
33.850002,-117.25,2018-01-04 00:00:00,0,0.16452259
33.850002,-117.149994,2018-01-04 00:00:00,0,0.18348627
33.850002,-117.049995,2018-01-04 00:00:00,0,0.13527817
33.850002,-116.95,2018-01-04 00:00:00,0,0.11879237
33.850002,-116.84999,2018-01-04 00:00:00,0,0.07567035
33.850002,-116.75,2018-01-04 00:00:00,0,0.0625824
33.850002,-116.649994,2018-01-04 00:00:00,0,0.020096323
33.850002,-116.549995,2018-01-04 00:00:00,0,0.03230678
33.850002,-116.45,2018-01-04 00:00:00,0,0.00070744817
33.850002,-116.34999,2018-01-04 00:00:00,0,0.0
33.850002,-116.25,2018-01-04 00:00:00,0,0.024303423
33.850002,-116.149994,2018-01-04 00:00:00,0,0.024303423
33.850002,-116.049995,2018-01-04 00:00:00,0,0.0
33.850002,-115.95,2018-01-04 00:00:00,0,0.04670193
33.850002,-115.85,2018-01-04 00:00:00,0,0.0038108546
33.850002,-115.74999,2018-01-04 00:00:00,0,0.00011151546
33.850002,-115.649994,2018-01-04 00:00:00,0,0.00030666753
33.850002,-115.549995,2018-01-04 00:00:00,0,0.0
33.850002,-115.45,2018-01-04 00:00:00,0,0.0
33.850002,-115.35,2018-01-04 00:00:00,0,0.0
33.850002,-115.24999,2018-01-04 00:00:00,0,0.0
33.850002,-115.149994,2018-01-04 00:00:00,0,0.0
33.850002,-115.049995,2018-01-04 00:00:00,0,0.0
33.850002,-114.95,2018-01-04 00:00:00,0,0.31557375
33.850002,-114.85,2018-01-04 00:00:00,0,0.33505464
33.850002,-114.74999,2018-01-04 00:00:00,0,0.77640104
33.850002,-114.649994,2018-01-04 00:00:00,0,0.86100084
33.850002,-114.549995,2018-01-04 00:00:00,0,0.44278893
33.850002,-114.45,2018-01-04 00:00:00,0,0.0
33.850002,-114.35,2018-01-04 00:00:00,0,0.0
33.850002,-114.24999,2018-01-04 00:00:00,0,0.0
33.95,-124.34999,2018-01-04 00:00:00,0,0.0
33.95,-124.25,2018-01-04 00:00:00,0,0.0
33.95,-124.149994,2018-01-04 00:00:00,0,0.0
33.95,-124.049995,2018-01-04 00:00:00,0,0.0
33.95,-123.95,2018-01-04 00:00:00,0,0.0
33.95,-123.84999,2018-01-04 00:00:00,0,0.0
33.95,-123.75,2018-01-04 00:00:00,0,0.0
33.95,-123.649994,2018-01-04 00:00:00,0,0.0
33.95,-123.549995,2018-01-04 00:00:00,0,0.0
33.95,-123.45,2018-01-04 00:00:00,0,0.0
33.95,-123.34999,2018-01-04 00:00:00,0,0.0
33.95,-123.25,2018-01-04 00:00:00,0,0.0
33.95,-123.149994,2018-01-04 00:00:00,0,0.0
33.95,-123.049995,2018-01-04 00:00:00,0,0.0
33.95,-122.95,2018-01-04 00:00:00,0,0.0
33.95,-122.84999,2018-01-04 00:00:00,0,0.0
33.95,-122.75,2018-01-04 00:00:00,0,0.0
33.95,-122.649994,2018-01-04 00:00:00,0,0.0
33.95,-122.549995,2018-01-04 00:00:00,0,0.0
33.95,-122.45,2018-01-04 00:00:00,0,0.0
33.95,-122.34999,2018-01-04 00:00:00,0,0.0
33.95,-122.25,2018-01-04 00:00:00,0,0.0
33.95,-122.149994,2018-01-04 00:00:00,0,0.0
33.95,-122.049995,2018-01-04 00:00:00,0,0.0
33.95,-121.95,2018-01-04 00:00:00,0,0.0
33.95,-121.84999,2018-01-04 00:00:00,0,0.0
33.95,-121.75,2018-01-04 00:00:00,0,0.0
33.95,-121.649994,2018-01-04 00:00:00,0,0.0
33.95,-121.549995,2018-01-04 00:00:00,0,0.0
33.95,-121.45,2018-01-04 00:00:00,0,0.0
33.95,-121.34999,2018-01-04 00:00:00,0,0.0
33.95,-121.25,2018-01-04 00:00:00,0,0.0
33.95,-121.149994,2018-01-04 00:00:00,0,0.0
33.95,-121.049995,2018-01-04 00:00:00,0,0.0
33.95,-120.95,2018-01-04 00:00:00,0,0.0
33.95,-120.84999,2018-01-04 00:00:00,0,0.0
33.95,-120.75,2018-01-04 00:00:00,0,0.0
33.95,-120.649994,2018-01-04 00:00:00,0,0.0
33.95,-120.549995,2018-01-04 00:00:00,0,0.0
33.95,-120.45,2018-01-04 00:00:00,0,0.0
33.95,-120.34999,2018-01-04 00:00:00,0,0.0
33.95,-120.25,2018-01-04 00:00:00,0,0.0
33.95,-120.149994,2018-01-04 00:00:00,0,5.4590487
33.95,-120.049995,2018-01-04 00:00:00,0,7.7916827
33.95,-119.95,2018-01-04 00:00:00,0,0.0
33.95,-119.84999,2018-01-04 00:00:00,0,0.0
33.95,-119.75,2018-01-04 00:00:00,0,0.0
33.95,-119.649994,2018-01-04 00:00:00,0,0.0
33.95,-119.549995,2018-01-04 00:00:00,0,0.0
33.95,-119.45,2018-01-04 00:00:00,0,0.0
33.95,-119.34999,2018-01-04 00:00:00,0,0.0
33.95,-119.25,2018-01-04 00:00:00,0,0.0
33.95,-119.149994,2018-01-04 00:00:00,0,0.0
33.95,-119.049995,2018-01-04 00:00:00,0,0.0
33.95,-118.95,2018-01-04 00:00:00,0,0.0
33.95,-118.84999,2018-01-04 00:00:00,0,0.0
33.95,-118.75,2018-01-04 00:00:00,0,0.0
33.95,-118.649994,2018-01-04 00:00:00,0,0.0
33.95,-118.549995,2018-01-04 00:00:00,0,0.0
33.95,-118.45,2018-01-04 00:00:00,0,0.0
33.95,-118.34999,2018-01-04 00:00:00,0,0.0013641702
33.95,-118.25,2018-01-04 00:00:00,0,0.01662995
33.95,-118.149994,2018-01-04 00:00:00,0,0.017458944
33.95,-118.049995,2018-01-04 00:00:00,0,0.00084998296
33.95,-117.95,2018-01-04 00:00:00,0,0.0
33.95,-117.84999,2018-01-04 00:00:00,0,0.0
33.95,-117.75,2018-01-04 00:00:00,0,0.0007782595
33.95,-117.649994,2018-01-04 00:00:00,0,0.0013657031
33.95,-117.549995,2018-01-04 00:00:00,0,0.0018964647
33.95,-117.45,2018-01-04 00:00:00,0,0.0100477785
33.95,-117.34999,2018-01-04 00:00:00,0,0.049000934
33.95,-117.25,2018-01-04 00:00:00,0,0.029854268
33.95,-117.149994,2018-01-04 00:00:00,0,0.01804042
33.95,-117.049995,2018-01-04 00:00:00,0,0.021038251
33.95,-116.95,2018-01-04 00:00:00,0,0.038966093
33.95,-116.84999,2018-01-04 00:00:00,0,0.06740145
33.95,-116.75,2018-01-04 00:00:00,0,0.013190071
33.95,-116.649994,2018-01-04 00:00:00,0,0.0125750275
33.95,-116.549995,2018-01-04 00:00:00,0,0.10304043
33.95,-116.45,2018-01-04 00:00:00,0,0.015915051
33.95,-116.34999,2018-01-04 00:00:00,0,0.091157116
33.95,-116.25,2018-01-04 00:00:00,0,0.11553174
33.95,-116.149994,2018-01-04 00:00:00,0,0.39494467
33.95,-116.049995,2018-01-04 00:00:00,0,0.35425487
33.95,-115.95,2018-01-04 00:00:00,0,0.3673121
33.95,-115.85,2018-01-04 00:00:00,0,0.030085184
33.95,-115.74999,2018-01-04 00:00:00,0,0.0
33.95,-115.649994,2018-01-04 00:00:00,0,2.7878865e-05
33.95,-115.549995,2018-01-04 00:00:00,0,0.0
33.95,-115.45,2018-01-04 00:00:00,0,0.0
33.95,-115.35,2018-01-04 00:00:00,0,0.0
33.95,-115.24999,2018-01-04 00:00:00,0,0.0
33.95,-115.149994,2018-01-04 00:00:00,0,0.0
33.95,-115.049995,2018-01-04 00:00:00,0,0.013110292
33.95,-114.95,2018-01-04 00:00:00,0,0.37076056
33.95,-114.85,2018-01-04 00:00:00,0,0.3516546
33.95,-114.74999,2018-01-04 00:00:00,0,0.015042592
33.95,-114.649994,2018-01-04 00:00:00,0,0.28580925
33.95,-114.549995,2018-01-04 00:00:00,0,0.19855154
33.95,-114.45,2018-01-04 00:00:00,0,0.0
33.95,-114.35,2018-01-04 00:00:00,0,0.0
33.95,-114.24999,2018-01-04 00:00:00,0,0.0
34.05,-124.34999,2018-01-04 00:00:00,0,0.0
34.05,-124.25,2018-01-04 00:00:00,0,0.0
34.05,-124.149994,2018-01-04 00:00:00,0,0.0
34.05,-124.049995,2018-01-04 00:00:00,0,0.0
34.05,-123.95,2018-01-04 00:00:00,0,0.0
34.05,-123.84999,2018-01-04 00:00:00,0,0.0
34.05,-123.75,2018-01-04 00:00:00,0,0.0
34.05,-123.649994,2018-01-04 00:00:00,0,0.0
34.05,-123.549995,2018-01-04 00:00:00,0,0.0
34.05,-123.45,2018-01-04 00:00:00,0,0.0
34.05,-123.34999,2018-01-04 00:00:00,0,0.0
34.05,-123.25,2018-01-04 00:00:00,0,0.0
34.05,-123.149994,2018-01-04 00:00:00,0,0.0
34.05,-123.049995,2018-01-04 00:00:00,0,0.0
34.05,-122.95,2018-01-04 00:00:00,0,0.0
34.05,-122.84999,2018-01-04 00:00:00,0,0.0
34.05,-122.75,2018-01-04 00:00:00,0,0.0
34.05,-122.649994,2018-01-04 00:00:00,0,0.0
34.05,-122.549995,2018-01-04 00:00:00,0,0.0
34.05,-122.45,2018-01-04 00:00:00,0,0.0
34.05,-122.34999,2018-01-04 00:00:00,0,0.0
34.05,-122.25,2018-01-04 00:00:00,0,0.0
34.05,-122.149994,2018-01-04 00:00:00,0,0.0
34.05,-122.049995,2018-01-04 00:00:00,0,0.0
34.05,-121.95,2018-01-04 00:00:00,0,0.0
34.05,-121.84999,2018-01-04 00:00:00,0,0.0
34.05,-121.75,2018-01-04 00:00:00,0,0.0
34.05,-121.649994,2018-01-04 00:00:00,0,0.0
34.05,-121.549995,2018-01-04 00:00:00,0,0.0
34.05,-121.45,2018-01-04 00:00:00,0,0.0
34.05,-121.34999,2018-01-04 00:00:00,0,0.0
34.05,-121.25,2018-01-04 00:00:00,0,0.0
34.05,-121.149994,2018-01-04 00:00:00,0,0.0
34.05,-121.049995,2018-01-04 00:00:00,0,0.0
34.05,-120.95,2018-01-04 00:00:00,0,0.0
34.05,-120.84999,2018-01-04 00:00:00,0,0.0
34.05,-120.75,2018-01-04 00:00:00,0,0.0
34.05,-120.649994,2018-01-04 00:00:00,0,0.0
34.05,-120.549995,2018-01-04 00:00:00,0,0.0
34.05,-120.45,2018-01-04 00:00:00,0,0.0
34.05,-120.34999,2018-01-04 00:00:00,0,0.0
34.05,-120.25,2018-01-04 00:00:00,0,0.0
34.05,-120.149994,2018-01-04 00:00:00,0,0.0
34.05,-120.049995,2018-01-04 00:00:00,0,0.0
34.05,-119.95,2018-01-04 00:00:00,0,0.0
34.05,-119.84999,2018-01-04 00:00:00,0,22.846891
34.05,-119.75,2018-01-04 00:00:00,0,5.088597
34.05,-119.649994,2018-01-04 00:00:00,0,0.0
34.05,-119.549995,2018-01-04 00:00:00,0,0.0
34.05,-119.45,2018-01-04 00:00:00,0,0.0
34.05,-119.34999,2018-01-04 00:00:00,0,0.0
34.05,-119.25,2018-01-04 00:00:00,0,0.0
34.05,-119.149994,2018-01-04 00:00:00,0,0.0
34.05,-119.049995,2018-01-04 00:00:00,0,0.0
34.05,-118.95,2018-01-04 00:00:00,0,0.013183659
34.05,-118.84999,2018-01-04 00:00:00,0,0.012335121
34.05,-118.75,2018-01-04 00:00:00,0,0.016236532
34.05,-118.649994,2018-01-04 00:00:00,0,0.029511072
34.05,-118.549995,2018-01-04 00:00:00,0,0.014218852
34.05,-118.45,2018-01-04 00:00:00,0,0.0077547827
34.05,-118.34999,2018-01-04 00:00:00,0,0.0016684852
34.05,-118.25,2018-01-04 00:00:00,0,0.0018783575
34.05,-118.149994,2018-01-04 00:00:00,0,0.022149453
34.05,-118.049995,2018-01-04 00:00:00,0,0.019924806
34.05,-117.95,2018-01-04 00:00:00,0,0.0
34.05,-117.84999,2018-01-04 00:00:00,0,0.0007782595
34.05,-117.75,2018-01-04 00:00:00,0,0.0013657031
34.05,-117.649994,2018-01-04 00:00:00,0,0.0026747242
34.05,-117.549995,2018-01-04 00:00:00,0,0.03550579
34.05,-117.45,2018-01-04 00:00:00,0,0.062987536
34.05,-117.34999,2018-01-04 00:00:00,0,0.07291351
34.05,-117.25,2018-01-04 00:00:00,0,0.029557038
34.05,-117.149994,2018-01-04 00:00:00,0,0.014560975
34.05,-117.049995,2018-01-04 00:00:00,0,0.0155541375
34.05,-116.95,2018-01-04 00:00:00,0,0.015571837
34.05,-116.84999,2018-01-04 00:00:00,0,0.031557377
34.05,-116.75,2018-01-04 00:00:00,0,0.03482255
34.05,-116.649994,2018-01-04 00:00:00,0,0.037301254
34.05,-116.549995,2018-01-04 00:00:00,0,0.2295209
34.05,-116.45,2018-01-04 00:00:00,0,0.11744416
34.05,-116.34999,2018-01-04 00:00:00,0,0.15662682
34.05,-116.25,2018-01-04 00:00:00,0,0.24586281
34.05,-116.149994,2018-01-04 00:00:00,0,0.185429
34.05,-116.049995,2018-01-04 00:00:00,0,0.34898633
34.05,-115.95,2018-01-04 00:00:00,0,0.10659157
34.05,-115.85,2018-01-04 00:00:00,0,0.008049623
34.05,-115.74999,2018-01-04 00:00:00,0,0.005882914
34.05,-115.649994,2018-01-04 00:00:00,0,0.0039194166
34.05,-115.549995,2018-01-04 00:00:00,0,0.001863515
34.05,-115.45,2018-01-04 00:00:00,0,0.013817741
34.05,-115.35,2018-01-04 00:00:00,0,0.013110292
34.05,-115.24999,2018-01-04 00:00:00,0,0.0
34.05,-115.149994,2018-01-04 00:00:00,0,0.0105191255
34.05,-115.049995,2018-01-04 00:00:00,0,0.023629418
34.05,-114.95,2018-01-04 00:00:00,0,0.013110292
34.05,-114.85,2018-01-04 00:00:00,0,0.3786885
34.05,-114.74999,2018-01-04 00:00:00,0,0.0
34.05,-114.649994,2018-01-04 00:00:00,0,0.0
34.05,-114.549995,2018-01-04 00:00:00,0,0.0
34.05,-114.45,2018-01-04 00:00:00,0,0.0105191255
34.05,-114.35,2018-01-04 00:00:00,0,0.0
34.05,-114.24999,2018-01-04 00:00:00,0,0.0
34.149998,-124.34999,2018-01-04 00:00:00,0,0.0
34.149998,-124.25,2018-01-04 00:00:00,0,0.0
34.149998,-124.149994,2018-01-04 00:00:00,0,0.0
34.149998,-124.049995,2018-01-04 00:00:00,0,0.0
34.149998,-123.95,2018-01-04 00:00:00,0,0.0
34.149998,-123.84999,2018-01-04 00:00:00,0,0.0
34.149998,-123.75,2018-01-04 00:00:00,0,0.0
34.149998,-123.649994,2018-01-04 00:00:00,0,0.0
34.149998,-123.549995,2018-01-04 00:00:00,0,0.0
34.149998,-123.45,2018-01-04 00:00:00,0,0.0
34.149998,-123.34999,2018-01-04 00:00:00,0,0.0
34.149998,-123.25,2018-01-04 00:00:00,0,0.0
34.149998,-123.149994,2018-01-04 00:00:00,0,0.0
34.149998,-123.049995,2018-01-04 00:00:00,0,0.0
34.149998,-122.95,2018-01-04 00:00:00,0,0.0
34.149998,-122.84999,2018-01-04 00:00:00,0,0.0
34.149998,-122.75,2018-01-04 00:00:00,0,0.0
34.149998,-122.649994,2018-01-04 00:00:00,0,0.0
34.149998,-122.549995,2018-01-04 00:00:00,0,0.0
34.149998,-122.45,2018-01-04 00:00:00,0,0.0
34.149998,-122.34999,2018-01-04 00:00:00,0,0.0
34.149998,-122.25,2018-01-04 00:00:00,0,0.0
34.149998,-122.149994,2018-01-04 00:00:00,0,0.0
34.149998,-122.049995,2018-01-04 00:00:00,0,0.0
34.149998,-121.95,2018-01-04 00:00:00,0,0.0
34.149998,-121.84999,2018-01-04 00:00:00,0,0.0
34.149998,-121.75,2018-01-04 00:00:00,0,0.0
34.149998,-121.649994,2018-01-04 00:00:00,0,0.0
34.149998,-121.549995,2018-01-04 00:00:00,0,0.0
34.149998,-121.45,2018-01-04 00:00:00,0,0.0
34.149998,-121.34999,2018-01-04 00:00:00,0,0.0
34.149998,-121.25,2018-01-04 00:00:00,0,0.0
34.149998,-121.149994,2018-01-04 00:00:00,0,0.0
34.149998,-121.049995,2018-01-04 00:00:00,0,0.0
34.149998,-120.95,2018-01-04 00:00:00,0,0.0
34.149998,-120.84999,2018-01-04 00:00:00,0,0.0
34.149998,-120.75,2018-01-04 00:00:00,0,0.0
34.149998,-120.649994,2018-01-04 00:00:00,0,0.0
34.149998,-120.549995,2018-01-04 00:00:00,0,0.0
34.149998,-120.45,2018-01-04 00:00:00,0,0.0
34.149998,-120.34999,2018-01-04 00:00:00,0,0.0
34.149998,-120.25,2018-01-04 00:00:00,0,0.0
34.149998,-120.149994,2018-01-04 00:00:00,0,0.0
34.149998,-120.049995,2018-01-04 00:00:00,0,0.0
34.149998,-119.95,2018-01-04 00:00:00,0,0.0
34.149998,-119.84999,2018-01-04 00:00:00,0,0.0
34.149998,-119.75,2018-01-04 00:00:00,0,0.0
34.149998,-119.649994,2018-01-04 00:00:00,0,0.0
34.149998,-119.549995,2018-01-04 00:00:00,0,0.0
34.149998,-119.45,2018-01-04 00:00:00,0,0.0
34.149998,-119.34999,2018-01-04 00:00:00,0,0.0
34.149998,-119.25,2018-01-04 00:00:00,0,0.0
34.149998,-119.149994,2018-01-04 00:00:00,0,0.022990253
34.149998,-119.049995,2018-01-04 00:00:00,0,0.010705371
34.149998,-118.95,2018-01-04 00:00:00,0,0.00038179374
34.149998,-118.84999,2018-01-04 00:00:00,0,0.004279473
34.149998,-118.75,2018-01-04 00:00:00,0,0.016208053
34.149998,-118.649994,2018-01-04 00:00:00,0,0.030820202
34.149998,-118.549995,2018-01-04 00:00:00,0,0.019339738
34.149998,-118.45,2018-01-04 00:00:00,0,0.010944842
34.149998,-118.34999,2018-01-04 00:00:00,0,0.0022141533
34.149998,-118.25,2018-01-04 00:00:00,0,0.002130204
34.149998,-118.149994,2018-01-04 00:00:00,0,0.021855632
34.149998,-118.049995,2018-01-04 00:00:00,0,0.018151386
34.149998,-117.95,2018-01-04 00:00:00,0,0.0
34.149998,-117.84999,2018-01-04 00:00:00,0,0.0
34.149998,-117.75,2018-01-04 00:00:00,0,0.0105191255
34.149998,-117.649994,2018-01-04 00:00:00,0,0.021038251
34.149998,-117.549995,2018-01-04 00:00:00,0,0.0105191255
34.149998,-117.45,2018-01-04 00:00:00,0,0.0105191255
34.149998,-117.34999,2018-01-04 00:00:00,0,0.0007782595
34.149998,-117.25,2018-01-04 00:00:00,0,0.0014824088
34.149998,-117.149994,2018-01-04 00:00:00,0,0.0027017351
34.149998,-117.049995,2018-01-04 00:00:00,0,0.013300236
34.149998,-116.95,2018-01-04 00:00:00,0,0.0038117187
34.149998,-116.84999,2018-01-04 00:00:00,0,0.0066800416
34.149998,-116.75,2018-01-04 00:00:00,0,0.13322309
34.149998,-116.649994,2018-01-04 00:00:00,0,0.21342446
34.149998,-116.549995,2018-01-04 00:00:00,0,0.43156722
34.149998,-116.45,2018-01-04 00:00:00,0,0.37067044
34.149998,-116.34999,2018-01-04 00:00:00,0,0.3837346
34.149998,-116.25,2018-01-04 00:00:00,0,0.5631505
34.149998,-116.149994,2018-01-04 00:00:00,0,0.40416193
34.149998,-116.049995,2018-01-04 00:00:00,0,0.20974493
34.149998,-115.95,2018-01-04 00:00:00,0,0.08155081
34.149998,-115.85,2018-01-04 00:00:00,0,0.0469258
34.149998,-115.74999,2018-01-04 00:00:00,0,0.031617753
34.149998,-115.649994,2018-01-04 00:00:00,0,0.05989523
34.149998,-115.549995,2018-01-04 00:00:00,0,0.055270962
34.149998,-115.45,2018-01-04 00:00:00,0,0.013110292
34.149998,-115.35,2018-01-04 00:00:00,0,0.023629418
34.149998,-115.24999,2018-01-04 00:00:00,0,0.0
34.149998,-115.149994,2018-01-04 00:00:00,0,0.0
34.149998,-115.049995,2018-01-04 00:00:00,0,0.0
34.149998,-114.95,2018-01-04 00:00:00,0,0.0
34.149998,-114.85,2018-01-04 00:00:00,0,0.0
34.149998,-114.74999,2018-01-04 00:00:00,0,0.0
34.149998,-114.649994,2018-01-04 00:00:00,0,0.0
34.149998,-114.549995,2018-01-04 00:00:00,0,0.0
34.149998,-114.45,2018-01-04 00:00:00,0,0.0
34.149998,-114.35,2018-01-04 00:00:00,0,0.0
34.149998,-114.24999,2018-01-04 00:00:00,0,0.0
34.250004,-124.34999,2018-01-04 00:00:00,0,0.0
34.250004,-124.25,2018-01-04 00:00:00,0,0.0
34.250004,-124.149994,2018-01-04 00:00:00,0,0.0
34.250004,-124.049995,2018-01-04 00:00:00,0,0.0
34.250004,-123.95,2018-01-04 00:00:00,0,0.0
34.250004,-123.84999,2018-01-04 00:00:00,0,0.0
34.250004,-123.75,2018-01-04 00:00:00,0,0.0
34.250004,-123.649994,2018-01-04 00:00:00,0,0.0
34.250004,-123.549995,2018-01-04 00:00:00,0,0.0
34.250004,-123.45,2018-01-04 00:00:00,0,0.0
34.250004,-123.34999,2018-01-04 00:00:00,0,0.0
34.250004,-123.25,2018-01-04 00:00:00,0,0.0
34.250004,-123.149994,2018-01-04 00:00:00,0,0.0
34.250004,-123.049995,2018-01-04 00:00:00,0,0.0
34.250004,-122.95,2018-01-04 00:00:00,0,0.0
34.250004,-122.84999,2018-01-04 00:00:00,0,0.0
34.250004,-122.75,2018-01-04 00:00:00,0,0.0
34.250004,-122.649994,2018-01-04 00:00:00,0,0.0
34.250004,-122.549995,2018-01-04 00:00:00,0,0.0
34.250004,-122.45,2018-01-04 00:00:00,0,0.0
34.250004,-122.34999,2018-01-04 00:00:00,0,0.0
34.250004,-122.25,2018-01-04 00:00:00,0,0.0
34.250004,-122.149994,2018-01-04 00:00:00,0,0.0
34.250004,-122.049995,2018-01-04 00:00:00,0,0.0
34.250004,-121.95,2018-01-04 00:00:00,0,0.0
34.250004,-121.84999,2018-01-04 00:00:00,0,0.0
34.250004,-121.75,2018-01-04 00:00:00,0,0.0
34.250004,-121.649994,2018-01-04 00:00:00,0,0.0
34.250004,-121.549995,2018-01-04 00:00:00,0,0.0
34.250004,-121.45,2018-01-04 00:00:00,0,0.0
34.250004,-121.34999,2018-01-04 00:00:00,0,0.0
34.250004,-121.25,2018-01-04 00:00:00,0,0.0
34.250004,-121.149994,2018-01-04 00:00:00,0,0.0
34.250004,-121.049995,2018-01-04 00:00:00,0,0.0
34.250004,-120.95,2018-01-04 00:00:00,0,0.0
34.250004,-120.84999,2018-01-04 00:00:00,0,0.0
34.250004,-120.75,2018-01-04 00:00:00,0,0.0
34.250004,-120.649994,2018-01-04 00:00:00,0,0.0
34.250004,-120.549995,2018-01-04 00:00:00,0,0.0
34.250004,-120.45,2018-01-04 00:00:00,0,0.0
34.250004,-120.34999,2018-01-04 00:00:00,0,0.0
34.250004,-120.25,2018-01-04 00:00:00,0,0.0
34.250004,-120.149994,2018-01-04 00:00:00,0,0.0
34.250004,-120.049995,2018-01-04 00:00:00,0,0.0
34.250004,-119.95,2018-01-04 00:00:00,0,0.0
34.250004,-119.84999,2018-01-04 00:00:00,0,0.0
34.250004,-119.75,2018-01-04 00:00:00,0,0.0
34.250004,-119.649994,2018-01-04 00:00:00,0,0.0
34.250004,-119.549995,2018-01-04 00:00:00,0,0.0
34.250004,-119.45,2018-01-04 00:00:00,0,0.0
34.250004,-119.34999,2018-01-04 00:00:00,0,0.0
34.250004,-119.25,2018-01-04 00:00:00,0,0.0022487377
34.250004,-119.149994,2018-01-04 00:00:00,0,0.0
34.250004,-119.049995,2018-01-04 00:00:00,0,0.0
34.250004,-118.95,2018-01-04 00:00:00,0,0.00017415057
34.250004,-118.84999,2018-01-04 00:00:00,0,0.0027628192
34.250004,-118.75,2018-01-04 00:00:00,0,0.014698772
34.250004,-118.649994,2018-01-04 00:00:00,0,0.018406233
34.250004,-118.549995,2018-01-04 00:00:00,0,0.0116479155
34.250004,-118.45,2018-01-04 00:00:00,0,0.0067369025
34.250004,-118.34999,2018-01-04 00:00:00,0,0.0013746638
34.250004,-118.25,2018-01-04 00:00:00,0,0.0006191234
34.250004,-118.149994,2018-01-04 00:00:00,0,0.001259234
34.250004,-118.049995,2018-01-04 00:00:00,0,0.0
34.250004,-117.95,2018-01-04 00:00:00,0,0.0
34.250004,-117.84999,2018-01-04 00:00:00,0,0.0
34.250004,-117.75,2018-01-04 00:00:00,0,0.0074650673
34.250004,-117.649994,2018-01-04 00:00:00,0,0.005
34.250004,-117.549995,2018-01-04 00:00:00,0,0.032381564
34.250004,-117.45,2018-01-04 00:00:00,0,0.04986027
34.250004,-117.34999,2018-01-04 00:00:00,0,0.08980572
34.250004,-117.25,2018-01-04 00:00:00,0,0.057666957
34.250004,-117.149994,2018-01-04 00:00:00,0,0.040707372
34.250004,-117.049995,2018-01-04 00:00:00,0,0.0128714135
34.250004,-116.95,2018-01-04 00:00:00,0,0.010453947
34.250004,-116.84999,2018-01-04 00:00:00,0,0.23072137
34.250004,-116.75,2018-01-04 00:00:00,0,0.113646574
34.250004,-116.649994,2018-01-04 00:00:00,0,0.27872333
34.250004,-116.549995,2018-01-04 00:00:00,0,0.550941
34.250004,-116.45,2018-01-04 00:00:00,0,0.6496376
34.250004,-116.34999,2018-01-04 00:00:00,0,0.70220435
34.250004,-116.25,2018-01-04 00:00:00,0,0.54391277
34.250004,-116.149994,2018-01-04 00:00:00,0,0.5860967
34.250004,-116.049995,2018-01-04 00:00:00,0,0.24218105
34.250004,-115.95,2018-01-04 00:00:00,0,0.10248166
34.250004,-115.85,2018-01-04 00:00:00,0,0.061840862
34.250004,-115.74999,2018-01-04 00:00:00,0,0.054731384
34.250004,-115.649994,2018-01-04 00:00:00,0,0.088406324
34.250004,-115.549995,2018-01-04 00:00:00,0,0.09957449
34.250004,-115.45,2018-01-04 00:00:00,0,0.028276486
34.250004,-115.35,2018-01-04 00:00:00,0,0.027376652
34.250004,-115.24999,2018-01-04 00:00:00,0,0.00070744817
34.250004,-115.149994,2018-01-04 00:00:00,0,0.013110292
34.250004,-115.049995,2018-01-04 00:00:00,0,0.013110292
34.250004,-114.95,2018-01-04 00:00:00,0,0.0
34.250004,-114.85,2018-01-04 00:00:00,0,0.0
34.250004,-114.74999,2018-01-04 00:00:00,0,0.0
34.250004,-114.649994,2018-01-04 00:00:00,0,0.0
34.250004,-114.549995,2018-01-04 00:00:00,0,0.0
34.250004,-114.45,2018-01-04 00:00:00,0,0.0
34.250004,-114.35,2018-01-04 00:00:00,0,0.0105191255
34.250004,-114.24999,2018-01-04 00:00:00,0,0.021038251
34.350002,-124.34999,2018-01-04 00:00:00,0,0.0
34.350002,-124.25,2018-01-04 00:00:00,0,0.0
34.350002,-124.149994,2018-01-04 00:00:00,0,0.0
34.350002,-124.049995,2018-01-04 00:00:00,0,0.0
34.350002,-123.95,2018-01-04 00:00:00,0,0.0
34.350002,-123.84999,2018-01-04 00:00:00,0,0.0
34.350002,-123.75,2018-01-04 00:00:00,0,0.0
34.350002,-123.649994,2018-01-04 00:00:00,0,0.0
34.350002,-123.549995,2018-01-04 00:00:00,0,0.0
34.350002,-123.45,2018-01-04 00:00:00,0,0.0
34.350002,-123.34999,2018-01-04 00:00:00,0,0.0
34.350002,-123.25,2018-01-04 00:00:00,0,0.0
34.350002,-123.149994,2018-01-04 00:00:00,0,0.0
34.350002,-123.049995,2018-01-04 00:00:00,0,0.0
34.350002,-122.95,2018-01-04 00:00:00,0,0.0
34.350002,-122.84999,2018-01-04 00:00:00,0,0.0
34.350002,-122.75,2018-01-04 00:00:00,0,0.0
34.350002,-122.649994,2018-01-04 00:00:00,0,0.0
34.350002,-122.549995,2018-01-04 00:00:00,0,0.0
34.350002,-122.45,2018-01-04 00:00:00,0,0.0
34.350002,-122.34999,2018-01-04 00:00:00,0,0.0
34.350002,-122.25,2018-01-04 00:00:00,0,0.0
34.350002,-122.149994,2018-01-04 00:00:00,0,0.0
34.350002,-122.049995,2018-01-04 00:00:00,0,0.0
34.350002,-121.95,2018-01-04 00:00:00,0,0.0
34.350002,-121.84999,2018-01-04 00:00:00,0,0.0
34.350002,-121.75,2018-01-04 00:00:00,0,0.0
34.350002,-121.649994,2018-01-04 00:00:00,0,0.0
34.350002,-121.549995,2018-01-04 00:00:00,0,0.0
34.350002,-121.45,2018-01-04 00:00:00,0,0.0
34.350002,-121.34999,2018-01-04 00:00:00,0,0.0
34.350002,-121.25,2018-01-04 00:00:00,0,0.0
34.350002,-121.149994,2018-01-04 00:00:00,0,0.0
34.350002,-121.049995,2018-01-04 00:00:00,0,0.0
34.350002,-120.95,2018-01-04 00:00:00,0,0.0
34.350002,-120.84999,2018-01-04 00:00:00,0,0.0
34.350002,-120.75,2018-01-04 00:00:00,0,0.0
34.350002,-120.649994,2018-01-04 00:00:00,0,0.0
34.350002,-120.549995,2018-01-04 00:00:00,0,0.0
34.350002,-120.45,2018-01-04 00:00:00,0,0.0
34.350002,-120.34999,2018-01-04 00:00:00,0,0.0
34.350002,-120.25,2018-01-04 00:00:00,0,0.0
34.350002,-120.149994,2018-01-04 00:00:00,0,0.0
34.350002,-120.049995,2018-01-04 00:00:00,0,0.0
34.350002,-119.95,2018-01-04 00:00:00,0,0.0
34.350002,-119.84999,2018-01-04 00:00:00,0,0.0
34.350002,-119.75,2018-01-04 00:00:00,0,0.0
34.350002,-119.649994,2018-01-04 00:00:00,0,0.0
34.350002,-119.549995,2018-01-04 00:00:00,0,0.0
34.350002,-119.45,2018-01-04 00:00:00,0,0.0
34.350002,-119.34999,2018-01-04 00:00:00,0,0.0
34.350002,-119.25,2018-01-04 00:00:00,0,0.0
34.350002,-119.149994,2018-01-04 00:00:00,0,0.0
34.350002,-119.049995,2018-01-04 00:00:00,0,0.0
34.350002,-118.95,2018-01-04 00:00:00,0,0.00023085956
34.350002,-118.84999,2018-01-04 00:00:00,0,0.0022115835
34.350002,-118.75,2018-01-04 00:00:00,0,0.01241306
34.350002,-118.649994,2018-01-04 00:00:00,0,0.021772927
34.350002,-118.549995,2018-01-04 00:00:00,0,0.008667727
34.350002,-118.45,2018-01-04 00:00:00,0,0.004932
34.350002,-118.34999,2018-01-04 00:00:00,0,0.00089195755
34.350002,-118.25,2018-01-04 00:00:00,0,9.444254e-05
34.350002,-118.149994,2018-01-04 00:00:00,0,0.0
34.350002,-118.049995,2018-01-04 00:00:00,0,0.0
34.350002,-117.95,2018-01-04 00:00:00,0,0.012134625
34.350002,-117.84999,2018-01-04 00:00:00,0,0.0118
34.350002,-117.75,2018-01-04 00:00:00,0,0.08399122
34.350002,-117.649994,2018-01-04 00:00:00,0,0.1951688
34.350002,-117.549995,2018-01-04 00:00:00,0,0.3197778
34.350002,-117.45,2018-01-04 00:00:00,0,0.37046292
34.350002,-117.34999,2018-01-04 00:00:00,0,0.52187634
34.350002,-117.25,2018-01-04 00:00:00,0,0.6409014
34.350002,-117.149994,2018-01-04 00:00:00,0,0.59439856
34.350002,-117.049995,2018-01-04 00:00:00,0,0.43091375
34.350002,-116.95,2018-01-04 00:00:00,0,0.17494847
34.350002,-116.84999,2018-01-04 00:00:00,0,0.4907565
34.350002,-116.75,2018-01-04 00:00:00,0,0.56605786
34.350002,-116.649994,2018-01-04 00:00:00,0,0.8108806
34.350002,-116.549995,2018-01-04 00:00:00,0,0.8803359
34.350002,-116.45,2018-01-04 00:00:00,0,1.10545
34.350002,-116.34999,2018-01-04 00:00:00,0,0.56137556
34.350002,-116.25,2018-01-04 00:00:00,0,0.4228241
34.350002,-116.149994,2018-01-04 00:00:00,0,0.44637874
34.350002,-116.049995,2018-01-04 00:00:00,0,0.15271011
34.350002,-115.95,2018-01-04 00:00:00,0,0.0908764
34.350002,-115.85,2018-01-04 00:00:00,0,0.067360975
34.350002,-115.74999,2018-01-04 00:00:00,0,0.039209045
34.350002,-115.649994,2018-01-04 00:00:00,0,0.06125386
34.350002,-115.549995,2018-01-04 00:00:00,0,0.0266769
34.350002,-115.45,2018-01-04 00:00:00,0,0.0
34.350002,-115.35,2018-01-04 00:00:00,0,0.026220584
34.350002,-115.24999,2018-01-04 00:00:00,0,0.0
34.350002,-115.149994,2018-01-04 00:00:00,0,0.013110292
34.350002,-115.049995,2018-01-04 00:00:00,0,0.013110292
34.350002,-114.95,2018-01-04 00:00:00,0,0.0
34.350002,-114.85,2018-01-04 00:00:00,0,0.0
34.350002,-114.74999,2018-01-04 00:00:00,0,0.0
34.350002,-114.649994,2018-01-04 00:00:00,0,0.0
34.350002,-114.549995,2018-01-04 00:00:00,0,0.0
34.350002,-114.45,2018-01-04 00:00:00,0,0.043842647
34.350002,-114.35,2018-01-04 00:00:00,0,0.06596071
34.350002,-114.24999,2018-01-04 00:00:00,0,0.023827985
34.45,-124.34999,2018-01-04 00:00:00,0,0.0
34.45,-124.25,2018-01-04 00:00:00,0,0.0
34.45,-124.149994,2018-01-04 00:00:00,0,0.0
34.45,-124.049995,2018-01-04 00:00:00,0,0.0
34.45,-123.95,2018-01-04 00:00:00,0,0.0
34.45,-123.84999,2018-01-04 00:00:00,0,0.0
34.45,-123.75,2018-01-04 00:00:00,0,0.0
34.45,-123.649994,2018-01-04 00:00:00,0,0.0
34.45,-123.549995,2018-01-04 00:00:00,0,0.0
34.45,-123.45,2018-01-04 00:00:00,0,0.0
34.45,-123.34999,2018-01-04 00:00:00,0,0.0
34.45,-123.25,2018-01-04 00:00:00,0,0.0
34.45,-123.149994,2018-01-04 00:00:00,0,0.0
34.45,-123.049995,2018-01-04 00:00:00,0,0.0
34.45,-122.95,2018-01-04 00:00:00,0,0.0
34.45,-122.84999,2018-01-04 00:00:00,0,0.0
34.45,-122.75,2018-01-04 00:00:00,0,0.0
34.45,-122.649994,2018-01-04 00:00:00,0,0.0
34.45,-122.549995,2018-01-04 00:00:00,0,0.0
34.45,-122.45,2018-01-04 00:00:00,0,0.0
34.45,-122.34999,2018-01-04 00:00:00,0,0.0
34.45,-122.25,2018-01-04 00:00:00,0,0.0
34.45,-122.149994,2018-01-04 00:00:00,0,0.0
34.45,-122.049995,2018-01-04 00:00:00,0,0.0
34.45,-121.95,2018-01-04 00:00:00,0,0.0
34.45,-121.84999,2018-01-04 00:00:00,0,0.0
34.45,-121.75,2018-01-04 00:00:00,0,0.0
34.45,-121.649994,2018-01-04 00:00:00,0,0.0
34.45,-121.549995,2018-01-04 00:00:00,0,0.0
34.45,-121.45,2018-01-04 00:00:00,0,0.0
34.45,-121.34999,2018-01-04 00:00:00,0,0.0
34.45,-121.25,2018-01-04 00:00:00,0,0.0
34.45,-121.149994,2018-01-04 00:00:00,0,0.0
34.45,-121.049995,2018-01-04 00:00:00,0,0.0
34.45,-120.95,2018-01-04 00:00:00,0,0.0
34.45,-120.84999,2018-01-04 00:00:00,0,0.0
34.45,-120.75,2018-01-04 00:00:00,0,0.0
34.45,-120.649994,2018-01-04 00:00:00,0,0.0
34.45,-120.549995,2018-01-04 00:00:00,0,0.0
34.45,-120.45,2018-01-04 00:00:00,0,0.033579744
34.45,-120.34999,2018-01-04 00:00:00,0,0.0
34.45,-120.25,2018-01-04 00:00:00,0,0.0
34.45,-120.149994,2018-01-04 00:00:00,0,0.0
34.45,-120.049995,2018-01-04 00:00:00,0,0.0
34.45,-119.95,2018-01-04 00:00:00,0,0.0690924
34.45,-119.84999,2018-01-04 00:00:00,0,0.056407344
34.45,-119.75,2018-01-04 00:00:00,0,0.012057427
34.45,-119.649994,2018-01-04 00:00:00,0,0.012232944
34.45,-119.549995,2018-01-04 00:00:00,0,0.03209677
34.45,-119.45,2018-01-04 00:00:00,0,0.025162257
34.45,-119.34999,2018-01-04 00:00:00,0,0.0
34.45,-119.25,2018-01-04 00:00:00,0,0.0
34.45,-119.149994,2018-01-04 00:00:00,0,0.0
34.45,-119.049995,2018-01-04 00:00:00,0,0.0
34.45,-118.95,2018-01-04 00:00:00,0,0.0062879696
34.45,-118.84999,2018-01-04 00:00:00,0,0.0062273415
34.45,-118.75,2018-01-04 00:00:00,0,0.012611161
34.45,-118.649994,2018-01-04 00:00:00,0,0.019739736
34.45,-118.549995,2018-01-04 00:00:00,0,0.018303461
34.45,-118.45,2018-01-04 00:00:00,0,0.010490787
34.45,-118.34999,2018-01-04 00:00:00,0,0.014917791
34.45,-118.25,2018-01-04 00:00:00,0,0.022716433
34.45,-118.149994,2018-01-04 00:00:00,0,0.07640112
34.45,-118.049995,2018-01-04 00:00:00,0,0.14513296
34.45,-117.95,2018-01-04 00:00:00,0,0.22135966
34.45,-117.84999,2018-01-04 00:00:00,0,0.2254003
34.45,-117.75,2018-01-04 00:00:00,0,0.39173642
34.45,-117.649994,2018-01-04 00:00:00,0,0.5555938
34.45,-117.549995,2018-01-04 00:00:00,0,0.690831
34.45,-117.45,2018-01-04 00:00:00,0,0.70815074
34.45,-117.34999,2018-01-04 00:00:00,0,0.96514636
34.45,-117.25,2018-01-04 00:00:00,0,0.9066485
34.45,-117.149994,2018-01-04 00:00:00,0,0.7136478
34.45,-117.049995,2018-01-04 00:00:00,0,0.8254307
34.45,-116.95,2018-01-04 00:00:00,0,0.7112968
34.45,-116.84999,2018-01-04 00:00:00,0,0.64373666
34.45,-116.75,2018-01-04 00:00:00,0,0.5403682
34.45,-116.649994,2018-01-04 00:00:00,0,0.77803725
34.45,-116.549995,2018-01-04 00:00:00,0,1.2532808
34.45,-116.45,2018-01-04 00:00:00,0,0.8363564
34.45,-116.34999,2018-01-04 00:00:00,0,0.38895327
34.45,-116.25,2018-01-04 00:00:00,0,0.28366742
34.45,-116.149994,2018-01-04 00:00:00,0,0.17071767
34.45,-116.049995,2018-01-04 00:00:00,0,0.07912928
34.45,-115.95,2018-01-04 00:00:00,0,0.039361615
34.45,-115.85,2018-01-04 00:00:00,0,0.020323394
34.45,-115.74999,2018-01-04 00:00:00,0,0.029373808
34.45,-115.649994,2018-01-04 00:00:00,0,0.027574137
34.45,-115.549995,2018-01-04 00:00:00,0,0.0014148963
34.45,-115.45,2018-01-04 00:00:00,0,0.0
34.45,-115.35,2018-01-04 00:00:00,0,0.0
34.45,-115.24999,2018-01-04 00:00:00,0,0.0
34.45,-115.149994,2018-01-04 00:00:00,0,0.047258835
34.45,-115.049995,2018-01-04 00:00:00,0,0.041220583
34.45,-114.95,2018-01-04 00:00:00,0,0.013110292
34.45,-114.85,2018-01-04 00:00:00,0,0.0
34.45,-114.74999,2018-01-04 00:00:00,0,0.0
34.45,-114.649994,2018-01-04 00:00:00,0,0.0
34.45,-114.549995,2018-01-04 00:00:00,0,0.0
34.45,-114.45,2018-01-04 00:00:00,0,0.0
34.45,-114.35,2018-01-04 00:00:00,0,0.0
34.45,-114.24999,2018-01-04 00:00:00,0,0.0
34.55,-124.34999,2018-01-04 00:00:00,0,0.0
34.55,-124.25,2018-01-04 00:00:00,0,0.0
34.55,-124.149994,2018-01-04 00:00:00,0,0.0
34.55,-124.049995,2018-01-04 00:00:00,0,0.0
34.55,-123.95,2018-01-04 00:00:00,0,0.0
34.55,-123.84999,2018-01-04 00:00:00,0,0.0
34.55,-123.75,2018-01-04 00:00:00,0,0.0
34.55,-123.649994,2018-01-04 00:00:00,0,0.0
34.55,-123.549995,2018-01-04 00:00:00,0,0.0
34.55,-123.45,2018-01-04 00:00:00,0,0.0
34.55,-123.34999,2018-01-04 00:00:00,0,0.0
34.55,-123.25,2018-01-04 00:00:00,0,0.0
34.55,-123.149994,2018-01-04 00:00:00,0,0.0
34.55,-123.049995,2018-01-04 00:00:00,0,0.0
34.55,-122.95,2018-01-04 00:00:00,0,0.0
34.55,-122.84999,2018-01-04 00:00:00,0,0.0
34.55,-122.75,2018-01-04 00:00:00,0,0.0
34.55,-122.649994,2018-01-04 00:00:00,0,0.0
34.55,-122.549995,2018-01-04 00:00:00,0,0.0
34.55,-122.45,2018-01-04 00:00:00,0,0.0
34.55,-122.34999,2018-01-04 00:00:00,0,0.0
34.55,-122.25,2018-01-04 00:00:00,0,0.0
34.55,-122.149994,2018-01-04 00:00:00,0,0.0
34.55,-122.049995,2018-01-04 00:00:00,0,0.0
34.55,-121.95,2018-01-04 00:00:00,0,0.0
34.55,-121.84999,2018-01-04 00:00:00,0,0.0
34.55,-121.75,2018-01-04 00:00:00,0,0.0
34.55,-121.649994,2018-01-04 00:00:00,0,0.0
34.55,-121.549995,2018-01-04 00:00:00,0,0.0
34.55,-121.45,2018-01-04 00:00:00,0,0.0
34.55,-121.34999,2018-01-04 00:00:00,0,0.0
34.55,-121.25,2018-01-04 00:00:00,0,0.0
34.55,-121.149994,2018-01-04 00:00:00,0,0.0
34.55,-121.049995,2018-01-04 00:00:00,0,0.0
34.55,-120.95,2018-01-04 00:00:00,0,0.0
34.55,-120.84999,2018-01-04 00:00:00,0,0.0
34.55,-120.75,2018-01-04 00:00:00,0,0.0
34.55,-120.649994,2018-01-04 00:00:00,0,0.0
34.55,-120.549995,2018-01-04 00:00:00,0,0.29568827
34.55,-120.45,2018-01-04 00:00:00,0,0.04057436
34.55,-120.34999,2018-01-04 00:00:00,0,0.02656503
34.55,-120.25,2018-01-04 00:00:00,0,0.024221841
34.55,-120.149994,2018-01-04 00:00:00,0,0.039523885
34.55,-120.049995,2018-01-04 00:00:00,0,0.07506298
34.55,-119.95,2018-01-04 00:00:00,0,0.064109996
34.55,-119.84999,2018-01-04 00:00:00,0,0.04663483
34.55,-119.75,2018-01-04 00:00:00,0,0.0036242378
34.55,-119.649994,2018-01-04 00:00:00,0,0.0065049515
34.55,-119.549995,2018-01-04 00:00:00,0,0.004732965
34.55,-119.45,2018-01-04 00:00:00,0,0.0069357175
34.55,-119.34999,2018-01-04 00:00:00,0,0.0052627516
34.55,-119.25,2018-01-04 00:00:00,0,0.022139667
34.55,-119.149994,2018-01-04 00:00:00,0,0.020531416
34.55,-119.049995,2018-01-04 00:00:00,0,0.050847955
34.55,-118.95,2018-01-04 00:00:00,0,0.0056302343
34.55,-118.84999,2018-01-04 00:00:00,0,0.0057778833
34.55,-118.75,2018-01-04 00:00:00,0,0.009294411
34.55,-118.649994,2018-01-04 00:00:00,0,0.011373781
34.55,-118.549995,2018-01-04 00:00:00,0,0.010129405
34.55,-118.45,2018-01-04 00:00:00,0,0.015142334
34.55,-118.34999,2018-01-04 00:00:00,0,0.04996183
34.55,-118.25,2018-01-04 00:00:00,0,0.06673007
34.55,-118.149994,2018-01-04 00:00:00,0,0.24207237
34.55,-118.049995,2018-01-04 00:00:00,0,0.22692992
34.55,-117.95,2018-01-04 00:00:00,0,0.10151671
34.55,-117.84999,2018-01-04 00:00:00,0,0.09647411
34.55,-117.75,2018-01-04 00:00:00,0,0.08724785
34.55,-117.649994,2018-01-04 00:00:00,0,0.07580741
34.55,-117.549995,2018-01-04 00:00:00,0,0.031152487
34.55,-117.45,2018-01-04 00:00:00,0,0.031152487
34.55,-117.34999,2018-01-04 00:00:00,0,0.23749785
34.55,-117.25,2018-01-04 00:00:00,0,0.11130276
34.55,-117.149994,2018-01-04 00:00:00,0,0.20024507
34.55,-117.049995,2018-01-04 00:00:00,0,0.21588996
34.55,-116.95,2018-01-04 00:00:00,0,0.17815557
34.55,-116.84999,2018-01-04 00:00:00,0,0.48275054
34.55,-116.75,2018-01-04 00:00:00,0,0.3813831
34.55,-116.649994,2018-01-04 00:00:00,0,0.38696826
34.55,-116.549995,2018-01-04 00:00:00,0,0.57616997
34.55,-116.45,2018-01-04 00:00:00,0,0.52339286
34.55,-116.34999,2018-01-04 00:00:00,0,0.25452885
34.55,-116.25,2018-01-04 00:00:00,0,0.09570477
34.55,-116.149994,2018-01-04 00:00:00,0,0.07213416
34.55,-116.049995,2018-01-04 00:00:00,0,0.019214908
34.55,-115.95,2018-01-04 00:00:00,0,0.032716066
34.55,-115.85,2018-01-04 00:00:00,0,0.0149815045
34.55,-115.74999,2018-01-04 00:00:00,0,0.025262004
34.55,-115.649994,2018-01-04 00:00:00,0,0.013110292
34.55,-115.549995,2018-01-04 00:00:00,0,0.0
34.55,-115.45,2018-01-04 00:00:00,0,0.0
34.55,-115.35,2018-01-04 00:00:00,0,0.0
34.55,-115.24999,2018-01-04 00:00:00,0,0.0
34.55,-115.149994,2018-01-04 00:00:00,0,0.039330877
34.55,-115.049995,2018-01-04 00:00:00,0,0.026220584
34.55,-114.95,2018-01-04 00:00:00,0,0.013110292
34.55,-114.85,2018-01-04 00:00:00,0,0.0
34.55,-114.74999,2018-01-04 00:00:00,0,0.0
34.55,-114.649994,2018-01-04 00:00:00,0,0.013110292
34.55,-114.549995,2018-01-04 00:00:00,0,0.013816956
34.55,-114.45,2018-01-04 00:00:00,0,0.04899868
34.55,-114.35,2018-01-04 00:00:00,0,0.0
34.55,-114.24999,2018-01-04 00:00:00,0,0.0
34.649998,-124.34999,2018-01-04 00:00:00,0,0.0
34.649998,-124.25,2018-01-04 00:00:00,0,0.0
34.649998,-124.149994,2018-01-04 00:00:00,0,0.0
34.649998,-124.049995,2018-01-04 00:00:00,0,0.0
34.649998,-123.95,2018-01-04 00:00:00,0,0.0
34.649998,-123.84999,2018-01-04 00:00:00,0,0.0
34.649998,-123.75,2018-01-04 00:00:00,0,0.0
34.649998,-123.649994,2018-01-04 00:00:00,0,0.0
34.649998,-123.549995,2018-01-04 00:00:00,0,0.0
34.649998,-123.45,2018-01-04 00:00:00,0,0.0
34.649998,-123.34999,2018-01-04 00:00:00,0,0.0
34.649998,-123.25,2018-01-04 00:00:00,0,0.0
34.649998,-123.149994,2018-01-04 00:00:00,0,0.0
34.649998,-123.049995,2018-01-04 00:00:00,0,0.0
34.649998,-122.95,2018-01-04 00:00:00,0,0.0
34.649998,-122.84999,2018-01-04 00:00:00,0,0.0
34.649998,-122.75,2018-01-04 00:00:00,0,0.0
34.649998,-122.649994,2018-01-04 00:00:00,0,0.0
34.649998,-122.549995,2018-01-04 00:00:00,0,0.0
34.649998,-122.45,2018-01-04 00:00:00,0,0.0
34.649998,-122.34999,2018-01-04 00:00:00,0,0.0
34.649998,-122.25,2018-01-04 00:00:00,0,0.0
34.649998,-122.149994,2018-01-04 00:00:00,0,0.0
34.649998,-122.049995,2018-01-04 00:00:00,0,0.0
34.649998,-121.95,2018-01-04 00:00:00,0,0.0
34.649998,-121.84999,2018-01-04 00:00:00,0,0.0
34.649998,-121.75,2018-01-04 00:00:00,0,0.0
34.649998,-121.649994,2018-01-04 00:00:00,0,0.0
34.649998,-121.549995,2018-01-04 00:00:00,0,0.0
34.649998,-121.45,2018-01-04 00:00:00,0,0.0
34.649998,-121.34999,2018-01-04 00:00:00,0,0.0
34.649998,-121.25,2018-01-04 00:00:00,0,0.0
34.649998,-121.149994,2018-01-04 00:00:00,0,0.0
34.649998,-121.049995,2018-01-04 00:00:00,0,0.0
34.649998,-120.95,2018-01-04 00:00:00,0,0.0
34.649998,-120.84999,2018-01-04 00:00:00,0,0.0
34.649998,-120.75,2018-01-04 00:00:00,0,0.0
34.649998,-120.649994,2018-01-04 00:00:00,0,0.0
34.649998,-120.549995,2018-01-04 00:00:00,0,0.36183977
34.649998,-120.45,2018-01-04 00:00:00,0,0.03844205
34.649998,-120.34999,2018-01-04 00:00:00,0,0.016913678
34.649998,-120.25,2018-01-04 00:00:00,0,0.028864559
34.649998,-120.149994,2018-01-04 00:00:00,0,0.03838087
34.649998,-120.049995,2018-01-04 00:00:00,0,0.07457662
34.649998,-119.95,2018-01-04 00:00:00,0,0.09957509
34.649998,-119.84999,2018-01-04 00:00:00,0,0.0967504
34.649998,-119.75,2018-01-04 00:00:00,0,0.0541842
34.649998,-119.649994,2018-01-04 00:00:00,0,0.032303102
34.649998,-119.549995,2018-01-04 00:00:00,0,0.021304881
34.649998,-119.45,2018-01-04 00:00:00,0,0.015778745
34.649998,-119.34999,2018-01-04 00:00:00,0,0.014968286
34.649998,-119.25,2018-01-04 00:00:00,0,0.03188926
34.649998,-119.149994,2018-01-04 00:00:00,0,0.0506851
34.649998,-119.049995,2018-01-04 00:00:00,0,0.052045893
34.649998,-118.95,2018-01-04 00:00:00,0,0.2558303
34.649998,-118.84999,2018-01-04 00:00:00,0,0.06232107
34.649998,-118.75,2018-01-04 00:00:00,0,0.06591721
34.649998,-118.649994,2018-01-04 00:00:00,0,0.05058735
34.649998,-118.549995,2018-01-04 00:00:00,0,0.115922086
34.649998,-118.45,2018-01-04 00:00:00,0,0.103630826
34.649998,-118.34999,2018-01-04 00:00:00,0,0.122210935
34.649998,-118.25,2018-01-04 00:00:00,0,0.21690622
34.649998,-118.149994,2018-01-04 00:00:00,0,0.3684184
34.649998,-118.049995,2018-01-04 00:00:00,0,0.2831463
34.649998,-117.95,2018-01-04 00:00:00,0,0.12881391
34.649998,-117.84999,2018-01-04 00:00:00,0,0.09040563
34.649998,-117.75,2018-01-04 00:00:00,0,0.10602063
34.649998,-117.649994,2018-01-04 00:00:00,0,0.19377011
34.649998,-117.549995,2018-01-04 00:00:00,0,0.09279227
34.649998,-117.45,2018-01-04 00:00:00,0,0.092955664
34.649998,-117.34999,2018-01-04 00:00:00,0,0.17502333
34.649998,-117.25,2018-01-04 00:00:00,0,0.03630277
34.649998,-117.149994,2018-01-04 00:00:00,0,0.18187912
34.649998,-117.049995,2018-01-04 00:00:00,0,0.35792717
34.649998,-116.95,2018-01-04 00:00:00,0,0.42966026
34.649998,-116.84999,2018-01-04 00:00:00,0,0.47962376
34.649998,-116.75,2018-01-04 00:00:00,0,0.265101
34.649998,-116.649994,2018-01-04 00:00:00,0,0.54756176
34.649998,-116.549995,2018-01-04 00:00:00,0,0.5908398
34.649998,-116.45,2018-01-04 00:00:00,0,0.5003894
34.649998,-116.34999,2018-01-04 00:00:00,0,0.23718789
34.649998,-116.25,2018-01-04 00:00:00,0,0.08855498
34.649998,-116.149994,2018-01-04 00:00:00,0,0.03024473
34.649998,-116.049995,2018-01-04 00:00:00,0,0.01600294
34.649998,-115.95,2018-01-04 00:00:00,0,0.005590545
34.649998,-115.85,2018-01-04 00:00:00,0,0.028342929
34.649998,-115.74999,2018-01-04 00:00:00,0,0.013110292
34.649998,-115.649994,2018-01-04 00:00:00,0,0.1831103
34.649998,-115.549995,2018-01-04 00:00:00,0,0.013110292
34.649998,-115.45,2018-01-04 00:00:00,0,0.0
34.649998,-115.35,2018-01-04 00:00:00,0,0.0
34.649998,-115.24999,2018-01-04 00:00:00,0,0.039330877
34.649998,-115.149994,2018-01-04 00:00:00,0,0.039330877
34.649998,-115.049995,2018-01-04 00:00:00,0,0.53752196
34.649998,-114.95,2018-01-04 00:00:00,0,0.5113014
34.649998,-114.85,2018-01-04 00:00:00,0,0.15732351
34.649998,-114.74999,2018-01-04 00:00:00,0,0.14421321
34.649998,-114.649994,2018-01-04 00:00:00,0,0.06262105
34.649998,-114.549995,2018-01-04 00:00:00,0,0.0931214
34.649998,-114.45,2018-01-04 00:00:00,0,0.2249611
34.649998,-114.35,2018-01-04 00:00:00,0,0.0
34.649998,-114.24999,2018-01-04 00:00:00,0,0.0
34.750004,-124.34999,2018-01-04 00:00:00,0,0.0
34.750004,-124.25,2018-01-04 00:00:00,0,0.0
34.750004,-124.149994,2018-01-04 00:00:00,0,0.0
34.750004,-124.049995,2018-01-04 00:00:00,0,0.0
34.750004,-123.95,2018-01-04 00:00:00,0,0.0
34.750004,-123.84999,2018-01-04 00:00:00,0,0.0
34.750004,-123.75,2018-01-04 00:00:00,0,0.0
34.750004,-123.649994,2018-01-04 00:00:00,0,0.0
34.750004,-123.549995,2018-01-04 00:00:00,0,0.0
34.750004,-123.45,2018-01-04 00:00:00,0,0.0
34.750004,-123.34999,2018-01-04 00:00:00,0,0.0
34.750004,-123.25,2018-01-04 00:00:00,0,0.0
34.750004,-123.149994,2018-01-04 00:00:00,0,0.0
34.750004,-123.049995,2018-01-04 00:00:00,0,0.0
34.750004,-122.95,2018-01-04 00:00:00,0,0.0
34.750004,-122.84999,2018-01-04 00:00:00,0,0.0
34.750004,-122.75,2018-01-04 00:00:00,0,0.0
34.750004,-122.649994,2018-01-04 00:00:00,0,0.0
34.750004,-122.549995,2018-01-04 00:00:00,0,0.0
34.750004,-122.45,2018-01-04 00:00:00,0,0.0
34.750004,-122.34999,2018-01-04 00:00:00,0,0.0
34.750004,-122.25,2018-01-04 00:00:00,0,0.0
34.750004,-122.149994,2018-01-04 00:00:00,0,0.0
34.750004,-122.049995,2018-01-04 00:00:00,0,0.0
34.750004,-121.95,2018-01-04 00:00:00,0,0.0
34.750004,-121.84999,2018-01-04 00:00:00,0,0.0
34.750004,-121.75,2018-01-04 00:00:00,0,0.0
34.750004,-121.649994,2018-01-04 00:00:00,0,0.0
34.750004,-121.549995,2018-01-04 00:00:00,0,0.0
34.750004,-121.45,2018-01-04 00:00:00,0,0.0
34.750004,-121.34999,2018-01-04 00:00:00,0,0.0
34.750004,-121.25,2018-01-04 00:00:00,0,0.0
34.750004,-121.149994,2018-01-04 00:00:00,0,0.0
34.750004,-121.049995,2018-01-04 00:00:00,0,0.0
34.750004,-120.95,2018-01-04 00:00:00,0,0.0
34.750004,-120.84999,2018-01-04 00:00:00,0,0.0
34.750004,-120.75,2018-01-04 00:00:00,0,0.0
34.750004,-120.649994,2018-01-04 00:00:00,0,0.0
34.750004,-120.549995,2018-01-04 00:00:00,0,0.021017637
34.750004,-120.45,2018-01-04 00:00:00,0,0.020659741
34.750004,-120.34999,2018-01-04 00:00:00,0,0.0027401703
34.750004,-120.25,2018-01-04 00:00:00,0,0.0047140094
34.750004,-120.149994,2018-01-04 00:00:00,0,0.16362518
34.750004,-120.049995,2018-01-04 00:00:00,0,0.3544561
34.750004,-119.95,2018-01-04 00:00:00,0,0.3067358
34.750004,-119.84999,2018-01-04 00:00:00,0,0.15696153
34.750004,-119.75,2018-01-04 00:00:00,0,0.07558052
34.750004,-119.649994,2018-01-04 00:00:00,0,0.07014999
34.750004,-119.549995,2018-01-04 00:00:00,0,0.069173574
34.750004,-119.45,2018-01-04 00:00:00,0,0.051132098
34.750004,-119.34999,2018-01-04 00:00:00,0,0.66899997
34.750004,-119.25,2018-01-04 00:00:00,0,0.3754
34.750004,-119.149994,2018-01-04 00:00:00,0,0.0021062836
34.750004,-119.049995,2018-01-04 00:00:00,0,0.0013966175
34.750004,-118.95,2018-01-04 00:00:00,0,0.26441893
34.750004,-118.84999,2018-01-04 00:00:00,0,0.2092344
34.750004,-118.75,2018-01-04 00:00:00,0,0.39270595
34.750004,-118.649994,2018-01-04 00:00:00,0,0.5931596
34.750004,-118.549995,2018-01-04 00:00:00,0,0.77180374
34.750004,-118.45,2018-01-04 00:00:00,0,0.77018076
34.750004,-118.34999,2018-01-04 00:00:00,0,0.28465122
34.750004,-118.25,2018-01-04 00:00:00,0,0.5137982
34.750004,-118.149994,2018-01-04 00:00:00,0,0.39110452
34.750004,-118.049995,2018-01-04 00:00:00,0,0.3775769
34.750004,-117.95,2018-01-04 00:00:00,0,0.33205733
34.750004,-117.84999,2018-01-04 00:00:00,0,0.13694283
34.750004,-117.75,2018-01-04 00:00:00,0,0.13310401
34.750004,-117.649994,2018-01-04 00:00:00,0,0.23178782
34.750004,-117.549995,2018-01-04 00:00:00,0,0.20885377
34.750004,-117.45,2018-01-04 00:00:00,0,0.07335246
34.750004,-117.34999,2018-01-04 00:00:00,0,0.1281846
34.750004,-117.25,2018-01-04 00:00:00,0,0.047003157
34.750004,-117.149994,2018-01-04 00:00:00,0,0.2829385
34.750004,-117.049995,2018-01-04 00:00:00,0,0.3502333
34.750004,-116.95,2018-01-04 00:00:00,0,0.62350726
34.750004,-116.84999,2018-01-04 00:00:00,0,0.47468406
34.750004,-116.75,2018-01-04 00:00:00,0,0.20020618
34.750004,-116.649994,2018-01-04 00:00:00,0,0.19256058
34.750004,-116.549995,2018-01-04 00:00:00,0,0.13960351
34.750004,-116.45,2018-01-04 00:00:00,0,0.2563297
34.750004,-116.34999,2018-01-04 00:00:00,0,0.22255343
34.750004,-116.25,2018-01-04 00:00:00,0,0.048390068
34.750004,-116.149994,2018-01-04 00:00:00,0,0.007310667
34.750004,-116.049995,2018-01-04 00:00:00,0,0.0
34.750004,-115.95,2018-01-04 00:00:00,0,0.0
34.750004,-115.85,2018-01-04 00:00:00,0,0.026220584
34.750004,-115.74999,2018-01-04 00:00:00,0,0.013110292
34.750004,-115.649994,2018-01-04 00:00:00,0,0.013110292
34.750004,-115.549995,2018-01-04 00:00:00,0,0.043110292
34.750004,-115.45,2018-01-04 00:00:00,0,0.145
34.750004,-115.35,2018-01-04 00:00:00,0,0.0
34.750004,-115.24999,2018-01-04 00:00:00,0,0.0
34.750004,-115.149994,2018-01-04 00:00:00,0,0.0
34.750004,-115.049995,2018-01-04 00:00:00,0,0.099700004
34.750004,-114.95,2018-01-04 00:00:00,0,0.5113014
34.750004,-114.85,2018-01-04 00:00:00,0,0.1704338
34.750004,-114.74999,2018-01-04 00:00:00,0,0.15732351
34.750004,-114.649994,2018-01-04 00:00:00,0,0.01829165
34.750004,-114.549995,2018-01-04 00:00:00,0,0.020820815
34.750004,-114.45,2018-01-04 00:00:00,0,0.0
34.750004,-114.35,2018-01-04 00:00:00,0,0.0
34.750004,-114.24999,2018-01-04 00:00:00,0,0.0
34.850002,-124.34999,2018-01-04 00:00:00,0,0.0
34.850002,-124.25,2018-01-04 00:00:00,0,0.0
34.850002,-124.149994,2018-01-04 00:00:00,0,0.0
34.850002,-124.049995,2018-01-04 00:00:00,0,0.0
34.850002,-123.95,2018-01-04 00:00:00,0,0.0
34.850002,-123.84999,2018-01-04 00:00:00,0,0.0
34.850002,-123.75,2018-01-04 00:00:00,0,0.0
34.850002,-123.649994,2018-01-04 00:00:00,0,0.0
34.850002,-123.549995,2018-01-04 00:00:00,0,0.0
34.850002,-123.45,2018-01-04 00:00:00,0,0.0
34.850002,-123.34999,2018-01-04 00:00:00,0,0.0
34.850002,-123.25,2018-01-04 00:00:00,0,0.0
34.850002,-123.149994,2018-01-04 00:00:00,0,0.0
34.850002,-123.049995,2018-01-04 00:00:00,0,0.0
34.850002,-122.95,2018-01-04 00:00:00,0,0.0
34.850002,-122.84999,2018-01-04 00:00:00,0,0.0
34.850002,-122.75,2018-01-04 00:00:00,0,0.0
34.850002,-122.649994,2018-01-04 00:00:00,0,0.0
34.850002,-122.549995,2018-01-04 00:00:00,0,0.0
34.850002,-122.45,2018-01-04 00:00:00,0,0.0
34.850002,-122.34999,2018-01-04 00:00:00,0,0.0
34.850002,-122.25,2018-01-04 00:00:00,0,0.0
34.850002,-122.149994,2018-01-04 00:00:00,0,0.0
34.850002,-122.049995,2018-01-04 00:00:00,0,0.0
34.850002,-121.95,2018-01-04 00:00:00,0,0.0
34.850002,-121.84999,2018-01-04 00:00:00,0,0.0
34.850002,-121.75,2018-01-04 00:00:00,0,0.0
34.850002,-121.649994,2018-01-04 00:00:00,0,0.0
34.850002,-121.549995,2018-01-04 00:00:00,0,0.0
34.850002,-121.45,2018-01-04 00:00:00,0,0.0
34.850002,-121.34999,2018-01-04 00:00:00,0,0.0
34.850002,-121.25,2018-01-04 00:00:00,0,0.0
34.850002,-121.149994,2018-01-04 00:00:00,0,0.0
34.850002,-121.049995,2018-01-04 00:00:00,0,0.0
34.850002,-120.95,2018-01-04 00:00:00,0,0.0
34.850002,-120.84999,2018-01-04 00:00:00,0,0.0
34.850002,-120.75,2018-01-04 00:00:00,0,0.0
34.850002,-120.649994,2018-01-04 00:00:00,0,0.0
34.850002,-120.549995,2018-01-04 00:00:00,0,0.015624604
34.850002,-120.45,2018-01-04 00:00:00,0,0.0021489924
34.850002,-120.34999,2018-01-04 00:00:00,0,0.0
34.850002,-120.25,2018-01-04 00:00:00,0,0.0
34.850002,-120.149994,2018-01-04 00:00:00,0,0.014959047
34.850002,-120.049995,2018-01-04 00:00:00,0,0.017667444
34.850002,-119.95,2018-01-04 00:00:00,0,0.05115957
34.850002,-119.84999,2018-01-04 00:00:00,0,0.1456
34.850002,-119.75,2018-01-04 00:00:00,0,0.43760002
34.850002,-119.649994,2018-01-04 00:00:00,0,0.08057743
34.850002,-119.549995,2018-01-04 00:00:00,0,0.06577335
34.850002,-119.45,2018-01-04 00:00:00,0,0.048949905
34.850002,-119.34999,2018-01-04 00:00:00,0,0.038203873
34.850002,-119.25,2018-01-04 00:00:00,0,0.021135624
34.850002,-119.149994,2018-01-04 00:00:00,0,0.036058433
34.850002,-119.049995,2018-01-04 00:00:00,0,0.06326499
34.850002,-118.95,2018-01-04 00:00:00,0,0.10760022
34.850002,-118.84999,2018-01-04 00:00:00,0,0.23358531
34.850002,-118.75,2018-01-04 00:00:00,0,0.41921738
34.850002,-118.649994,2018-01-04 00:00:00,0,0.54446703
34.850002,-118.549995,2018-01-04 00:00:00,0,0.85632753
34.850002,-118.45,2018-01-04 00:00:00,0,0.8550885
34.850002,-118.34999,2018-01-04 00:00:00,0,0.71391886
34.850002,-118.25,2018-01-04 00:00:00,0,0.4573234
34.850002,-118.149994,2018-01-04 00:00:00,0,0.3302392
34.850002,-118.049995,2018-01-04 00:00:00,0,0.5562125
34.850002,-117.95,2018-01-04 00:00:00,0,0.47644603
34.850002,-117.84999,2018-01-04 00:00:00,0,0.11483353
34.850002,-117.75,2018-01-04 00:00:00,0,0.15500526
34.850002,-117.649994,2018-01-04 00:00:00,0,0.21565884
34.850002,-117.549995,2018-01-04 00:00:00,0,0.12848826
34.850002,-117.45,2018-01-04 00:00:00,0,0.0068737906
34.850002,-117.34999,2018-01-04 00:00:00,0,0.15126595
34.850002,-117.25,2018-01-04 00:00:00,0,0.27659434
34.850002,-117.149994,2018-01-04 00:00:00,0,0.10101603
34.850002,-117.049995,2018-01-04 00:00:00,0,0.15182596
34.850002,-116.95,2018-01-04 00:00:00,0,0.17706995
34.850002,-116.84999,2018-01-04 00:00:00,0,0.16419987
34.850002,-116.75,2018-01-04 00:00:00,0,0.17811398
34.850002,-116.649994,2018-01-04 00:00:00,0,0.26689082
34.850002,-116.549995,2018-01-04 00:00:00,0,0.2132594
34.850002,-116.45,2018-01-04 00:00:00,0,0.16059342
34.850002,-116.34999,2018-01-04 00:00:00,0,0.052132804
34.850002,-116.25,2018-01-04 00:00:00,0,0.00745406
34.850002,-116.149994,2018-01-04 00:00:00,0,0.0028297927
34.850002,-116.049995,2018-01-04 00:00:00,0,0.0
34.850002,-115.95,2018-01-04 00:00:00,0,0.0
34.850002,-115.85,2018-01-04 00:00:00,0,0.23122059
34.850002,-115.74999,2018-01-04 00:00:00,0,0.013110292
34.850002,-115.649994,2018-01-04 00:00:00,0,0.039330877
34.850002,-115.549995,2018-01-04 00:00:00,0,0.049330875
34.850002,-115.45,2018-01-04 00:00:00,0,0.0
34.850002,-115.35,2018-01-04 00:00:00,0,0.0
34.850002,-115.24999,2018-01-04 00:00:00,0,0.026220584
34.850002,-115.149994,2018-01-04 00:00:00,0,0.0
34.850002,-115.049995,2018-01-04 00:00:00,0,0.078661755
34.850002,-114.95,2018-01-04 00:00:00,0,0.0
34.850002,-114.85,2018-01-04 00:00:00,0,0.0
34.850002,-114.74999,2018-01-04 00:00:00,0,0.0
34.850002,-114.649994,2018-01-04 00:00:00,0,0.056419235
34.850002,-114.549995,2018-01-04 00:00:00,0,0.0
34.850002,-114.45,2018-01-04 00:00:00,0,0.0
34.850002,-114.35,2018-01-04 00:00:00,0,0.0
34.850002,-114.24999,2018-01-04 00:00:00,0,0.0
34.95,-124.34999,2018-01-04 00:00:00,0,0.0
34.95,-124.25,2018-01-04 00:00:00,0,0.0
34.95,-124.149994,2018-01-04 00:00:00,0,0.0
34.95,-124.049995,2018-01-04 00:00:00,0,0.0
34.95,-123.95,2018-01-04 00:00:00,0,0.0
34.95,-123.84999,2018-01-04 00:00:00,0,0.0
34.95,-123.75,2018-01-04 00:00:00,0,0.0
34.95,-123.649994,2018-01-04 00:00:00,0,0.0
34.95,-123.549995,2018-01-04 00:00:00,0,0.0
34.95,-123.45,2018-01-04 00:00:00,0,0.0
34.95,-123.34999,2018-01-04 00:00:00,0,0.0
34.95,-123.25,2018-01-04 00:00:00,0,0.0
34.95,-123.149994,2018-01-04 00:00:00,0,0.0
34.95,-123.049995,2018-01-04 00:00:00,0,0.0
34.95,-122.95,2018-01-04 00:00:00,0,0.0
34.95,-122.84999,2018-01-04 00:00:00,0,0.0
34.95,-122.75,2018-01-04 00:00:00,0,0.0
34.95,-122.649994,2018-01-04 00:00:00,0,0.0
34.95,-122.549995,2018-01-04 00:00:00,0,0.0
34.95,-122.45,2018-01-04 00:00:00,0,0.0
34.95,-122.34999,2018-01-04 00:00:00,0,0.0
34.95,-122.25,2018-01-04 00:00:00,0,0.0
34.95,-122.149994,2018-01-04 00:00:00,0,0.0
34.95,-122.049995,2018-01-04 00:00:00,0,0.0
34.95,-121.95,2018-01-04 00:00:00,0,0.0
34.95,-121.84999,2018-01-04 00:00:00,0,0.0
34.95,-121.75,2018-01-04 00:00:00,0,0.0
34.95,-121.649994,2018-01-04 00:00:00,0,0.0
34.95,-121.549995,2018-01-04 00:00:00,0,0.0
34.95,-121.45,2018-01-04 00:00:00,0,0.0
34.95,-121.34999,2018-01-04 00:00:00,0,0.0
34.95,-121.25,2018-01-04 00:00:00,0,0.0
34.95,-121.149994,2018-01-04 00:00:00,0,0.0
34.95,-121.049995,2018-01-04 00:00:00,0,0.0
34.95,-120.95,2018-01-04 00:00:00,0,0.0
34.95,-120.84999,2018-01-04 00:00:00,0,0.0
34.95,-120.75,2018-01-04 00:00:00,0,0.0
34.95,-120.649994,2018-01-04 00:00:00,0,0.39419612
34.95,-120.549995,2018-01-04 00:00:00,0,0.0055849673
34.95,-120.45,2018-01-04 00:00:00,0,0.001733706
34.95,-120.34999,2018-01-04 00:00:00,0,0.0
34.95,-120.25,2018-01-04 00:00:00,0,0.0
34.95,-120.149994,2018-01-04 00:00:00,0,0.0
34.95,-120.049995,2018-01-04 00:00:00,0,0.019411135
34.95,-119.95,2018-01-04 00:00:00,0,0.023828711
34.95,-119.84999,2018-01-04 00:00:00,0,0.036873695
34.95,-119.75,2018-01-04 00:00:00,0,0.2892
34.95,-119.649994,2018-01-04 00:00:00,0,0.36119998
34.95,-119.549995,2018-01-04 00:00:00,0,0.04810994
34.95,-119.45,2018-01-04 00:00:00,0,0.011403678
34.95,-119.34999,2018-01-04 00:00:00,0,0.018035542
34.95,-119.25,2018-01-04 00:00:00,0,0.030076172
34.95,-119.149994,2018-01-04 00:00:00,0,0.0434001
34.95,-119.049995,2018-01-04 00:00:00,0,0.07215929
34.95,-118.95,2018-01-04 00:00:00,0,0.10131824
34.95,-118.84999,2018-01-04 00:00:00,0,0.15441926
34.95,-118.75,2018-01-04 00:00:00,0,0.22708277
34.95,-118.649994,2018-01-04 00:00:00,0,0.29494032
34.95,-118.549995,2018-01-04 00:00:00,0,0.55128986
34.95,-118.45,2018-01-04 00:00:00,0,0.70854753
34.95,-118.34999,2018-01-04 00:00:00,0,0.6053265
34.95,-118.25,2018-01-04 00:00:00,0,0.35918486
34.95,-118.149994,2018-01-04 00:00:00,0,0.32997882
34.95,-118.049995,2018-01-04 00:00:00,0,0.63468343
34.95,-117.95,2018-01-04 00:00:00,0,0.52276886
34.95,-117.84999,2018-01-04 00:00:00,0,0.26195925
34.95,-117.75,2018-01-04 00:00:00,0,0.08702057
34.95,-117.649994,2018-01-04 00:00:00,0,0.084611885
34.95,-117.549995,2018-01-04 00:00:00,0,0.20714207
34.95,-117.45,2018-01-04 00:00:00,0,0.12979513
34.95,-117.34999,2018-01-04 00:00:00,0,0.23483722
34.95,-117.25,2018-01-04 00:00:00,0,0.3626852
34.95,-117.149994,2018-01-04 00:00:00,0,0.39027882
34.95,-117.049995,2018-01-04 00:00:00,0,0.1528583
34.95,-116.95,2018-01-04 00:00:00,0,0.12639664
34.95,-116.84999,2018-01-04 00:00:00,0,0.25438416
34.95,-116.75,2018-01-04 00:00:00,0,0.14450091
34.95,-116.649994,2018-01-04 00:00:00,0,0.13784468
34.95,-116.549995,2018-01-04 00:00:00,0,0.40140778
34.95,-116.45,2018-01-04 00:00:00,0,0.10924107
34.95,-116.34999,2018-01-04 00:00:00,0,0.057962254
34.95,-116.25,2018-01-04 00:00:00,0,0.021634603
34.95,-116.149994,2018-01-04 00:00:00,0,0.0124657
34.95,-116.049995,2018-01-04 00:00:00,0,0.005590545
34.95,-115.95,2018-01-04 00:00:00,0,0.0021223444
34.95,-115.85,2018-01-04 00:00:00,0,0.0105191255
34.95,-115.74999,2018-01-04 00:00:00,0,0.08811029
34.95,-115.649994,2018-01-04 00:00:00,0,0.013110292
34.95,-115.549995,2018-01-04 00:00:00,0,0.039330877
34.95,-115.45,2018-01-04 00:00:00,0,0.013110292
34.95,-115.35,2018-01-04 00:00:00,0,0.026220584
34.95,-115.24999,2018-01-04 00:00:00,0,0.026220584
34.95,-115.149994,2018-01-04 00:00:00,0,0.013110292
34.95,-115.049995,2018-01-04 00:00:00,0,0.0
34.95,-114.95,2018-01-04 00:00:00,0,0.0
34.95,-114.85,2018-01-04 00:00:00,0,0.0
34.95,-114.74999,2018-01-04 00:00:00,0,0.0
34.95,-114.649994,2018-01-04 00:00:00,0,0.0
34.95,-114.549995,2018-01-04 00:00:00,0,0.0
34.95,-114.45,2018-01-04 00:00:00,0,0.0
34.95,-114.35,2018-01-04 00:00:00,0,0.0
34.95,-114.24999,2018-01-04 00:00:00,0,0.0
35.05,-124.34999,2018-01-04 00:00:00,0,0.0
35.05,-124.25,2018-01-04 00:00:00,0,0.0
35.05,-124.149994,2018-01-04 00:00:00,0,0.0
35.05,-124.049995,2018-01-04 00:00:00,0,0.0
35.05,-123.95,2018-01-04 00:00:00,0,0.0
35.05,-123.84999,2018-01-04 00:00:00,0,0.0
35.05,-123.75,2018-01-04 00:00:00,0,0.0
35.05,-123.649994,2018-01-04 00:00:00,0,0.0
35.05,-123.549995,2018-01-04 00:00:00,0,0.0
35.05,-123.45,2018-01-04 00:00:00,0,0.0
35.05,-123.34999,2018-01-04 00:00:00,0,0.0
35.05,-123.25,2018-01-04 00:00:00,0,0.0
35.05,-123.149994,2018-01-04 00:00:00,0,0.0
35.05,-123.049995,2018-01-04 00:00:00,0,0.0
35.05,-122.95,2018-01-04 00:00:00,0,0.0
35.05,-122.84999,2018-01-04 00:00:00,0,0.0
35.05,-122.75,2018-01-04 00:00:00,0,0.0
35.05,-122.649994,2018-01-04 00:00:00,0,0.0
35.05,-122.549995,2018-01-04 00:00:00,0,0.0
35.05,-122.45,2018-01-04 00:00:00,0,0.0
35.05,-122.34999,2018-01-04 00:00:00,0,0.0
35.05,-122.25,2018-01-04 00:00:00,0,0.0
35.05,-122.149994,2018-01-04 00:00:00,0,0.0
35.05,-122.049995,2018-01-04 00:00:00,0,0.0
35.05,-121.95,2018-01-04 00:00:00,0,0.0
35.05,-121.84999,2018-01-04 00:00:00,0,0.0
35.05,-121.75,2018-01-04 00:00:00,0,0.0
35.05,-121.649994,2018-01-04 00:00:00,0,0.0
35.05,-121.549995,2018-01-04 00:00:00,0,0.0
35.05,-121.45,2018-01-04 00:00:00,0,0.0
35.05,-121.34999,2018-01-04 00:00:00,0,0.0
35.05,-121.25,2018-01-04 00:00:00,0,0.0
35.05,-121.149994,2018-01-04 00:00:00,0,0.0
35.05,-121.049995,2018-01-04 00:00:00,0,0.0
35.05,-120.95,2018-01-04 00:00:00,0,0.0
35.05,-120.84999,2018-01-04 00:00:00,0,0.0
35.05,-120.75,2018-01-04 00:00:00,0,0.0
35.05,-120.649994,2018-01-04 00:00:00,0,0.0
35.05,-120.549995,2018-01-04 00:00:00,0,0.0
35.05,-120.45,2018-01-04 00:00:00,0,0.0
35.05,-120.34999,2018-01-04 00:00:00,0,0.0035322888
35.05,-120.25,2018-01-04 00:00:00,0,0.006389152
35.05,-120.149994,2018-01-04 00:00:00,0,0.020852488
35.05,-120.049995,2018-01-04 00:00:00,0,0.010838317
35.05,-119.95,2018-01-04 00:00:00,0,0.03543661
35.05,-119.84999,2018-01-04 00:00:00,0,0.058876842
35.05,-119.75,2018-01-04 00:00:00,0,0.117608994
35.05,-119.649994,2018-01-04 00:00:00,0,0.16689919
35.05,-119.549995,2018-01-04 00:00:00,0,0.20452464
35.05,-119.45,2018-01-04 00:00:00,0,0.15558556
35.05,-119.34999,2018-01-04 00:00:00,0,0.10267095
35.05,-119.25,2018-01-04 00:00:00,0,0.06074153
35.05,-119.149994,2018-01-04 00:00:00,0,0.06205039
35.05,-119.049995,2018-01-04 00:00:00,0,0.085227326
35.05,-118.95,2018-01-04 00:00:00,0,0.07989161
35.05,-118.84999,2018-01-04 00:00:00,0,0.09367244
35.05,-118.75,2018-01-04 00:00:00,0,0.09443348
35.05,-118.649994,2018-01-04 00:00:00,0,0.16293302
35.05,-118.549995,2018-01-04 00:00:00,0,0.08996236
35.05,-118.45,2018-01-04 00:00:00,0,0.4621831
35.05,-118.34999,2018-01-04 00:00:00,0,0.3446632
35.05,-118.25,2018-01-04 00:00:00,0,0.40127125
35.05,-118.149994,2018-01-04 00:00:00,0,0.39375183
35.05,-118.049995,2018-01-04 00:00:00,0,0.49585068
35.05,-117.95,2018-01-04 00:00:00,0,0.30498302
35.05,-117.84999,2018-01-04 00:00:00,0,0.1381079
35.05,-117.75,2018-01-04 00:00:00,0,0.07565486
35.05,-117.649994,2018-01-04 00:00:00,0,0.08390581
35.05,-117.549995,2018-01-04 00:00:00,0,0.076886036
35.05,-117.45,2018-01-04 00:00:00,0,0.31202048
35.05,-117.34999,2018-01-04 00:00:00,0,0.22481078
35.05,-117.25,2018-01-04 00:00:00,0,0.25392273
35.05,-117.149994,2018-01-04 00:00:00,0,0.1265102
35.05,-117.049995,2018-01-04 00:00:00,0,0.13093516
35.05,-116.95,2018-01-04 00:00:00,0,0.4443807
35.05,-116.84999,2018-01-04 00:00:00,0,0.2544519
35.05,-116.75,2018-01-04 00:00:00,0,0.11659983
35.05,-116.649994,2018-01-04 00:00:00,0,0.13338137
35.05,-116.549995,2018-01-04 00:00:00,0,0.08958528
35.05,-116.45,2018-01-04 00:00:00,0,0.064521156
35.05,-116.34999,2018-01-04 00:00:00,0,0.02596394
35.05,-116.25,2018-01-04 00:00:00,0,0.012180908
35.05,-116.149994,2018-01-04 00:00:00,0,0.0060417615
35.05,-116.049995,2018-01-04 00:00:00,0,0.001863515
35.05,-115.95,2018-01-04 00:00:00,0,0.00070744817
35.05,-115.85,2018-01-04 00:00:00,0,0.0
35.05,-115.74999,2018-01-04 00:00:00,0,0.013110292
35.05,-115.649994,2018-01-04 00:00:00,0,0.0
35.05,-115.549995,2018-01-04 00:00:00,0,0.013110292
35.05,-115.45,2018-01-04 00:00:00,0,0.0
35.05,-115.35,2018-01-04 00:00:00,0,0.0
35.05,-115.24999,2018-01-04 00:00:00,0,0.0
35.05,-115.149994,2018-01-04 00:00:00,0,0.0
35.05,-115.049995,2018-01-04 00:00:00,0,0.0
35.05,-114.95,2018-01-04 00:00:00,0,0.0
35.05,-114.85,2018-01-04 00:00:00,0,0.0
35.05,-114.74999,2018-01-04 00:00:00,0,0.0
35.05,-114.649994,2018-01-04 00:00:00,0,0.0
35.05,-114.549995,2018-01-04 00:00:00,0,0.0
35.05,-114.45,2018-01-04 00:00:00,0,0.0
35.05,-114.35,2018-01-04 00:00:00,0,0.0
35.05,-114.24999,2018-01-04 00:00:00,0,0.0
35.149998,-124.34999,2018-01-04 00:00:00,0,0.0
35.149998,-124.25,2018-01-04 00:00:00,0,0.0
35.149998,-124.149994,2018-01-04 00:00:00,0,0.0
35.149998,-124.049995,2018-01-04 00:00:00,0,0.0
35.149998,-123.95,2018-01-04 00:00:00,0,0.0
35.149998,-123.84999,2018-01-04 00:00:00,0,0.0
35.149998,-123.75,2018-01-04 00:00:00,0,0.0
35.149998,-123.649994,2018-01-04 00:00:00,0,0.0
35.149998,-123.549995,2018-01-04 00:00:00,0,0.0
35.149998,-123.45,2018-01-04 00:00:00,0,0.0
35.149998,-123.34999,2018-01-04 00:00:00,0,0.0
35.149998,-123.25,2018-01-04 00:00:00,0,0.0
35.149998,-123.149994,2018-01-04 00:00:00,0,0.0
35.149998,-123.049995,2018-01-04 00:00:00,0,0.0
35.149998,-122.95,2018-01-04 00:00:00,0,0.0
35.149998,-122.84999,2018-01-04 00:00:00,0,0.0
35.149998,-122.75,2018-01-04 00:00:00,0,0.0
35.149998,-122.649994,2018-01-04 00:00:00,0,0.0
35.149998,-122.549995,2018-01-04 00:00:00,0,0.0
35.149998,-122.45,2018-01-04 00:00:00,0,0.0
35.149998,-122.34999,2018-01-04 00:00:00,0,0.0
35.149998,-122.25,2018-01-04 00:00:00,0,0.0
35.149998,-122.149994,2018-01-04 00:00:00,0,0.0
35.149998,-122.049995,2018-01-04 00:00:00,0,0.0
35.149998,-121.95,2018-01-04 00:00:00,0,0.0
35.149998,-121.84999,2018-01-04 00:00:00,0,0.0
35.149998,-121.75,2018-01-04 00:00:00,0,0.0
35.149998,-121.649994,2018-01-04 00:00:00,0,0.0
35.149998,-121.549995,2018-01-04 00:00:00,0,0.0
35.149998,-121.45,2018-01-04 00:00:00,0,0.0
35.149998,-121.34999,2018-01-04 00:00:00,0,0.0
35.149998,-121.25,2018-01-04 00:00:00,0,0.0
35.149998,-121.149994,2018-01-04 00:00:00,0,0.0
35.149998,-121.049995,2018-01-04 00:00:00,0,0.0
35.149998,-120.95,2018-01-04 00:00:00,0,0.0
35.149998,-120.84999,2018-01-04 00:00:00,0,0.0
35.149998,-120.75,2018-01-04 00:00:00,0,0.0
35.149998,-120.649994,2018-01-04 00:00:00,0,0.0
35.149998,-120.549995,2018-01-04 00:00:00,0,0.019411135
35.149998,-120.45,2018-01-04 00:00:00,0,0.0025212958
35.149998,-120.34999,2018-01-04 00:00:00,0,0.0017661444
35.149998,-120.25,2018-01-04 00:00:00,0,0.0023115037
35.149998,-120.149994,2018-01-04 00:00:00,0,0.008387419
35.149998,-120.049995,2018-01-04 00:00:00,0,0.0035601677
35.149998,-119.95,2018-01-04 00:00:00,0,0.0112
35.149998,-119.84999,2018-01-04 00:00:00,0,0.14633255
35.149998,-119.75,2018-01-04 00:00:00,0,0.21277219
35.149998,-119.649994,2018-01-04 00:00:00,0,0.29287407
35.149998,-119.549995,2018-01-04 00:00:00,0,0.22417305
35.149998,-119.45,2018-01-04 00:00:00,0,0.18763041
35.149998,-119.34999,2018-01-04 00:00:00,0,0.12401835
35.149998,-119.25,2018-01-04 00:00:00,0,0.099058114
35.149998,-119.149994,2018-01-04 00:00:00,0,0.0979441
35.149998,-119.049995,2018-01-04 00:00:00,0,0.10475814
35.149998,-118.95,2018-01-04 00:00:00,0,0.11853889
35.149998,-118.84999,2018-01-04 00:00:00,0,0.1027989
35.149998,-118.75,2018-01-04 00:00:00,0,0.088165075
35.149998,-118.649994,2018-01-04 00:00:00,0,0.053182904
35.149998,-118.549995,2018-01-04 00:00:00,0,0.040984854
35.149998,-118.45,2018-01-04 00:00:00,0,0.12783834
35.149998,-118.34999,2018-01-04 00:00:00,0,0.109884
35.149998,-118.25,2018-01-04 00:00:00,0,0.15103179
35.149998,-118.149994,2018-01-04 00:00:00,0,0.18696374
35.149998,-118.049995,2018-01-04 00:00:00,0,0.39164412
35.149998,-117.95,2018-01-04 00:00:00,0,0.12723629
35.149998,-117.84999,2018-01-04 00:00:00,0,0.079979025
35.149998,-117.75,2018-01-04 00:00:00,0,0.056042206
35.149998,-117.649994,2018-01-04 00:00:00,0,0.1857179
35.149998,-117.549995,2018-01-04 00:00:00,0,0.29240808
35.149998,-117.45,2018-01-04 00:00:00,0,0.26946285
35.149998,-117.34999,2018-01-04 00:00:00,0,0.36712417
35.149998,-117.25,2018-01-04 00:00:00,0,0.23195493
35.149998,-117.149994,2018-01-04 00:00:00,0,0.0898951
35.149998,-117.049995,2018-01-04 00:00:00,0,0.114186876
35.149998,-116.95,2018-01-04 00:00:00,0,0.42946184
35.149998,-116.84999,2018-01-04 00:00:00,0,0.3493132
35.149998,-116.75,2018-01-04 00:00:00,0,0.40531588
35.149998,-116.649994,2018-01-04 00:00:00,0,0.26955175
35.149998,-116.549995,2018-01-04 00:00:00,0,0.23785532
35.149998,-116.45,2018-01-04 00:00:00,0,0.22945465
35.149998,-116.34999,2018-01-04 00:00:00,0,0.017064005
35.149998,-116.25,2018-01-04 00:00:00,0,0.008164106
35.149998,-116.149994,2018-01-04 00:00:00,0,0.001863515
35.149998,-116.049995,2018-01-04 00:00:00,0,0.00070744817
35.149998,-115.95,2018-01-04 00:00:00,0,0.0
35.149998,-115.85,2018-01-04 00:00:00,0,0.0
35.149998,-115.74999,2018-01-04 00:00:00,0,0.039330877
35.149998,-115.649994,2018-01-04 00:00:00,0,0.24622059
35.149998,-115.549995,2018-01-04 00:00:00,0,0.37866175
35.149998,-115.45,2018-01-04 00:00:00,0,0.0
35.149998,-115.35,2018-01-04 00:00:00,0,0.0
35.149998,-115.24999,2018-01-04 00:00:00,0,0.0
35.149998,-115.149994,2018-01-04 00:00:00,0,0.0
35.149998,-115.049995,2018-01-04 00:00:00,0,0.0
35.149998,-114.95,2018-01-04 00:00:00,0,0.0
35.149998,-114.85,2018-01-04 00:00:00,0,0.0
35.149998,-114.74999,2018-01-04 00:00:00,0,0.0
35.149998,-114.649994,2018-01-04 00:00:00,0,0.0
35.149998,-114.549995,2018-01-04 00:00:00,0,0.0
35.149998,-114.45,2018-01-04 00:00:00,0,0.0
35.149998,-114.35,2018-01-04 00:00:00,0,0.0
35.149998,-114.24999,2018-01-04 00:00:00,0,0.0
35.250004,-124.34999,2018-01-04 00:00:00,0,0.0
35.250004,-124.25,2018-01-04 00:00:00,0,0.0
35.250004,-124.149994,2018-01-04 00:00:00,0,0.0
35.250004,-124.049995,2018-01-04 00:00:00,0,0.0
35.250004,-123.95,2018-01-04 00:00:00,0,0.0
35.250004,-123.84999,2018-01-04 00:00:00,0,0.0
35.250004,-123.75,2018-01-04 00:00:00,0,0.0
35.250004,-123.649994,2018-01-04 00:00:00,0,0.0
35.250004,-123.549995,2018-01-04 00:00:00,0,0.0
35.250004,-123.45,2018-01-04 00:00:00,0,0.0
35.250004,-123.34999,2018-01-04 00:00:00,0,0.0
35.250004,-123.25,2018-01-04 00:00:00,0,0.0
35.250004,-123.149994,2018-01-04 00:00:00,0,0.0
35.250004,-123.049995,2018-01-04 00:00:00,0,0.0
35.250004,-122.95,2018-01-04 00:00:00,0,0.0
35.250004,-122.84999,2018-01-04 00:00:00,0,0.0
35.250004,-122.75,2018-01-04 00:00:00,0,0.0
35.250004,-122.649994,2018-01-04 00:00:00,0,0.0
35.250004,-122.549995,2018-01-04 00:00:00,0,0.0
35.250004,-122.45,2018-01-04 00:00:00,0,0.0
35.250004,-122.34999,2018-01-04 00:00:00,0,0.0
35.250004,-122.25,2018-01-04 00:00:00,0,0.0
35.250004,-122.149994,2018-01-04 00:00:00,0,0.0
35.250004,-122.049995,2018-01-04 00:00:00,0,0.0
35.250004,-121.95,2018-01-04 00:00:00,0,0.0
35.250004,-121.84999,2018-01-04 00:00:00,0,0.0
35.250004,-121.75,2018-01-04 00:00:00,0,0.0
35.250004,-121.649994,2018-01-04 00:00:00,0,0.0
35.250004,-121.549995,2018-01-04 00:00:00,0,0.0
35.250004,-121.45,2018-01-04 00:00:00,0,0.0
35.250004,-121.34999,2018-01-04 00:00:00,0,0.0
35.250004,-121.25,2018-01-04 00:00:00,0,0.0
35.250004,-121.149994,2018-01-04 00:00:00,0,0.0
35.250004,-121.049995,2018-01-04 00:00:00,0,0.0
35.250004,-120.95,2018-01-04 00:00:00,0,0.0
35.250004,-120.84999,2018-01-04 00:00:00,0,0.22253616
35.250004,-120.75,2018-01-04 00:00:00,0,0.0
35.250004,-120.649994,2018-01-04 00:00:00,0,0.0
35.250004,-120.549995,2018-01-04 00:00:00,0,0.0
35.250004,-120.45,2018-01-04 00:00:00,0,0.0
35.250004,-120.34999,2018-01-04 00:00:00,0,0.0088307215
35.250004,-120.25,2018-01-04 00:00:00,0,0.6027223
35.250004,-120.149994,2018-01-04 00:00:00,0,0.45738953
35.250004,-120.049995,2018-01-04 00:00:00,0,0.22713637
35.250004,-119.95,2018-01-04 00:00:00,0,0.24013633
35.250004,-119.84999,2018-01-04 00:00:00,0,0.3827913
35.250004,-119.75,2018-01-04 00:00:00,0,0.36371648
35.250004,-119.649994,2018-01-04 00:00:00,0,0.3680582
35.250004,-119.549995,2018-01-04 00:00:00,0,0.17443515
35.250004,-119.45,2018-01-04 00:00:00,0,0.08824097
35.250004,-119.34999,2018-01-04 00:00:00,0,0.02907293
35.250004,-119.25,2018-01-04 00:00:00,0,0.055498667
35.250004,-119.149994,2018-01-04 00:00:00,0,0.08402684
35.250004,-119.049995,2018-01-04 00:00:00,0,0.17569734
35.250004,-118.95,2018-01-04 00:00:00,0,0.1596374
35.250004,-118.84999,2018-01-04 00:00:00,0,0.070572026
35.250004,-118.75,2018-01-04 00:00:00,0,0.045195676
35.250004,-118.649994,2018-01-04 00:00:00,0,0.030343493
35.250004,-118.549995,2018-01-04 00:00:00,0,0.007716073
35.250004,-118.45,2018-01-04 00:00:00,0,0.10845342
35.250004,-118.34999,2018-01-04 00:00:00,0,0.02700047
35.250004,-118.25,2018-01-04 00:00:00,0,0.032418136
35.250004,-118.149994,2018-01-04 00:00:00,0,0.10464612
35.250004,-118.049995,2018-01-04 00:00:00,0,0.44339973
35.250004,-117.95,2018-01-04 00:00:00,0,0.37387696
35.250004,-117.84999,2018-01-04 00:00:00,0,0.06659162
35.250004,-117.75,2018-01-04 00:00:00,0,0.095649
35.250004,-117.649994,2018-01-04 00:00:00,0,0.07735959
35.250004,-117.549995,2018-01-04 00:00:00,0,0.36542344
35.250004,-117.45,2018-01-04 00:00:00,0,0.2845344
35.250004,-117.34999,2018-01-04 00:00:00,0,0.22172955
35.250004,-117.25,2018-01-04 00:00:00,0,0.52291536
35.250004,-117.149994,2018-01-04 00:00:00,0,0.2797779
35.250004,-117.049995,2018-01-04 00:00:00,0,0.205883
35.250004,-116.95,2018-01-04 00:00:00,0,0.2453468
35.250004,-116.84999,2018-01-04 00:00:00,0,0.17606993
35.250004,-116.75,2018-01-04 00:00:00,0,0.19046028
35.250004,-116.649994,2018-01-04 00:00:00,0,0.10766468
35.250004,-116.549995,2018-01-04 00:00:00,0,0.07423378
35.250004,-116.45,2018-01-04 00:00:00,0,0.04846093
35.250004,-116.34999,2018-01-04 00:00:00,0,0.0123371575
35.250004,-116.25,2018-01-04 00:00:00,0,0.0049521374
35.250004,-116.149994,2018-01-04 00:00:00,0,0.0007782595
35.250004,-116.049995,2018-01-04 00:00:00,0,0.0013657031
35.250004,-115.95,2018-01-04 00:00:00,0,0.0018964647
35.250004,-115.85,2018-01-04 00:00:00,0,0.01758271
35.250004,-115.74999,2018-01-04 00:00:00,0,0.019933887
35.250004,-115.649994,2018-01-04 00:00:00,0,0.03383591
35.250004,-115.549995,2018-01-04 00:00:00,0,0.39133272
35.250004,-115.45,2018-01-04 00:00:00,0,0.23205589
35.250004,-115.35,2018-01-04 00:00:00,0,0.0011560669
35.250004,-115.24999,2018-01-04 00:00:00,0,0.00070744817
35.250004,-115.149994,2018-01-04 00:00:00,0,0.0
35.250004,-115.049995,2018-01-04 00:00:00,0,0.0
35.250004,-114.95,2018-01-04 00:00:00,0,0.0
35.250004,-114.85,2018-01-04 00:00:00,0,0.0
35.250004,-114.74999,2018-01-04 00:00:00,0,0.0
35.250004,-114.649994,2018-01-04 00:00:00,0,0.0
35.250004,-114.549995,2018-01-04 00:00:00,0,0.0
35.250004,-114.45,2018-01-04 00:00:00,0,0.0
35.250004,-114.35,2018-01-04 00:00:00,0,0.0
35.250004,-114.24999,2018-01-04 00:00:00,0,0.0
35.350002,-124.34999,2018-01-04 00:00:00,0,0.0
35.350002,-124.25,2018-01-04 00:00:00,0,0.0
35.350002,-124.149994,2018-01-04 00:00:00,0,0.0
35.350002,-124.049995,2018-01-04 00:00:00,0,0.0
35.350002,-123.95,2018-01-04 00:00:00,0,0.0
35.350002,-123.84999,2018-01-04 00:00:00,0,0.0
35.350002,-123.75,2018-01-04 00:00:00,0,0.0
35.350002,-123.649994,2018-01-04 00:00:00,0,0.0
35.350002,-123.549995,2018-01-04 00:00:00,0,0.0
35.350002,-123.45,2018-01-04 00:00:00,0,0.0
35.350002,-123.34999,2018-01-04 00:00:00,0,0.0
35.350002,-123.25,2018-01-04 00:00:00,0,0.0
35.350002,-123.149994,2018-01-04 00:00:00,0,0.0
35.350002,-123.049995,2018-01-04 00:00:00,0,0.0
35.350002,-122.95,2018-01-04 00:00:00,0,0.0
35.350002,-122.84999,2018-01-04 00:00:00,0,0.0
35.350002,-122.75,2018-01-04 00:00:00,0,0.0
35.350002,-122.649994,2018-01-04 00:00:00,0,0.0
35.350002,-122.549995,2018-01-04 00:00:00,0,0.0
35.350002,-122.45,2018-01-04 00:00:00,0,0.0
35.350002,-122.34999,2018-01-04 00:00:00,0,0.0
35.350002,-122.25,2018-01-04 00:00:00,0,0.0
35.350002,-122.149994,2018-01-04 00:00:00,0,0.0
35.350002,-122.049995,2018-01-04 00:00:00,0,0.0
35.350002,-121.95,2018-01-04 00:00:00,0,0.0
35.350002,-121.84999,2018-01-04 00:00:00,0,0.0
35.350002,-121.75,2018-01-04 00:00:00,0,0.0
35.350002,-121.649994,2018-01-04 00:00:00,0,0.0
35.350002,-121.549995,2018-01-04 00:00:00,0,0.0
35.350002,-121.45,2018-01-04 00:00:00,0,0.0
35.350002,-121.34999,2018-01-04 00:00:00,0,0.0
35.350002,-121.25,2018-01-04 00:00:00,0,0.0
35.350002,-121.149994,2018-01-04 00:00:00,0,0.0
35.350002,-121.049995,2018-01-04 00:00:00,0,0.0
35.350002,-120.95,2018-01-04 00:00:00,0,0.0
35.350002,-120.84999,2018-01-04 00:00:00,0,0.0
35.350002,-120.75,2018-01-04 00:00:00,0,1.1064348
35.350002,-120.649994,2018-01-04 00:00:00,0,0.14371386
35.350002,-120.549995,2018-01-04 00:00:00,0,0.0
35.350002,-120.45,2018-01-04 00:00:00,0,0.0317906
35.350002,-120.34999,2018-01-04 00:00:00,0,0.07163152
35.350002,-120.25,2018-01-04 00:00:00,0,0.31030113
35.350002,-120.149994,2018-01-04 00:00:00,0,0.38616377
35.350002,-120.049995,2018-01-04 00:00:00,0,0.5858549
35.350002,-119.95,2018-01-04 00:00:00,0,0.83579767
35.350002,-119.84999,2018-01-04 00:00:00,0,0.54974526
35.350002,-119.75,2018-01-04 00:00:00,0,0.4777964
35.350002,-119.649994,2018-01-04 00:00:00,0,0.3404828
35.350002,-119.549995,2018-01-04 00:00:00,0,0.18159589
35.350002,-119.45,2018-01-04 00:00:00,0,0.08672588
35.350002,-119.34999,2018-01-04 00:00:00,0,0.058808636
35.350002,-119.25,2018-01-04 00:00:00,0,0.095950685
35.350002,-119.149994,2018-01-04 00:00:00,0,0.14147693
35.350002,-119.049995,2018-01-04 00:00:00,0,0.24063885
35.350002,-118.95,2018-01-04 00:00:00,0,0.24940157
35.350002,-118.84999,2018-01-04 00:00:00,0,0.12591441
35.350002,-118.75,2018-01-04 00:00:00,0,0.07174595
35.350002,-118.649994,2018-01-04 00:00:00,0,0.019436046
35.350002,-118.549995,2018-01-04 00:00:00,0,0.0
35.350002,-118.45,2018-01-04 00:00:00,0,0.0105191255
35.350002,-118.34999,2018-01-04 00:00:00,0,0.014986363
35.350002,-118.25,2018-01-04 00:00:00,0,0.15285139
35.350002,-118.149994,2018-01-04 00:00:00,0,0.29122728
35.350002,-118.049995,2018-01-04 00:00:00,0,0.47045732
35.350002,-117.95,2018-01-04 00:00:00,0,0.3392495
35.350002,-117.84999,2018-01-04 00:00:00,0,0.0
35.350002,-117.75,2018-01-04 00:00:00,0,0.02867051
35.350002,-117.649994,2018-01-04 00:00:00,0,0.02867051
35.350002,-117.549995,2018-01-04 00:00:00,0,0.098151386
35.350002,-117.45,2018-01-04 00:00:00,0,0.0
35.350002,-117.34999,2018-01-04 00:00:00,0,0.19156154
35.350002,-117.25,2018-01-04 00:00:00,0,1.0094411
35.350002,-117.149994,2018-01-04 00:00:00,0,0.2048167
35.350002,-117.049995,2018-01-04 00:00:00,0,0.17362186
35.350002,-116.95,2018-01-04 00:00:00,0,0.19334783
35.350002,-116.84999,2018-01-04 00:00:00,0,0.06457634
35.350002,-116.75,2018-01-04 00:00:00,0,0.034538127
35.350002,-116.649994,2018-01-04 00:00:00,0,0.05088433
35.350002,-116.549995,2018-01-04 00:00:00,0,0.04410158
35.350002,-116.45,2018-01-04 00:00:00,0,0.026388703
35.350002,-116.34999,2018-01-04 00:00:00,0,0.05381774
35.350002,-116.25,2018-01-04 00:00:00,0,0.0
35.350002,-116.149994,2018-01-04 00:00:00,0,0.0
35.350002,-116.049995,2018-01-04 00:00:00,0,0.0
35.350002,-115.95,2018-01-04 00:00:00,0,0.0
35.350002,-115.85,2018-01-04 00:00:00,0,0.0
35.350002,-115.74999,2018-01-04 00:00:00,0,0.035
35.350002,-115.649994,2018-01-04 00:00:00,0,0.0
35.350002,-115.549995,2018-01-04 00:00:00,0,0.0
35.350002,-115.45,2018-01-04 00:00:00,0,0.0
35.350002,-115.35,2018-01-04 00:00:00,0,0.085
35.350002,-115.24999,2018-01-04 00:00:00,0,0.04
35.350002,-115.149994,2018-01-04 00:00:00,0,0.0
35.350002,-115.049995,2018-01-04 00:00:00,0,0.0
35.350002,-114.95,2018-01-04 00:00:00,0,0.0
35.350002,-114.85,2018-01-04 00:00:00,0,0.0
35.350002,-114.74999,2018-01-04 00:00:00,0,0.0
35.350002,-114.649994,2018-01-04 00:00:00,0,0.0
35.350002,-114.549995,2018-01-04 00:00:00,0,0.0
35.350002,-114.45,2018-01-04 00:00:00,0,0.0
35.350002,-114.35,2018-01-04 00:00:00,0,0.0
35.350002,-114.24999,2018-01-04 00:00:00,0,0.0
35.45,-124.34999,2018-01-04 00:00:00,0,0.0
35.45,-124.25,2018-01-04 00:00:00,0,0.0
35.45,-124.149994,2018-01-04 00:00:00,0,0.0
35.45,-124.049995,2018-01-04 00:00:00,0,0.0
35.45,-123.95,2018-01-04 00:00:00,0,0.0
35.45,-123.84999,2018-01-04 00:00:00,0,0.0
35.45,-123.75,2018-01-04 00:00:00,0,0.0
35.45,-123.649994,2018-01-04 00:00:00,0,0.0
35.45,-123.549995,2018-01-04 00:00:00,0,0.0
35.45,-123.45,2018-01-04 00:00:00,0,0.0
35.45,-123.34999,2018-01-04 00:00:00,0,0.0
35.45,-123.25,2018-01-04 00:00:00,0,0.0
35.45,-123.149994,2018-01-04 00:00:00,0,0.0
35.45,-123.049995,2018-01-04 00:00:00,0,0.0
35.45,-122.95,2018-01-04 00:00:00,0,0.0
35.45,-122.84999,2018-01-04 00:00:00,0,0.0
35.45,-122.75,2018-01-04 00:00:00,0,0.0
35.45,-122.649994,2018-01-04 00:00:00,0,0.0
35.45,-122.549995,2018-01-04 00:00:00,0,0.0
35.45,-122.45,2018-01-04 00:00:00,0,0.0
35.45,-122.34999,2018-01-04 00:00:00,0,0.0
35.45,-122.25,2018-01-04 00:00:00,0,0.0
35.45,-122.149994,2018-01-04 00:00:00,0,0.0
35.45,-122.049995,2018-01-04 00:00:00,0,0.0
35.45,-121.95,2018-01-04 00:00:00,0,0.0
35.45,-121.84999,2018-01-04 00:00:00,0,0.0
35.45,-121.75,2018-01-04 00:00:00,0,0.0
35.45,-121.649994,2018-01-04 00:00:00,0,0.0
35.45,-121.549995,2018-01-04 00:00:00,0,0.0
35.45,-121.45,2018-01-04 00:00:00,0,0.0
35.45,-121.34999,2018-01-04 00:00:00,0,0.0
35.45,-121.25,2018-01-04 00:00:00,0,0.0
35.45,-121.149994,2018-01-04 00:00:00,0,0.0
35.45,-121.049995,2018-01-04 00:00:00,0,0.0
35.45,-120.95,2018-01-04 00:00:00,0,0.00013510426
35.45,-120.84999,2018-01-04 00:00:00,0,6.0562873
35.45,-120.75,2018-01-04 00:00:00,0,1.6835833
35.45,-120.649994,2018-01-04 00:00:00,0,2.6293058
35.45,-120.549995,2018-01-04 00:00:00,0,0.3377167
35.45,-120.45,2018-01-04 00:00:00,0,0.017206764
35.45,-120.34999,2018-01-04 00:00:00,0,0.06802692
35.45,-120.25,2018-01-04 00:00:00,0,0.26361242
35.45,-120.149994,2018-01-04 00:00:00,0,0.58374983
35.45,-120.049995,2018-01-04 00:00:00,0,1.2793797
35.45,-119.95,2018-01-04 00:00:00,0,0.81630224
35.45,-119.84999,2018-01-04 00:00:00,0,0.9497937
35.45,-119.75,2018-01-04 00:00:00,0,0.57819074
35.45,-119.649994,2018-01-04 00:00:00,0,0.33683762
35.45,-119.549995,2018-01-04 00:00:00,0,0.1754869
35.45,-119.45,2018-01-04 00:00:00,0,0.08400297
35.45,-119.34999,2018-01-04 00:00:00,0,0.07719584
35.45,-119.25,2018-01-04 00:00:00,0,0.09824898
35.45,-119.149994,2018-01-04 00:00:00,0,0.12718369
35.45,-119.049995,2018-01-04 00:00:00,0,0.08670801
35.45,-118.95,2018-01-04 00:00:00,0,0.07406808
35.45,-118.84999,2018-01-04 00:00:00,0,0.055696916
35.45,-118.75,2018-01-04 00:00:00,0,0.037497286
35.45,-118.649994,2018-01-04 00:00:00,0,0.014746187
35.45,-118.549995,2018-01-04 00:00:00,0,0.0025212958
35.45,-118.45,2018-01-04 00:00:00,0,0.0
35.45,-118.34999,2018-01-04 00:00:00,0,0.01804042
35.45,-118.25,2018-01-04 00:00:00,0,0.21293561
35.45,-118.149994,2018-01-04 00:00:00,0,0.29560786
35.45,-118.049995,2018-01-04 00:00:00,0,0.55532223
35.45,-117.95,2018-01-04 00:00:00,0,0.5699282
35.45,-117.84999,2018-01-04 00:00:00,0,0.0
35.45,-117.75,2018-01-04 00:00:00,0,0.0
35.45,-117.649994,2018-01-04 00:00:00,0,0.0
35.45,-117.549995,2018-01-04 00:00:00,0,0.0
35.45,-117.45,2018-01-04 00:00:00,0,0.00028009398
35.45,-117.34999,2018-01-04 00:00:00,0,0.10701955
35.45,-117.25,2018-01-04 00:00:00,0,0.85508007
35.45,-117.149994,2018-01-04 00:00:00,0,0.15044531
35.45,-117.049995,2018-01-04 00:00:00,0,0.15772405
35.45,-116.95,2018-01-04 00:00:00,0,0.17641051
35.45,-116.84999,2018-01-04 00:00:00,0,0.03726426
35.45,-116.75,2018-01-04 00:00:00,0,0.040059283
35.45,-116.649994,2018-01-04 00:00:00,0,0.078202516
35.45,-116.549995,2018-01-04 00:00:00,0,0.3371479
35.45,-116.45,2018-01-04 00:00:00,0,0.17316058
35.45,-116.34999,2018-01-04 00:00:00,0,0.0
35.45,-116.25,2018-01-04 00:00:00,0,0.0
35.45,-116.149994,2018-01-04 00:00:00,0,0.0
35.45,-116.049995,2018-01-04 00:00:00,0,0.0
35.45,-115.95,2018-01-04 00:00:00,0,0.0
35.45,-115.85,2018-01-04 00:00:00,0,0.0
35.45,-115.74999,2018-01-04 00:00:00,0,0.0
35.45,-115.649994,2018-01-04 00:00:00,0,0.0
35.45,-115.549995,2018-01-04 00:00:00,0,0.0
35.45,-115.45,2018-01-04 00:00:00,0,0.0
35.45,-115.35,2018-01-04 00:00:00,0,0.0
35.45,-115.24999,2018-01-04 00:00:00,0,0.0
35.45,-115.149994,2018-01-04 00:00:00,0,0.0
35.45,-115.049995,2018-01-04 00:00:00,0,0.0
35.45,-114.95,2018-01-04 00:00:00,0,0.0
35.45,-114.85,2018-01-04 00:00:00,0,0.0
35.45,-114.74999,2018-01-04 00:00:00,0,0.0
35.45,-114.649994,2018-01-04 00:00:00,0,0.0
35.45,-114.549995,2018-01-04 00:00:00,0,0.0
35.45,-114.45,2018-01-04 00:00:00,0,0.0
35.45,-114.35,2018-01-04 00:00:00,0,0.0
35.45,-114.24999,2018-01-04 00:00:00,0,0.0
35.55,-124.34999,2018-01-04 00:00:00,0,0.0
35.55,-124.25,2018-01-04 00:00:00,0,0.0
35.55,-124.149994,2018-01-04 00:00:00,0,0.0
35.55,-124.049995,2018-01-04 00:00:00,0,0.0
35.55,-123.95,2018-01-04 00:00:00,0,0.0
35.55,-123.84999,2018-01-04 00:00:00,0,0.0
35.55,-123.75,2018-01-04 00:00:00,0,0.0
35.55,-123.649994,2018-01-04 00:00:00,0,0.0
35.55,-123.549995,2018-01-04 00:00:00,0,0.0
35.55,-123.45,2018-01-04 00:00:00,0,0.0
35.55,-123.34999,2018-01-04 00:00:00,0,0.0
35.55,-123.25,2018-01-04 00:00:00,0,0.0
35.55,-123.149994,2018-01-04 00:00:00,0,0.0
35.55,-123.049995,2018-01-04 00:00:00,0,0.0
35.55,-122.95,2018-01-04 00:00:00,0,0.0
35.55,-122.84999,2018-01-04 00:00:00,0,0.0
35.55,-122.75,2018-01-04 00:00:00,0,0.0
35.55,-122.649994,2018-01-04 00:00:00,0,0.0
35.55,-122.549995,2018-01-04 00:00:00,0,0.0
35.55,-122.45,2018-01-04 00:00:00,0,0.0
35.55,-122.34999,2018-01-04 00:00:00,0,0.0
35.55,-122.25,2018-01-04 00:00:00,0,0.0
35.55,-122.149994,2018-01-04 00:00:00,0,0.0
35.55,-122.049995,2018-01-04 00:00:00,0,0.0
35.55,-121.95,2018-01-04 00:00:00,0,0.0
35.55,-121.84999,2018-01-04 00:00:00,0,0.0
35.55,-121.75,2018-01-04 00:00:00,0,0.0
35.55,-121.649994,2018-01-04 00:00:00,0,0.0
35.55,-121.549995,2018-01-04 00:00:00,0,0.0
35.55,-121.45,2018-01-04 00:00:00,0,0.0
35.55,-121.34999,2018-01-04 00:00:00,0,0.0
35.55,-121.25,2018-01-04 00:00:00,0,0.0
35.55,-121.149994,2018-01-04 00:00:00,0,0.0
35.55,-121.049995,2018-01-04 00:00:00,0,0.00244906
35.55,-120.95,2018-01-04 00:00:00,0,0.0012159385
35.55,-120.84999,2018-01-04 00:00:00,0,0.00013510426
35.55,-120.75,2018-01-04 00:00:00,0,0.0
35.55,-120.649994,2018-01-04 00:00:00,0,0.0
35.55,-120.549995,2018-01-04 00:00:00,0,0.2807386
35.55,-120.45,2018-01-04 00:00:00,0,0.4996353
35.55,-120.34999,2018-01-04 00:00:00,0,0.41026717
35.55,-120.25,2018-01-04 00:00:00,0,0.30647886
35.55,-120.149994,2018-01-04 00:00:00,0,0.3046317
35.55,-120.049995,2018-01-04 00:00:00,0,0.9498637
35.55,-119.95,2018-01-04 00:00:00,0,0.71349674
35.55,-119.84999,2018-01-04 00:00:00,0,4.170235
35.55,-119.75,2018-01-04 00:00:00,0,1.2944335
35.55,-119.649994,2018-01-04 00:00:00,0,1.1541473
35.55,-119.549995,2018-01-04 00:00:00,0,0.39542335
35.55,-119.45,2018-01-04 00:00:00,0,0.23231125
35.55,-119.34999,2018-01-04 00:00:00,0,0.15962279
35.55,-119.25,2018-01-04 00:00:00,0,0.07514729
35.55,-119.149994,2018-01-04 00:00:00,0,0.07160202
35.55,-119.049995,2018-01-04 00:00:00,0,0.04796767
35.55,-118.95,2018-01-04 00:00:00,0,0.06243822
35.55,-118.84999,2018-01-04 00:00:00,0,0.040405236
35.55,-118.75,2018-01-04 00:00:00,0,0.014116743
35.55,-118.649994,2018-01-04 00:00:00,0,0.0
35.55,-118.549995,2018-01-04 00:00:00,0,0.0
35.55,-118.45,2018-01-04 00:00:00,0,0.0
35.55,-118.34999,2018-01-04 00:00:00,0,0.0
35.55,-118.25,2018-01-04 00:00:00,0,0.16336246
35.55,-118.149994,2018-01-04 00:00:00,0,0.7404897
35.55,-118.049995,2018-01-04 00:00:00,0,0.88179255
35.55,-117.95,2018-01-04 00:00:00,0,0.13674863
35.55,-117.84999,2018-01-04 00:00:00,0,0.0
35.55,-117.75,2018-01-04 00:00:00,0,0.0
35.55,-117.649994,2018-01-04 00:00:00,0,0.0
35.55,-117.549995,2018-01-04 00:00:00,0,7.0023496e-05
35.55,-117.45,2018-01-04 00:00:00,0,0.13637713
35.55,-117.34999,2018-01-04 00:00:00,0,0.14715171
35.55,-117.25,2018-01-04 00:00:00,0,0.043709088
35.55,-117.149994,2018-01-04 00:00:00,0,0.20080383
35.55,-117.049995,2018-01-04 00:00:00,0,0.17771678
35.55,-116.95,2018-01-04 00:00:00,0,0.009316497
35.55,-116.84999,2018-01-04 00:00:00,0,0.0073977923
35.55,-116.75,2018-01-04 00:00:00,0,0.13526787
35.55,-116.649994,2018-01-04 00:00:00,0,0.003019582
35.55,-116.549995,2018-01-04 00:00:00,0,0.0014148963
35.55,-116.45,2018-01-04 00:00:00,0,0.0
35.55,-116.34999,2018-01-04 00:00:00,0,0.0
35.55,-116.25,2018-01-04 00:00:00,0,0.0
35.55,-116.149994,2018-01-04 00:00:00,0,0.0
35.55,-116.049995,2018-01-04 00:00:00,0,0.0
35.55,-115.95,2018-01-04 00:00:00,0,0.0
35.55,-115.85,2018-01-04 00:00:00,0,0.0
35.55,-115.74999,2018-01-04 00:00:00,0,0.0
35.55,-115.649994,2018-01-04 00:00:00,0,0.0
35.55,-115.549995,2018-01-04 00:00:00,0,0.0
35.55,-115.45,2018-01-04 00:00:00,0,0.0
35.55,-115.35,2018-01-04 00:00:00,0,0.0
35.55,-115.24999,2018-01-04 00:00:00,0,0.0
35.55,-115.149994,2018-01-04 00:00:00,0,0.0
35.55,-115.049995,2018-01-04 00:00:00,0,0.0
35.55,-114.95,2018-01-04 00:00:00,0,0.0
35.55,-114.85,2018-01-04 00:00:00,0,0.0
35.55,-114.74999,2018-01-04 00:00:00,0,0.0
35.55,-114.649994,2018-01-04 00:00:00,0,0.0
35.55,-114.549995,2018-01-04 00:00:00,0,0.0
35.55,-114.45,2018-01-04 00:00:00,0,0.0
35.55,-114.35,2018-01-04 00:00:00,0,0.0
35.55,-114.24999,2018-01-04 00:00:00,0,0.0
35.649998,-124.34999,2018-01-04 00:00:00,0,0.0
35.649998,-124.25,2018-01-04 00:00:00,0,0.0
35.649998,-124.149994,2018-01-04 00:00:00,0,0.0
35.649998,-124.049995,2018-01-04 00:00:00,0,0.0
35.649998,-123.95,2018-01-04 00:00:00,0,0.0
35.649998,-123.84999,2018-01-04 00:00:00,0,0.0
35.649998,-123.75,2018-01-04 00:00:00,0,0.0
35.649998,-123.649994,2018-01-04 00:00:00,0,0.0
35.649998,-123.549995,2018-01-04 00:00:00,0,0.0
35.649998,-123.45,2018-01-04 00:00:00,0,0.0
35.649998,-123.34999,2018-01-04 00:00:00,0,0.0
35.649998,-123.25,2018-01-04 00:00:00,0,0.0
35.649998,-123.149994,2018-01-04 00:00:00,0,0.0
35.649998,-123.049995,2018-01-04 00:00:00,0,0.0
35.649998,-122.95,2018-01-04 00:00:00,0,0.0
35.649998,-122.84999,2018-01-04 00:00:00,0,0.0
35.649998,-122.75,2018-01-04 00:00:00,0,0.0
35.649998,-122.649994,2018-01-04 00:00:00,0,0.0
35.649998,-122.549995,2018-01-04 00:00:00,0,0.0
35.649998,-122.45,2018-01-04 00:00:00,0,0.0
35.649998,-122.34999,2018-01-04 00:00:00,0,0.0
35.649998,-122.25,2018-01-04 00:00:00,0,0.0
35.649998,-122.149994,2018-01-04 00:00:00,0,0.0
35.649998,-122.049995,2018-01-04 00:00:00,0,0.0
35.649998,-121.95,2018-01-04 00:00:00,0,0.0
35.649998,-121.84999,2018-01-04 00:00:00,0,0.0
35.649998,-121.75,2018-01-04 00:00:00,0,0.0
35.649998,-121.649994,2018-01-04 00:00:00,0,0.0
35.649998,-121.549995,2018-01-04 00:00:00,0,0.0
35.649998,-121.45,2018-01-04 00:00:00,0,0.0
35.649998,-121.34999,2018-01-04 00:00:00,0,0.0
35.649998,-121.25,2018-01-04 00:00:00,0,0.0
35.649998,-121.149994,2018-01-04 00:00:00,0,4.1273646
35.649998,-121.049995,2018-01-04 00:00:00,0,0.022910189
35.649998,-120.95,2018-01-04 00:00:00,0,0.0037550144
35.649998,-120.84999,2018-01-04 00:00:00,0,0.0006567796
35.649998,-120.75,2018-01-04 00:00:00,0,0.001691293
35.649998,-120.649994,2018-01-04 00:00:00,0,0.00027465442
35.649998,-120.549995,2018-01-04 00:00:00,0,0.30463123
35.649998,-120.45,2018-01-04 00:00:00,0,0.53141844
35.649998,-120.34999,2018-01-04 00:00:00,0,0.4259984
35.649998,-120.25,2018-01-04 00:00:00,0,0.19268386
35.649998,-120.149994,2018-01-04 00:00:00,0,0.09850167
35.649998,-120.049995,2018-01-04 00:00:00,0,0.056459054
35.649998,-119.95,2018-01-04 00:00:00,0,4.134828
35.649998,-119.84999,2018-01-04 00:00:00,0,4.0638466
35.649998,-119.75,2018-01-04 00:00:00,0,1.223729
35.649998,-119.649994,2018-01-04 00:00:00,0,1.2056789
35.649998,-119.549995,2018-01-04 00:00:00,0,0.30647075
35.649998,-119.45,2018-01-04 00:00:00,0,0.21779259
35.649998,-119.34999,2018-01-04 00:00:00,0,0.10766663
35.649998,-119.25,2018-01-04 00:00:00,0,0.048940867
35.649998,-119.149994,2018-01-04 00:00:00,0,0.031653192
35.649998,-119.049995,2018-01-04 00:00:00,0,0.032779697
35.649998,-118.95,2018-01-04 00:00:00,0,0.04409471
35.649998,-118.84999,2018-01-04 00:00:00,0,0.042241625
35.649998,-118.75,2018-01-04 00:00:00,0,0.02144977
35.649998,-118.649994,2018-01-04 00:00:00,0,0.0
35.649998,-118.549995,2018-01-04 00:00:00,0,0.0
35.649998,-118.45,2018-01-04 00:00:00,0,0.084153004
35.649998,-118.34999,2018-01-04 00:00:00,0,0.10890831
35.649998,-118.25,2018-01-04 00:00:00,0,0.12705971
35.649998,-118.149994,2018-01-04 00:00:00,0,0.12705971
35.649998,-118.049995,2018-01-04 00:00:00,0,0.14521109
35.649998,-117.95,2018-01-04 00:00:00,0,0.0
35.649998,-117.84999,2018-01-04 00:00:00,0,0.0
35.649998,-117.75,2018-01-04 00:00:00,0,0.0
35.649998,-117.649994,2018-01-04 00:00:00,0,0.0
35.649998,-117.549995,2018-01-04 00:00:00,0,0.094987236
35.649998,-117.45,2018-01-04 00:00:00,0,0.037670836
35.649998,-117.34999,2018-01-04 00:00:00,0,0.025262004
35.649998,-117.25,2018-01-04 00:00:00,0,0.135262
35.649998,-117.149994,2018-01-04 00:00:00,0,0.022670837
35.649998,-117.049995,2018-01-04 00:00:00,0,0.012151712
35.649998,-116.95,2018-01-04 00:00:00,0,0.0
35.649998,-116.84999,2018-01-04 00:00:00,0,0.0
35.649998,-116.75,2018-01-04 00:00:00,0,0.0
35.649998,-116.649994,2018-01-04 00:00:00,0,0.0
35.649998,-116.549995,2018-01-04 00:00:00,0,0.0
35.649998,-116.45,2018-01-04 00:00:00,0,0.0
35.649998,-116.34999,2018-01-04 00:00:00,0,0.0
35.649998,-116.25,2018-01-04 00:00:00,0,0.0
35.649998,-116.149994,2018-01-04 00:00:00,0,0.0
35.649998,-116.049995,2018-01-04 00:00:00,0,0.0
35.649998,-115.95,2018-01-04 00:00:00,0,0.0
35.649998,-115.85,2018-01-04 00:00:00,0,0.0
35.649998,-115.74999,2018-01-04 00:00:00,0,0.0
35.649998,-115.649994,2018-01-04 00:00:00,0,0.0
35.649998,-115.549995,2018-01-04 00:00:00,0,0.0
35.649998,-115.45,2018-01-04 00:00:00,0,0.0
35.649998,-115.35,2018-01-04 00:00:00,0,0.0
35.649998,-115.24999,2018-01-04 00:00:00,0,0.0
35.649998,-115.149994,2018-01-04 00:00:00,0,0.0
35.649998,-115.049995,2018-01-04 00:00:00,0,0.0
35.649998,-114.95,2018-01-04 00:00:00,0,0.0
35.649998,-114.85,2018-01-04 00:00:00,0,0.0
35.649998,-114.74999,2018-01-04 00:00:00,0,0.0
35.649998,-114.649994,2018-01-04 00:00:00,0,0.0
35.649998,-114.549995,2018-01-04 00:00:00,0,0.0
35.649998,-114.45,2018-01-04 00:00:00,0,0.0
35.649998,-114.35,2018-01-04 00:00:00,0,0.0
35.649998,-114.24999,2018-01-04 00:00:00,0,0.0
35.750004,-124.34999,2018-01-04 00:00:00,0,0.0
35.750004,-124.25,2018-01-04 00:00:00,0,0.0
35.750004,-124.149994,2018-01-04 00:00:00,0,0.0
35.750004,-124.049995,2018-01-04 00:00:00,0,0.0
35.750004,-123.95,2018-01-04 00:00:00,0,0.0
35.750004,-123.84999,2018-01-04 00:00:00,0,0.0
35.750004,-123.75,2018-01-04 00:00:00,0,0.0
35.750004,-123.649994,2018-01-04 00:00:00,0,0.0
35.750004,-123.549995,2018-01-04 00:00:00,0,0.0
35.750004,-123.45,2018-01-04 00:00:00,0,0.0
35.750004,-123.34999,2018-01-04 00:00:00,0,0.0
35.750004,-123.25,2018-01-04 00:00:00,0,0.0
35.750004,-123.149994,2018-01-04 00:00:00,0,0.0
35.750004,-123.049995,2018-01-04 00:00:00,0,0.0
35.750004,-122.95,2018-01-04 00:00:00,0,0.0
35.750004,-122.84999,2018-01-04 00:00:00,0,0.0
35.750004,-122.75,2018-01-04 00:00:00,0,0.0
35.750004,-122.649994,2018-01-04 00:00:00,0,0.0
35.750004,-122.549995,2018-01-04 00:00:00,0,0.0
35.750004,-122.45,2018-01-04 00:00:00,0,0.0
35.750004,-122.34999,2018-01-04 00:00:00,0,0.0
35.750004,-122.25,2018-01-04 00:00:00,0,0.0
35.750004,-122.149994,2018-01-04 00:00:00,0,0.0
35.750004,-122.049995,2018-01-04 00:00:00,0,0.0
35.750004,-121.95,2018-01-04 00:00:00,0,0.0
35.750004,-121.84999,2018-01-04 00:00:00,0,0.0
35.750004,-121.75,2018-01-04 00:00:00,0,0.0
35.750004,-121.649994,2018-01-04 00:00:00,0,0.0
35.750004,-121.549995,2018-01-04 00:00:00,0,0.0
35.750004,-121.45,2018-01-04 00:00:00,0,0.0
35.750004,-121.34999,2018-01-04 00:00:00,0,0.0
35.750004,-121.25,2018-01-04 00:00:00,0,6.9744096
35.750004,-121.149994,2018-01-04 00:00:00,0,3.9829226
35.750004,-121.049995,2018-01-04 00:00:00,0,0.00086161506
35.750004,-120.95,2018-01-04 00:00:00,0,0.00067956443
35.750004,-120.84999,2018-01-04 00:00:00,0,0.004004172
35.750004,-120.75,2018-01-04 00:00:00,0,0.01152103
35.750004,-120.649994,2018-01-04 00:00:00,0,0.0020671356
35.750004,-120.549995,2018-01-04 00:00:00,0,0.008959742
35.750004,-120.45,2018-01-04 00:00:00,0,0.036184654
35.750004,-120.34999,2018-01-04 00:00:00,0,0.1775683
35.750004,-120.25,2018-01-04 00:00:00,0,0.12138663
35.750004,-120.149994,2018-01-04 00:00:00,0,0.119054765
35.750004,-120.049995,2018-01-04 00:00:00,0,0.03996752
35.750004,-119.95,2018-01-04 00:00:00,0,0.041743197
35.750004,-119.84999,2018-01-04 00:00:00,0,0.34355998
35.750004,-119.75,2018-01-04 00:00:00,0,0.28533006
35.750004,-119.649994,2018-01-04 00:00:00,0,0.3198101
35.750004,-119.549995,2018-01-04 00:00:00,0,0.281021
35.750004,-119.45,2018-01-04 00:00:00,0,0.20041709
35.750004,-119.34999,2018-01-04 00:00:00,0,0.12196642
35.750004,-119.25,2018-01-04 00:00:00,0,0.062124923
35.750004,-119.149994,2018-01-04 00:00:00,0,0.05239363
35.750004,-119.049995,2018-01-04 00:00:00,0,0.06001894
35.750004,-118.95,2018-01-04 00:00:00,0,0.07429313
35.750004,-118.84999,2018-01-04 00:00:00,0,0.04512777
35.750004,-118.75,2018-01-04 00:00:00,0,0.015127774
35.750004,-118.649994,2018-01-04 00:00:00,0,0.0
35.750004,-118.549995,2018-01-04 00:00:00,0,0.0
35.750004,-118.45,2018-01-04 00:00:00,0,0.0
35.750004,-118.34999,2018-01-04 00:00:00,0,0.0
35.750004,-118.25,2018-01-04 00:00:00,0,0.12705971
35.750004,-118.149994,2018-01-04 00:00:00,0,0.12705971
35.750004,-118.049995,2018-01-04 00:00:00,0,0.14521109
35.750004,-117.95,2018-01-04 00:00:00,0,0.0
35.750004,-117.84999,2018-01-04 00:00:00,0,9.3364666e-05
35.750004,-117.75,2018-01-04 00:00:00,0,0.0
35.750004,-117.649994,2018-01-04 00:00:00,0,0.0
35.750004,-117.549995,2018-01-04 00:00:00,0,0.00040847046
35.750004,-117.45,2018-01-04 00:00:00,0,0.012151712
35.750004,-117.34999,2018-01-04 00:00:00,0,0.03578113
35.750004,-117.25,2018-01-04 00:00:00,0,0.025262004
35.750004,-117.149994,2018-01-04 00:00:00,0,0.012151712
35.750004,-117.049995,2018-01-04 00:00:00,0,0.0
35.750004,-116.95,2018-01-04 00:00:00,0,0.0
35.750004,-116.84999,2018-01-04 00:00:00,0,0.0
35.750004,-116.75,2018-01-04 00:00:00,0,0.0
35.750004,-116.649994,2018-01-04 00:00:00,0,0.0
35.750004,-116.549995,2018-01-04 00:00:00,0,0.0
35.750004,-116.45,2018-01-04 00:00:00,0,0.0
35.750004,-116.34999,2018-01-04 00:00:00,0,0.0
35.750004,-116.25,2018-01-04 00:00:00,0,0.0
35.750004,-116.149994,2018-01-04 00:00:00,0,0.0
35.750004,-116.049995,2018-01-04 00:00:00,0,0.0
35.750004,-115.95,2018-01-04 00:00:00,0,0.0
35.750004,-115.85,2018-01-04 00:00:00,0,0.0
35.750004,-115.74999,2018-01-04 00:00:00,0,0.0
35.750004,-115.649994,2018-01-04 00:00:00,0,0.0
35.750004,-115.549995,2018-01-04 00:00:00,0,0.0
35.750004,-115.45,2018-01-04 00:00:00,0,0.0
35.750004,-115.35,2018-01-04 00:00:00,0,0.0
35.750004,-115.24999,2018-01-04 00:00:00,0,0.0
35.750004,-115.149994,2018-01-04 00:00:00,0,0.0
35.750004,-115.049995,2018-01-04 00:00:00,0,0.0
35.750004,-114.95,2018-01-04 00:00:00,0,0.0
35.750004,-114.85,2018-01-04 00:00:00,0,0.0
35.750004,-114.74999,2018-01-04 00:00:00,0,0.0
35.750004,-114.649994,2018-01-04 00:00:00,0,0.0
35.750004,-114.549995,2018-01-04 00:00:00,0,0.0
35.750004,-114.45,2018-01-04 00:00:00,0,0.0
35.750004,-114.35,2018-01-04 00:00:00,0,0.0
35.750004,-114.24999,2018-01-04 00:00:00,0,0.0
35.850002,-124.34999,2018-01-04 00:00:00,0,0.0
35.850002,-124.25,2018-01-04 00:00:00,0,0.0
35.850002,-124.149994,2018-01-04 00:00:00,0,0.0
35.850002,-124.049995,2018-01-04 00:00:00,0,0.0
35.850002,-123.95,2018-01-04 00:00:00,0,0.0
35.850002,-123.84999,2018-01-04 00:00:00,0,0.0
35.850002,-123.75,2018-01-04 00:00:00,0,0.0
35.850002,-123.649994,2018-01-04 00:00:00,0,0.0
35.850002,-123.549995,2018-01-04 00:00:00,0,0.0
35.850002,-123.45,2018-01-04 00:00:00,0,0.0
35.850002,-123.34999,2018-01-04 00:00:00,0,0.0
35.850002,-123.25,2018-01-04 00:00:00,0,0.0
35.850002,-123.149994,2018-01-04 00:00:00,0,0.0
35.850002,-123.049995,2018-01-04 00:00:00,0,0.0
35.850002,-122.95,2018-01-04 00:00:00,0,0.0
35.850002,-122.84999,2018-01-04 00:00:00,0,0.0
35.850002,-122.75,2018-01-04 00:00:00,0,0.0
35.850002,-122.649994,2018-01-04 00:00:00,0,0.0
35.850002,-122.549995,2018-01-04 00:00:00,0,0.0
35.850002,-122.45,2018-01-04 00:00:00,0,0.0
35.850002,-122.34999,2018-01-04 00:00:00,0,0.0
35.850002,-122.25,2018-01-04 00:00:00,0,0.0
35.850002,-122.149994,2018-01-04 00:00:00,0,0.0
35.850002,-122.049995,2018-01-04 00:00:00,0,0.0
35.850002,-121.95,2018-01-04 00:00:00,0,0.0
35.850002,-121.84999,2018-01-04 00:00:00,0,0.0
35.850002,-121.75,2018-01-04 00:00:00,0,0.0
35.850002,-121.649994,2018-01-04 00:00:00,0,0.0
35.850002,-121.549995,2018-01-04 00:00:00,0,0.0
35.850002,-121.45,2018-01-04 00:00:00,0,0.0
35.850002,-121.34999,2018-01-04 00:00:00,0,29.41262
35.850002,-121.25,2018-01-04 00:00:00,0,18.741892
35.850002,-121.149994,2018-01-04 00:00:00,0,16.702847
35.850002,-121.049995,2018-01-04 00:00:00,0,6.0576215
35.850002,-120.95,2018-01-04 00:00:00,0,5.3258977
35.850002,-120.84999,2018-01-04 00:00:00,0,1.8458526
35.850002,-120.75,2018-01-04 00:00:00,0,0.02243279
35.850002,-120.649994,2018-01-04 00:00:00,0,0.050330553
35.850002,-120.549995,2018-01-04 00:00:00,0,0.42748362
35.850002,-120.45,2018-01-04 00:00:00,0,2.419383
35.850002,-120.34999,2018-01-04 00:00:00,0,0.4256909
35.850002,-120.25,2018-01-04 00:00:00,0,0.091215126
35.850002,-120.149994,2018-01-04 00:00:00,0,0.07589874
35.850002,-120.049995,2018-01-04 00:00:00,0,0.07968989
35.850002,-119.95,2018-01-04 00:00:00,0,0.118531615
35.850002,-119.84999,2018-01-04 00:00:00,0,0.3467614
35.850002,-119.75,2018-01-04 00:00:00,0,0.18068169
35.850002,-119.649994,2018-01-04 00:00:00,0,0.17259607
35.850002,-119.549995,2018-01-04 00:00:00,0,0.10237192
35.850002,-119.45,2018-01-04 00:00:00,0,0.10408836
35.850002,-119.34999,2018-01-04 00:00:00,0,0.06970626
35.850002,-119.25,2018-01-04 00:00:00,0,0.050309267
35.850002,-119.149994,2018-01-04 00:00:00,0,0.020768177
35.850002,-119.049995,2018-01-04 00:00:00,0,0.015514605
35.850002,-118.95,2018-01-04 00:00:00,0,0.017036177
35.850002,-118.84999,2018-01-04 00:00:00,0,0.0025212958
35.850002,-118.75,2018-01-04 00:00:00,0,0.0
35.850002,-118.649994,2018-01-04 00:00:00,0,0.0
35.850002,-118.549995,2018-01-04 00:00:00,0,0.0
35.850002,-118.45,2018-01-04 00:00:00,0,0.0
35.850002,-118.34999,2018-01-04 00:00:00,0,0.0
35.850002,-118.25,2018-01-04 00:00:00,0,0.0
35.850002,-118.149994,2018-01-04 00:00:00,0,0.0
35.850002,-118.049995,2018-01-04 00:00:00,0,0.0
35.850002,-117.95,2018-01-04 00:00:00,0,0.00012837641
35.850002,-117.84999,2018-01-04 00:00:00,0,0.00036178806
35.850002,-117.75,2018-01-04 00:00:00,0,0.0001298838
35.850002,-117.649994,2018-01-04 00:00:00,0,0.00022402556
35.850002,-117.549995,2018-01-04 00:00:00,0,0.0
35.850002,-117.45,2018-01-04 00:00:00,0,0.005
35.850002,-117.34999,2018-01-04 00:00:00,0,0.012151712
35.850002,-117.25,2018-01-04 00:00:00,0,0.012151712
35.850002,-117.149994,2018-01-04 00:00:00,0,0.012151712
35.850002,-117.049995,2018-01-04 00:00:00,0,0.0
35.850002,-116.95,2018-01-04 00:00:00,0,0.0
35.850002,-116.84999,2018-01-04 00:00:00,0,0.0
35.850002,-116.75,2018-01-04 00:00:00,0,0.0
35.850002,-116.649994,2018-01-04 00:00:00,0,0.0
35.850002,-116.549995,2018-01-04 00:00:00,0,0.0
35.850002,-116.45,2018-01-04 00:00:00,0,0.0
35.850002,-116.34999,2018-01-04 00:00:00,0,0.0
35.850002,-116.25,2018-01-04 00:00:00,0,0.0
35.850002,-116.149994,2018-01-04 00:00:00,0,0.0
35.850002,-116.049995,2018-01-04 00:00:00,0,0.0
35.850002,-115.95,2018-01-04 00:00:00,0,0.0
35.850002,-115.85,2018-01-04 00:00:00,0,0.0
35.850002,-115.74999,2018-01-04 00:00:00,0,0.0
35.850002,-115.649994,2018-01-04 00:00:00,0,0.0
35.850002,-115.549995,2018-01-04 00:00:00,0,0.0
35.850002,-115.45,2018-01-04 00:00:00,0,0.0
35.850002,-115.35,2018-01-04 00:00:00,0,0.0
35.850002,-115.24999,2018-01-04 00:00:00,0,0.0
35.850002,-115.149994,2018-01-04 00:00:00,0,0.0
35.850002,-115.049995,2018-01-04 00:00:00,0,0.0
35.850002,-114.95,2018-01-04 00:00:00,0,0.0
35.850002,-114.85,2018-01-04 00:00:00,0,0.0
35.850002,-114.74999,2018-01-04 00:00:00,0,0.0
35.850002,-114.649994,2018-01-04 00:00:00,0,0.0
35.850002,-114.549995,2018-01-04 00:00:00,0,0.0
35.850002,-114.45,2018-01-04 00:00:00,0,0.0
35.850002,-114.35,2018-01-04 00:00:00,0,0.0
35.850002,-114.24999,2018-01-04 00:00:00,0,0.0
35.95,-124.34999,2018-01-04 00:00:00,0,0.0
35.95,-124.25,2018-01-04 00:00:00,0,0.0
35.95,-124.149994,2018-01-04 00:00:00,0,0.0
35.95,-124.049995,2018-01-04 00:00:00,0,0.0
35.95,-123.95,2018-01-04 00:00:00,0,0.0
35.95,-123.84999,2018-01-04 00:00:00,0,0.0
35.95,-123.75,2018-01-04 00:00:00,0,0.0
35.95,-123.649994,2018-01-04 00:00:00,0,0.0
35.95,-123.549995,2018-01-04 00:00:00,0,0.0
35.95,-123.45,2018-01-04 00:00:00,0,0.0
35.95,-123.34999,2018-01-04 00:00:00,0,0.0
35.95,-123.25,2018-01-04 00:00:00,0,0.0
35.95,-123.149994,2018-01-04 00:00:00,0,0.0
35.95,-123.049995,2018-01-04 00:00:00,0,0.0
35.95,-122.95,2018-01-04 00:00:00,0,0.0
35.95,-122.84999,2018-01-04 00:00:00,0,0.0
35.95,-122.75,2018-01-04 00:00:00,0,0.0
35.95,-122.649994,2018-01-04 00:00:00,0,0.0
35.95,-122.549995,2018-01-04 00:00:00,0,0.0
35.95,-122.45,2018-01-04 00:00:00,0,0.0
35.95,-122.34999,2018-01-04 00:00:00,0,0.0
35.95,-122.25,2018-01-04 00:00:00,0,0.0
35.95,-122.149994,2018-01-04 00:00:00,0,0.0
35.95,-122.049995,2018-01-04 00:00:00,0,0.0
35.95,-121.95,2018-01-04 00:00:00,0,0.0
35.95,-121.84999,2018-01-04 00:00:00,0,0.0
35.95,-121.75,2018-01-04 00:00:00,0,0.0
35.95,-121.649994,2018-01-04 00:00:00,0,0.0
35.95,-121.549995,2018-01-04 00:00:00,0,0.0
35.95,-121.45,2018-01-04 00:00:00,0,7.8753953
35.95,-121.34999,2018-01-04 00:00:00,0,8.841055
35.95,-121.25,2018-01-04 00:00:00,0,15.772895
35.95,-121.149994,2018-01-04 00:00:00,0,16.47365
35.95,-121.049995,2018-01-04 00:00:00,0,5.905115
35.95,-120.95,2018-01-04 00:00:00,0,5.2106004
35.95,-120.84999,2018-01-04 00:00:00,0,1.838625
35.95,-120.75,2018-01-04 00:00:00,0,0.008873534
35.95,-120.649994,2018-01-04 00:00:00,0,0.04136292
35.95,-120.549995,2018-01-04 00:00:00,0,0.22819218
35.95,-120.45,2018-01-04 00:00:00,0,0.57301533
35.95,-120.34999,2018-01-04 00:00:00,0,0.24789624
35.95,-120.25,2018-01-04 00:00:00,0,0.13685465
35.95,-120.149994,2018-01-04 00:00:00,0,0.106186196
35.95,-120.049995,2018-01-04 00:00:00,0,0.08621688
35.95,-119.95,2018-01-04 00:00:00,0,0.09630842
35.95,-119.84999,2018-01-04 00:00:00,0,0.1849488
35.95,-119.75,2018-01-04 00:00:00,0,0.16809386
35.95,-119.649994,2018-01-04 00:00:00,0,0.10694393
35.95,-119.549995,2018-01-04 00:00:00,0,0.036751978
35.95,-119.45,2018-01-04 00:00:00,0,0.09487588
35.95,-119.34999,2018-01-04 00:00:00,0,0.06559641
35.95,-119.25,2018-01-04 00:00:00,0,0.047237456
35.95,-119.149994,2018-01-04 00:00:00,0,0.008402865
35.95,-119.049995,2018-01-04 00:00:00,0,0.009731655
35.95,-118.95,2018-01-04 00:00:00,0,0.011264689
35.95,-118.84999,2018-01-04 00:00:00,0,0.0025212958
35.95,-118.75,2018-01-04 00:00:00,0,0.0
35.95,-118.649994,2018-01-04 00:00:00,0,0.0
35.95,-118.549995,2018-01-04 00:00:00,0,0.0
35.95,-118.45,2018-01-04 00:00:00,0,0.0
35.95,-118.34999,2018-01-04 00:00:00,0,0.0
35.95,-118.25,2018-01-04 00:00:00,0,0.0
35.95,-118.149994,2018-01-04 00:00:00,0,0.0
35.95,-118.049995,2018-01-04 00:00:00,0,0.0
35.95,-117.95,2018-01-04 00:00:00,0,0.0002684234
35.95,-117.84999,2018-01-04 00:00:00,0,0.0003617881
35.95,-117.75,2018-01-04 00:00:00,0,0.0001825957
35.95,-117.649994,2018-01-04 00:00:00,0,0.00032944937
35.95,-117.549995,2018-01-04 00:00:00,0,0.0
35.95,-117.45,2018-01-04 00:00:00,0,0.0
35.95,-117.34999,2018-01-04 00:00:00,0,0.0
35.95,-117.25,2018-01-04 00:00:00,0,0.007521296
35.95,-117.149994,2018-01-04 00:00:00,0,0.0
35.95,-117.049995,2018-01-04 00:00:00,0,0.0
35.95,-116.95,2018-01-04 00:00:00,0,0.0
35.95,-116.84999,2018-01-04 00:00:00,0,0.0
35.95,-116.75,2018-01-04 00:00:00,0,0.0
35.95,-116.649994,2018-01-04 00:00:00,0,0.0
35.95,-116.549995,2018-01-04 00:00:00,0,0.0
35.95,-116.45,2018-01-04 00:00:00,0,0.0
35.95,-116.34999,2018-01-04 00:00:00,0,0.0
35.95,-116.25,2018-01-04 00:00:00,0,0.0
35.95,-116.149994,2018-01-04 00:00:00,0,0.0
35.95,-116.049995,2018-01-04 00:00:00,0,0.0
35.95,-115.95,2018-01-04 00:00:00,0,0.0
35.95,-115.85,2018-01-04 00:00:00,0,0.0
35.95,-115.74999,2018-01-04 00:00:00,0,0.0
35.95,-115.649994,2018-01-04 00:00:00,0,0.0
35.95,-115.549995,2018-01-04 00:00:00,0,0.0
35.95,-115.45,2018-01-04 00:00:00,0,0.0
35.95,-115.35,2018-01-04 00:00:00,0,0.0
35.95,-115.24999,2018-01-04 00:00:00,0,0.0
35.95,-115.149994,2018-01-04 00:00:00,0,0.0
35.95,-115.049995,2018-01-04 00:00:00,0,0.0
35.95,-114.95,2018-01-04 00:00:00,0,0.0
35.95,-114.85,2018-01-04 00:00:00,0,0.0
35.95,-114.74999,2018-01-04 00:00:00,0,0.0
35.95,-114.649994,2018-01-04 00:00:00,0,0.0
35.95,-114.549995,2018-01-04 00:00:00,0,0.0
35.95,-114.45,2018-01-04 00:00:00,0,0.0
35.95,-114.35,2018-01-04 00:00:00,0,0.0
35.95,-114.24999,2018-01-04 00:00:00,0,0.0
36.05,-124.34999,2018-01-04 00:00:00,0,0.0
36.05,-124.25,2018-01-04 00:00:00,0,0.0
36.05,-124.149994,2018-01-04 00:00:00,0,0.0
36.05,-124.049995,2018-01-04 00:00:00,0,0.0
36.05,-123.95,2018-01-04 00:00:00,0,0.0
36.05,-123.84999,2018-01-04 00:00:00,0,0.0
36.05,-123.75,2018-01-04 00:00:00,0,0.0
36.05,-123.649994,2018-01-04 00:00:00,0,0.0
36.05,-123.549995,2018-01-04 00:00:00,0,0.0
36.05,-123.45,2018-01-04 00:00:00,0,0.0
36.05,-123.34999,2018-01-04 00:00:00,0,0.0
36.05,-123.25,2018-01-04 00:00:00,0,0.0
36.05,-123.149994,2018-01-04 00:00:00,0,0.0
36.05,-123.049995,2018-01-04 00:00:00,0,0.0
36.05,-122.95,2018-01-04 00:00:00,0,0.0
36.05,-122.84999,2018-01-04 00:00:00,0,0.0
36.05,-122.75,2018-01-04 00:00:00,0,0.0
36.05,-122.649994,2018-01-04 00:00:00,0,0.0
36.05,-122.549995,2018-01-04 00:00:00,0,0.0
36.05,-122.45,2018-01-04 00:00:00,0,0.0
36.05,-122.34999,2018-01-04 00:00:00,0,0.0
36.05,-122.25,2018-01-04 00:00:00,0,0.0
36.05,-122.149994,2018-01-04 00:00:00,0,0.0
36.05,-122.049995,2018-01-04 00:00:00,0,0.0
36.05,-121.95,2018-01-04 00:00:00,0,0.0
36.05,-121.84999,2018-01-04 00:00:00,0,0.0
36.05,-121.75,2018-01-04 00:00:00,0,0.0
36.05,-121.649994,2018-01-04 00:00:00,0,0.0
36.05,-121.549995,2018-01-04 00:00:00,0,2.0088649
36.05,-121.45,2018-01-04 00:00:00,0,3.2497182
36.05,-121.34999,2018-01-04 00:00:00,0,6.8056192
36.05,-121.25,2018-01-04 00:00:00,0,13.281571
36.05,-121.149994,2018-01-04 00:00:00,0,5.433808
36.05,-121.049995,2018-01-04 00:00:00,0,4.7461123
36.05,-120.95,2018-01-04 00:00:00,0,0.00019114069
36.05,-120.84999,2018-01-04 00:00:00,0,0.0
36.05,-120.75,2018-01-04 00:00:00,0,0.0
36.05,-120.649994,2018-01-04 00:00:00,0,0.025906064
36.05,-120.549995,2018-01-04 00:00:00,0,1.1161263
36.05,-120.45,2018-01-04 00:00:00,0,0.5627735
36.05,-120.34999,2018-01-04 00:00:00,0,0.17016353
36.05,-120.25,2018-01-04 00:00:00,0,0.1046447
36.05,-120.149994,2018-01-04 00:00:00,0,0.07550022
36.05,-120.049995,2018-01-04 00:00:00,0,0.23607926
36.05,-119.95,2018-01-04 00:00:00,0,0.28788918
36.05,-119.84999,2018-01-04 00:00:00,0,0.32944864
36.05,-119.75,2018-01-04 00:00:00,0,0.19176148
36.05,-119.649994,2018-01-04 00:00:00,0,0.08647791
36.05,-119.549995,2018-01-04 00:00:00,0,0.01849315
36.05,-119.45,2018-01-04 00:00:00,0,0.040330403
36.05,-119.34999,2018-01-04 00:00:00,0,0.031990726
36.05,-119.25,2018-01-04 00:00:00,0,0.02857523
36.05,-119.149994,2018-01-04 00:00:00,0,0.019937206
36.05,-119.049995,2018-01-04 00:00:00,0,0.024205426
36.05,-118.95,2018-01-04 00:00:00,0,0.03127824
36.05,-118.84999,2018-01-04 00:00:00,0,0.016641535
36.05,-118.75,2018-01-04 00:00:00,0,0.01324913
36.05,-118.649994,2018-01-04 00:00:00,0,0.008387419
36.05,-118.549995,2018-01-04 00:00:00,0,0.0
36.05,-118.45,2018-01-04 00:00:00,0,0.0
36.05,-118.34999,2018-01-04 00:00:00,0,0.0
36.05,-118.25,2018-01-04 00:00:00,0,0.0
36.05,-118.149994,2018-01-04 00:00:00,0,0.0
36.05,-118.049995,2018-01-04 00:00:00,0,2.3341167e-05
36.05,-117.95,2018-01-04 00:00:00,0,0.0002917646
36.05,-117.84999,2018-01-04 00:00:00,0,0.0002217411
36.05,-117.75,2018-01-04 00:00:00,0,4.6682333e-05
36.05,-117.649994,2018-01-04 00:00:00,0,0.00017544729
36.05,-117.549995,2018-01-04 00:00:00,0,0.0
36.05,-117.45,2018-01-04 00:00:00,0,0.10519125
36.05,-117.34999,2018-01-04 00:00:00,0,0.0
36.05,-117.25,2018-01-04 00:00:00,0,0.007521296
36.05,-117.149994,2018-01-04 00:00:00,0,0.007521296
36.05,-117.049995,2018-01-04 00:00:00,0,0.031557377
36.05,-116.95,2018-01-04 00:00:00,0,0.19986339
36.05,-116.84999,2018-01-04 00:00:00,0,0.0
36.05,-116.75,2018-01-04 00:00:00,0,0.0
36.05,-116.649994,2018-01-04 00:00:00,0,0.0
36.05,-116.549995,2018-01-04 00:00:00,0,0.0
36.05,-116.45,2018-01-04 00:00:00,0,0.0
36.05,-116.34999,2018-01-04 00:00:00,0,0.0
36.05,-116.25,2018-01-04 00:00:00,0,0.0
36.05,-116.149994,2018-01-04 00:00:00,0,0.0
36.05,-116.049995,2018-01-04 00:00:00,0,0.0
36.05,-115.95,2018-01-04 00:00:00,0,0.0
36.05,-115.85,2018-01-04 00:00:00,0,0.0
36.05,-115.74999,2018-01-04 00:00:00,0,0.0
36.05,-115.649994,2018-01-04 00:00:00,0,0.0
36.05,-115.549995,2018-01-04 00:00:00,0,0.0
36.05,-115.45,2018-01-04 00:00:00,0,0.0
36.05,-115.35,2018-01-04 00:00:00,0,0.0
36.05,-115.24999,2018-01-04 00:00:00,0,0.0
36.05,-115.149994,2018-01-04 00:00:00,0,0.0
36.05,-115.049995,2018-01-04 00:00:00,0,0.0
36.05,-114.95,2018-01-04 00:00:00,0,0.0
36.05,-114.85,2018-01-04 00:00:00,0,0.0
36.05,-114.74999,2018-01-04 00:00:00,0,0.0
36.05,-114.649994,2018-01-04 00:00:00,0,0.0
36.05,-114.549995,2018-01-04 00:00:00,0,0.0
36.05,-114.45,2018-01-04 00:00:00,0,0.0
36.05,-114.35,2018-01-04 00:00:00,0,0.0
36.05,-114.24999,2018-01-04 00:00:00,0,0.0
36.149998,-124.34999,2018-01-04 00:00:00,0,0.0
36.149998,-124.25,2018-01-04 00:00:00,0,0.0
36.149998,-124.149994,2018-01-04 00:00:00,0,0.0
36.149998,-124.049995,2018-01-04 00:00:00,0,0.0
36.149998,-123.95,2018-01-04 00:00:00,0,0.0
36.149998,-123.84999,2018-01-04 00:00:00,0,0.0
36.149998,-123.75,2018-01-04 00:00:00,0,0.0
36.149998,-123.649994,2018-01-04 00:00:00,0,0.0
36.149998,-123.549995,2018-01-04 00:00:00,0,0.0
36.149998,-123.45,2018-01-04 00:00:00,0,0.0
36.149998,-123.34999,2018-01-04 00:00:00,0,0.0
36.149998,-123.25,2018-01-04 00:00:00,0,0.0
36.149998,-123.149994,2018-01-04 00:00:00,0,0.0
36.149998,-123.049995,2018-01-04 00:00:00,0,0.0
36.149998,-122.95,2018-01-04 00:00:00,0,0.0
36.149998,-122.84999,2018-01-04 00:00:00,0,0.0
36.149998,-122.75,2018-01-04 00:00:00,0,0.0
36.149998,-122.649994,2018-01-04 00:00:00,0,0.0
36.149998,-122.549995,2018-01-04 00:00:00,0,0.0
36.149998,-122.45,2018-01-04 00:00:00,0,0.0
36.149998,-122.34999,2018-01-04 00:00:00,0,0.0
36.149998,-122.25,2018-01-04 00:00:00,0,0.0
36.149998,-122.149994,2018-01-04 00:00:00,0,0.0
36.149998,-122.049995,2018-01-04 00:00:00,0,0.0
36.149998,-121.95,2018-01-04 00:00:00,0,0.0
36.149998,-121.84999,2018-01-04 00:00:00,0,0.0
36.149998,-121.75,2018-01-04 00:00:00,0,0.0
36.149998,-121.649994,2018-01-04 00:00:00,0,0.6909149
36.149998,-121.549995,2018-01-04 00:00:00,0,1.0168368
36.149998,-121.45,2018-01-04 00:00:00,0,1.5282693
36.149998,-121.34999,2018-01-04 00:00:00,0,4.078592
36.149998,-121.25,2018-01-04 00:00:00,0,3.7980487
36.149998,-121.149994,2018-01-04 00:00:00,0,2.0338438
36.149998,-121.049995,2018-01-04 00:00:00,0,1.8371823
36.149998,-120.95,2018-01-04 00:00:00,0,0.0
36.149998,-120.84999,2018-01-04 00:00:00,0,0.0
36.149998,-120.75,2018-01-04 00:00:00,0,0.0
36.149998,-120.649994,2018-01-04 00:00:00,0,0.0
36.149998,-120.549995,2018-01-04 00:00:00,0,5.575773e-05
36.149998,-120.45,2018-01-04 00:00:00,0,0.07821031
36.149998,-120.34999,2018-01-04 00:00:00,0,1.2459952
36.149998,-120.25,2018-01-04 00:00:00,0,3.7484822
36.149998,-120.149994,2018-01-04 00:00:00,0,3.1673305
36.149998,-120.049995,2018-01-04 00:00:00,0,0.64338875
36.149998,-119.95,2018-01-04 00:00:00,0,0.35164928
36.149998,-119.84999,2018-01-04 00:00:00,0,0.24454778
36.149998,-119.75,2018-01-04 00:00:00,0,0.1498501
36.149998,-119.649994,2018-01-04 00:00:00,0,0.13351378
36.149998,-119.549995,2018-01-04 00:00:00,0,0.12994854
36.149998,-119.45,2018-01-04 00:00:00,0,0.057043098
36.149998,-119.34999,2018-01-04 00:00:00,0,0.10609056
36.149998,-119.25,2018-01-04 00:00:00,0,0.07067169
36.149998,-119.149994,2018-01-04 00:00:00,0,0.046451647
36.149998,-119.049995,2018-01-04 00:00:00,0,0.019983696
36.149998,-118.95,2018-01-04 00:00:00,0,0.02606776
36.149998,-118.84999,2018-01-04 00:00:00,0,0.024063697
36.149998,-118.75,2018-01-04 00:00:00,0,0.01709286
36.149998,-118.649994,2018-01-04 00:00:00,0,5.782198e-05
36.149998,-118.549995,2018-01-04 00:00:00,0,0.0
36.149998,-118.45,2018-01-04 00:00:00,0,0.0
36.149998,-118.34999,2018-01-04 00:00:00,0,0.0
36.149998,-118.25,2018-01-04 00:00:00,0,0.0
36.149998,-118.149994,2018-01-04 00:00:00,0,0.0
36.149998,-118.049995,2018-01-04 00:00:00,0,0.00011670583
36.149998,-117.95,2018-01-04 00:00:00,0,0.00033844693
36.149998,-117.84999,2018-01-04 00:00:00,0,0.00017505874
36.149998,-117.75,2018-01-04 00:00:00,0,0.0
36.149998,-117.649994,2018-01-04 00:00:00,0,0.0
36.149998,-117.549995,2018-01-04 00:00:00,0,0.0
36.149998,-117.45,2018-01-04 00:00:00,0,0.18051109
36.149998,-117.34999,2018-01-04 00:00:00,0,0.18051109
36.149998,-117.25,2018-01-04 00:00:00,0,0.01804042
36.149998,-117.149994,2018-01-04 00:00:00,0,0.007521296
36.149998,-117.049995,2018-01-04 00:00:00,0,0.007521296
36.149998,-116.95,2018-01-04 00:00:00,0,0.015042592
36.149998,-116.84999,2018-01-04 00:00:00,0,0.0
36.149998,-116.75,2018-01-04 00:00:00,0,0.0
36.149998,-116.649994,2018-01-04 00:00:00,0,0.0
36.149998,-116.549995,2018-01-04 00:00:00,0,0.0
36.149998,-116.45,2018-01-04 00:00:00,0,0.0
36.149998,-116.34999,2018-01-04 00:00:00,0,0.0
36.149998,-116.25,2018-01-04 00:00:00,0,0.0
36.149998,-116.149994,2018-01-04 00:00:00,0,0.0
36.149998,-116.049995,2018-01-04 00:00:00,0,0.0
36.149998,-115.95,2018-01-04 00:00:00,0,0.0
36.149998,-115.85,2018-01-04 00:00:00,0,0.0
36.149998,-115.74999,2018-01-04 00:00:00,0,0.0
36.149998,-115.649994,2018-01-04 00:00:00,0,0.0
36.149998,-115.549995,2018-01-04 00:00:00,0,0.0
36.149998,-115.45,2018-01-04 00:00:00,0,0.0
36.149998,-115.35,2018-01-04 00:00:00,0,0.0
36.149998,-115.24999,2018-01-04 00:00:00,0,0.0
36.149998,-115.149994,2018-01-04 00:00:00,0,0.0
36.149998,-115.049995,2018-01-04 00:00:00,0,0.0
36.149998,-114.95,2018-01-04 00:00:00,0,0.0
36.149998,-114.85,2018-01-04 00:00:00,0,0.0
36.149998,-114.74999,2018-01-04 00:00:00,0,0.0
36.149998,-114.649994,2018-01-04 00:00:00,0,0.0
36.149998,-114.549995,2018-01-04 00:00:00,0,0.0
36.149998,-114.45,2018-01-04 00:00:00,0,0.0
36.149998,-114.35,2018-01-04 00:00:00,0,0.0
36.149998,-114.24999,2018-01-04 00:00:00,0,0.0
36.250004,-124.34999,2018-01-04 00:00:00,0,0.0
36.250004,-124.25,2018-01-04 00:00:00,0,0.0
36.250004,-124.149994,2018-01-04 00:00:00,0,0.0
36.250004,-124.049995,2018-01-04 00:00:00,0,0.0
36.250004,-123.95,2018-01-04 00:00:00,0,0.0
36.250004,-123.84999,2018-01-04 00:00:00,0,0.0
36.250004,-123.75,2018-01-04 00:00:00,0,0.0
36.250004,-123.649994,2018-01-04 00:00:00,0,0.0
36.250004,-123.549995,2018-01-04 00:00:00,0,0.0
36.250004,-123.45,2018-01-04 00:00:00,0,0.0
36.250004,-123.34999,2018-01-04 00:00:00,0,0.0
36.250004,-123.25,2018-01-04 00:00:00,0,0.0
36.250004,-123.149994,2018-01-04 00:00:00,0,0.0
36.250004,-123.049995,2018-01-04 00:00:00,0,0.0
36.250004,-122.95,2018-01-04 00:00:00,0,0.0
36.250004,-122.84999,2018-01-04 00:00:00,0,0.0
36.250004,-122.75,2018-01-04 00:00:00,0,0.0
36.250004,-122.649994,2018-01-04 00:00:00,0,0.0
36.250004,-122.549995,2018-01-04 00:00:00,0,0.0
36.250004,-122.45,2018-01-04 00:00:00,0,0.0
36.250004,-122.34999,2018-01-04 00:00:00,0,0.0
36.250004,-122.25,2018-01-04 00:00:00,0,0.0
36.250004,-122.149994,2018-01-04 00:00:00,0,0.0
36.250004,-122.049995,2018-01-04 00:00:00,0,0.0
36.250004,-121.95,2018-01-04 00:00:00,0,0.0
36.250004,-121.84999,2018-01-04 00:00:00,0,0.0
36.250004,-121.75,2018-01-04 00:00:00,0,0.5601134
36.250004,-121.649994,2018-01-04 00:00:00,0,0.43777165
36.250004,-121.549995,2018-01-04 00:00:00,0,1.1067729
36.250004,-121.45,2018-01-04 00:00:00,0,2.1154988
36.250004,-121.34999,2018-01-04 00:00:00,0,7.5497637
36.250004,-121.25,2018-01-04 00:00:00,0,6.8469048
36.250004,-121.149994,2018-01-04 00:00:00,0,2.035202
36.250004,-121.049995,2018-01-04 00:00:00,0,1.7986994
36.250004,-120.95,2018-01-04 00:00:00,0,0.0
36.250004,-120.84999,2018-01-04 00:00:00,0,0.0
36.250004,-120.75,2018-01-04 00:00:00,0,0.0
36.250004,-120.649994,2018-01-04 00:00:00,0,2.4921717e-05
36.250004,-120.549995,2018-01-04 00:00:00,0,0.07790822
36.250004,-120.45,2018-01-04 00:00:00,0,2.2035482
36.250004,-120.34999,2018-01-04 00:00:00,0,5.3659177
36.250004,-120.25,2018-01-04 00:00:00,0,2.6106756
36.250004,-120.149994,2018-01-04 00:00:00,0,1.6695585
36.250004,-120.049995,2018-01-04 00:00:00,0,0.7365216
36.250004,-119.95,2018-01-04 00:00:00,0,1.3460826
36.250004,-119.84999,2018-01-04 00:00:00,0,0.8567015
36.250004,-119.75,2018-01-04 00:00:00,0,1.5011163
36.250004,-119.649994,2018-01-04 00:00:00,0,1.5166357
36.250004,-119.549995,2018-01-04 00:00:00,0,1.2732047
36.250004,-119.45,2018-01-04 00:00:00,0,0.1567932
36.250004,-119.34999,2018-01-04 00:00:00,0,0.020970177
36.250004,-119.25,2018-01-04 00:00:00,0,0.01703966
36.250004,-119.149994,2018-01-04 00:00:00,0,0.008947606
36.250004,-119.049995,2018-01-04 00:00:00,0,0.014973559
36.250004,-118.95,2018-01-04 00:00:00,0,0.0045101144
36.250004,-118.84999,2018-01-04 00:00:00,0,0.0006938638
36.250004,-118.75,2018-01-04 00:00:00,0,0.003069283
36.250004,-118.649994,2018-01-04 00:00:00,0,0.01233986
36.250004,-118.549995,2018-01-04 00:00:00,0,0.0
36.250004,-118.45,2018-01-04 00:00:00,0,0.0
36.250004,-118.34999,2018-01-04 00:00:00,0,0.0
36.250004,-118.25,2018-01-04 00:00:00,0,0.0
36.250004,-118.149994,2018-01-04 00:00:00,0,0.0
36.250004,-118.049995,2018-01-04 00:00:00,0,9.3364666e-05
36.250004,-117.95,2018-01-04 00:00:00,0,0.0002917646
36.250004,-117.84999,2018-01-04 00:00:00,0,0.00010503525
36.250004,-117.75,2018-01-04 00:00:00,0,2.3341167e-05
36.250004,-117.649994,2018-01-04 00:00:00,0,0.0
36.250004,-117.549995,2018-01-04 00:00:00,0,0.0
36.250004,-117.45,2018-01-04 00:00:00,0,0.0
36.250004,-117.34999,2018-01-04 00:00:00,0,0.0
36.250004,-117.25,2018-01-04 00:00:00,0,0.0
36.250004,-117.149994,2018-01-04 00:00:00,0,0.007521296
36.250004,-117.049995,2018-01-04 00:00:00,0,0.0
36.250004,-116.95,2018-01-04 00:00:00,0,0.0
36.250004,-116.84999,2018-01-04 00:00:00,0,0.036455136
36.250004,-116.75,2018-01-04 00:00:00,0,0.036455136
36.250004,-116.649994,2018-01-04 00:00:00,0,0.036455136
36.250004,-116.549995,2018-01-04 00:00:00,0,0.0
36.250004,-116.45,2018-01-04 00:00:00,0,0.0
36.250004,-116.34999,2018-01-04 00:00:00,0,0.0
36.250004,-116.25,2018-01-04 00:00:00,0,0.0
36.250004,-116.149994,2018-01-04 00:00:00,0,0.0
36.250004,-116.049995,2018-01-04 00:00:00,0,0.0
36.250004,-115.95,2018-01-04 00:00:00,0,0.0
36.250004,-115.85,2018-01-04 00:00:00,0,0.0
36.250004,-115.74999,2018-01-04 00:00:00,0,0.0
36.250004,-115.649994,2018-01-04 00:00:00,0,0.0
36.250004,-115.549995,2018-01-04 00:00:00,0,0.0
36.250004,-115.45,2018-01-04 00:00:00,0,0.0
36.250004,-115.35,2018-01-04 00:00:00,0,0.0
36.250004,-115.24999,2018-01-04 00:00:00,0,0.0
36.250004,-115.149994,2018-01-04 00:00:00,0,0.0
36.250004,-115.049995,2018-01-04 00:00:00,0,0.0
36.250004,-114.95,2018-01-04 00:00:00,0,0.0
36.250004,-114.85,2018-01-04 00:00:00,0,0.0
36.250004,-114.74999,2018-01-04 00:00:00,0,0.0
36.250004,-114.649994,2018-01-04 00:00:00,0,0.0
36.250004,-114.549995,2018-01-04 00:00:00,0,0.0
36.250004,-114.45,2018-01-04 00:00:00,0,0.0
36.250004,-114.35,2018-01-04 00:00:00,0,0.0
36.250004,-114.24999,2018-01-04 00:00:00,0,0.0
36.350002,-124.34999,2018-01-04 00:00:00,0,0.0
36.350002,-124.25,2018-01-04 00:00:00,0,0.0
36.350002,-124.149994,2018-01-04 00:00:00,0,0.0
36.350002,-124.049995,2018-01-04 00:00:00,0,0.0
36.350002,-123.95,2018-01-04 00:00:00,0,0.0
36.350002,-123.84999,2018-01-04 00:00:00,0,0.0
36.350002,-123.75,2018-01-04 00:00:00,0,0.0
36.350002,-123.649994,2018-01-04 00:00:00,0,0.0
36.350002,-123.549995,2018-01-04 00:00:00,0,0.0
36.350002,-123.45,2018-01-04 00:00:00,0,0.0
36.350002,-123.34999,2018-01-04 00:00:00,0,0.0
36.350002,-123.25,2018-01-04 00:00:00,0,0.0
36.350002,-123.149994,2018-01-04 00:00:00,0,0.0
36.350002,-123.049995,2018-01-04 00:00:00,0,0.0
36.350002,-122.95,2018-01-04 00:00:00,0,0.0
36.350002,-122.84999,2018-01-04 00:00:00,0,0.0
36.350002,-122.75,2018-01-04 00:00:00,0,0.0
36.350002,-122.649994,2018-01-04 00:00:00,0,0.0
36.350002,-122.549995,2018-01-04 00:00:00,0,0.0
36.350002,-122.45,2018-01-04 00:00:00,0,0.0
36.350002,-122.34999,2018-01-04 00:00:00,0,0.0
36.350002,-122.25,2018-01-04 00:00:00,0,0.0
36.350002,-122.149994,2018-01-04 00:00:00,0,0.0
36.350002,-122.049995,2018-01-04 00:00:00,0,0.0
36.350002,-121.95,2018-01-04 00:00:00,0,0.0
36.350002,-121.84999,2018-01-04 00:00:00,0,1.2544819
36.350002,-121.75,2018-01-04 00:00:00,0,0.37195772
36.350002,-121.649994,2018-01-04 00:00:00,0,0.021023298
36.350002,-121.549995,2018-01-04 00:00:00,0,0.20330395
36.350002,-121.45,2018-01-04 00:00:00,0,0.5033903
36.350002,-121.34999,2018-01-04 00:00:00,0,7.0220222
36.350002,-121.25,2018-01-04 00:00:00,0,7.464532
36.350002,-121.149994,2018-01-04 00:00:00,0,2.317693
36.350002,-121.049995,2018-01-04 00:00:00,0,0.0
36.350002,-120.95,2018-01-04 00:00:00,0,0.0
36.350002,-120.84999,2018-01-04 00:00:00,0,0.0
36.350002,-120.75,2018-01-04 00:00:00,0,0.0
36.350002,-120.649994,2018-01-04 00:00:00,0,0.013153414
36.350002,-120.549995,2018-01-04 00:00:00,0,0.040806536
36.350002,-120.45,2018-01-04 00:00:00,0,2.8571296
36.350002,-120.34999,2018-01-04 00:00:00,0,0.7403666
36.350002,-120.25,2018-01-04 00:00:00,0,2.5036314
36.350002,-120.149994,2018-01-04 00:00:00,0,2.3696947
36.350002,-120.049995,2018-01-04 00:00:00,0,2.683701
36.350002,-119.95,2018-01-04 00:00:00,0,2.5488634
36.350002,-119.84999,2018-01-04 00:00:00,0,4.0935397
36.350002,-119.75,2018-01-04 00:00:00,0,0.94992095
36.350002,-119.649994,2018-01-04 00:00:00,0,1.219508
36.350002,-119.549995,2018-01-04 00:00:00,0,3.8740191
36.350002,-119.45,2018-01-04 00:00:00,0,1.1753209
36.350002,-119.34999,2018-01-04 00:00:00,0,0.0070223003
36.350002,-119.25,2018-01-04 00:00:00,0,0.0028065075
36.350002,-119.149994,2018-01-04 00:00:00,0,0.0150925005
36.350002,-119.049995,2018-01-04 00:00:00,0,0.020837435
36.350002,-118.95,2018-01-04 00:00:00,0,0.005117245
36.350002,-118.84999,2018-01-04 00:00:00,0,0.00043366489
36.350002,-118.75,2018-01-04 00:00:00,0,2.891099e-05
36.350002,-118.649994,2018-01-04 00:00:00,0,0.0
36.350002,-118.549995,2018-01-04 00:00:00,0,0.0
36.350002,-118.45,2018-01-04 00:00:00,0,0.0
36.350002,-118.34999,2018-01-04 00:00:00,0,0.0
36.350002,-118.25,2018-01-04 00:00:00,0,0.0
36.350002,-118.149994,2018-01-04 00:00:00,0,0.00013177974
36.350002,-118.049995,2018-01-04 00:00:00,0,2.6355949e-05
36.350002,-117.95,2018-01-04 00:00:00,0,0.0888
36.350002,-117.84999,2018-01-04 00:00:00,0,1.1670583e-05
36.350002,-117.75,2018-01-04 00:00:00,0,0.0
36.350002,-117.649994,2018-01-04 00:00:00,0,0.0
36.350002,-117.549995,2018-01-04 00:00:00,0,0.0
36.350002,-117.45,2018-01-04 00:00:00,0,0.0
36.350002,-117.34999,2018-01-04 00:00:00,0,0.0
36.350002,-117.25,2018-01-04 00:00:00,0,0.0105191255
36.350002,-117.149994,2018-01-04 00:00:00,0,0.2644612
36.350002,-117.049995,2018-01-04 00:00:00,0,0.50961745
36.350002,-116.95,2018-01-04 00:00:00,0,0.0
36.350002,-116.84999,2018-01-04 00:00:00,0,0.036455136
36.350002,-116.75,2018-01-04 00:00:00,0,0.036455136
36.350002,-116.649994,2018-01-04 00:00:00,0,0.036455136
36.350002,-116.549995,2018-01-04 00:00:00,0,0.048606846
36.350002,-116.45,2018-01-04 00:00:00,0,0.0
36.350002,-116.34999,2018-01-04 00:00:00,0,0.0
36.350002,-116.25,2018-01-04 00:00:00,0,0.0
36.350002,-116.149994,2018-01-04 00:00:00,0,0.0
36.350002,-116.049995,2018-01-04 00:00:00,0,0.0
36.350002,-115.95,2018-01-04 00:00:00,0,0.0
36.350002,-115.85,2018-01-04 00:00:00,0,0.0
36.350002,-115.74999,2018-01-04 00:00:00,0,0.0
36.350002,-115.649994,2018-01-04 00:00:00,0,0.0
36.350002,-115.549995,2018-01-04 00:00:00,0,0.0
36.350002,-115.45,2018-01-04 00:00:00,0,0.0
36.350002,-115.35,2018-01-04 00:00:00,0,0.0
36.350002,-115.24999,2018-01-04 00:00:00,0,0.0
36.350002,-115.149994,2018-01-04 00:00:00,0,0.0
36.350002,-115.049995,2018-01-04 00:00:00,0,0.0
36.350002,-114.95,2018-01-04 00:00:00,0,0.0
36.350002,-114.85,2018-01-04 00:00:00,0,0.0
36.350002,-114.74999,2018-01-04 00:00:00,0,0.0
36.350002,-114.649994,2018-01-04 00:00:00,0,0.0
36.350002,-114.549995,2018-01-04 00:00:00,0,0.0
36.350002,-114.45,2018-01-04 00:00:00,0,0.0
36.350002,-114.35,2018-01-04 00:00:00,0,0.0
36.350002,-114.24999,2018-01-04 00:00:00,0,0.0
36.45,-124.34999,2018-01-04 00:00:00,0,0.0
36.45,-124.25,2018-01-04 00:00:00,0,0.0
36.45,-124.149994,2018-01-04 00:00:00,0,0.0
36.45,-124.049995,2018-01-04 00:00:00,0,0.0
36.45,-123.95,2018-01-04 00:00:00,0,0.0
36.45,-123.84999,2018-01-04 00:00:00,0,0.0
36.45,-123.75,2018-01-04 00:00:00,0,0.0
36.45,-123.649994,2018-01-04 00:00:00,0,0.0
36.45,-123.549995,2018-01-04 00:00:00,0,0.0
36.45,-123.45,2018-01-04 00:00:00,0,0.0
36.45,-123.34999,2018-01-04 00:00:00,0,0.0
36.45,-123.25,2018-01-04 00:00:00,0,0.0
36.45,-123.149994,2018-01-04 00:00:00,0,0.0
36.45,-123.049995,2018-01-04 00:00:00,0,0.0
36.45,-122.95,2018-01-04 00:00:00,0,0.0
36.45,-122.84999,2018-01-04 00:00:00,0,0.0
36.45,-122.75,2018-01-04 00:00:00,0,0.0
36.45,-122.649994,2018-01-04 00:00:00,0,0.0
36.45,-122.549995,2018-01-04 00:00:00,0,0.0
36.45,-122.45,2018-01-04 00:00:00,0,0.0
36.45,-122.34999,2018-01-04 00:00:00,0,0.0
36.45,-122.25,2018-01-04 00:00:00,0,0.0
36.45,-122.149994,2018-01-04 00:00:00,0,0.0
36.45,-122.049995,2018-01-04 00:00:00,0,0.0
36.45,-121.95,2018-01-04 00:00:00,0,0.0
36.45,-121.84999,2018-01-04 00:00:00,0,0.9035376
36.45,-121.75,2018-01-04 00:00:00,0,0.2739927
36.45,-121.649994,2018-01-04 00:00:00,0,0.0023551022
36.45,-121.549995,2018-01-04 00:00:00,0,0.0015700683
36.45,-121.45,2018-01-04 00:00:00,0,4.115878
36.45,-121.34999,2018-01-04 00:00:00,0,5.5654616
36.45,-121.25,2018-01-04 00:00:00,0,2.821982
36.45,-121.149994,2018-01-04 00:00:00,0,2.1530182
36.45,-121.049995,2018-01-04 00:00:00,0,0.0
36.45,-120.95,2018-01-04 00:00:00,0,0.0
36.45,-120.84999,2018-01-04 00:00:00,0,0.11681067
36.45,-120.75,2018-01-04 00:00:00,0,0.91504186
36.45,-120.649994,2018-01-04 00:00:00,0,1.0000731
36.45,-120.549995,2018-01-04 00:00:00,0,0.17870332
36.45,-120.45,2018-01-04 00:00:00,0,0.12294487
36.45,-120.34999,2018-01-04 00:00:00,0,3.2153862
36.45,-120.25,2018-01-04 00:00:00,0,3.0352693
36.45,-120.149994,2018-01-04 00:00:00,0,3.0758018
36.45,-120.049995,2018-01-04 00:00:00,0,18.41164
36.45,-119.95,2018-01-04 00:00:00,0,0.09952336
36.45,-119.84999,2018-01-04 00:00:00,0,0.111241646
36.45,-119.75,2018-01-04 00:00:00,0,0.27045286
36.45,-119.649994,2018-01-04 00:00:00,0,0.58159876
36.45,-119.549995,2018-01-04 00:00:00,0,0.41157767
36.45,-119.45,2018-01-04 00:00:00,0,1.0257032
36.45,-119.34999,2018-01-04 00:00:00,0,4.8150215
36.45,-119.25,2018-01-04 00:00:00,0,0.049094725
36.45,-119.149994,2018-01-04 00:00:00,0,0.042378027
36.45,-119.049995,2018-01-04 00:00:00,0,0.0058255643
36.45,-118.95,2018-01-04 00:00:00,0,0.00078059675
36.45,-118.84999,2018-01-04 00:00:00,0,0.022583507
36.45,-118.75,2018-01-04 00:00:00,0,0.007521296
36.45,-118.649994,2018-01-04 00:00:00,0,0.0149574075
36.45,-118.549995,2018-01-04 00:00:00,0,0.010307868
36.45,-118.45,2018-01-04 00:00:00,0,0.036350165
36.45,-118.34999,2018-01-04 00:00:00,0,0.09075692
36.45,-118.25,2018-01-04 00:00:00,0,0.000105423795
36.45,-118.149994,2018-01-04 00:00:00,0,0.00048758503
36.45,-118.049995,2018-01-04 00:00:00,0,6.588987e-05
36.45,-117.95,2018-01-04 00:00:00,0,0.14479999
36.45,-117.84999,2018-01-04 00:00:00,0,0.089999996
36.45,-117.75,2018-01-04 00:00:00,0,0.0
36.45,-117.649994,2018-01-04 00:00:00,0,0.0
36.45,-117.549995,2018-01-04 00:00:00,0,0.0
36.45,-117.45,2018-01-04 00:00:00,0,0.0
36.45,-117.34999,2018-01-04 00:00:00,0,0.0
36.45,-117.25,2018-01-04 00:00:00,0,0.0
36.45,-117.149994,2018-01-04 00:00:00,0,0.021038251
36.45,-117.049995,2018-01-04 00:00:00,0,0.084153004
36.45,-116.95,2018-01-04 00:00:00,0,0.06463129
36.45,-116.84999,2018-01-04 00:00:00,0,0.036455136
36.45,-116.75,2018-01-04 00:00:00,0,0.036455136
36.45,-116.649994,2018-01-04 00:00:00,0,0.048606846
36.45,-116.549995,2018-01-04 00:00:00,0,0.0
36.45,-116.45,2018-01-04 00:00:00,0,0.0
36.45,-116.34999,2018-01-04 00:00:00,0,0.0
36.45,-116.25,2018-01-04 00:00:00,0,0.0
36.45,-116.149994,2018-01-04 00:00:00,0,0.0
36.45,-116.049995,2018-01-04 00:00:00,0,0.0
36.45,-115.95,2018-01-04 00:00:00,0,0.0
36.45,-115.85,2018-01-04 00:00:00,0,0.0
36.45,-115.74999,2018-01-04 00:00:00,0,0.0
36.45,-115.649994,2018-01-04 00:00:00,0,0.0
36.45,-115.549995,2018-01-04 00:00:00,0,0.0
36.45,-115.45,2018-01-04 00:00:00,0,0.0
36.45,-115.35,2018-01-04 00:00:00,0,0.0
36.45,-115.24999,2018-01-04 00:00:00,0,0.0
36.45,-115.149994,2018-01-04 00:00:00,0,0.0
36.45,-115.049995,2018-01-04 00:00:00,0,0.0
36.45,-114.95,2018-01-04 00:00:00,0,0.0
36.45,-114.85,2018-01-04 00:00:00,0,0.0
36.45,-114.74999,2018-01-04 00:00:00,0,0.0
36.45,-114.649994,2018-01-04 00:00:00,0,0.0
36.45,-114.549995,2018-01-04 00:00:00,0,0.0
36.45,-114.45,2018-01-04 00:00:00,0,0.0
36.45,-114.35,2018-01-04 00:00:00,0,0.0
36.45,-114.24999,2018-01-04 00:00:00,0,0.0
36.55,-124.34999,2018-01-04 00:00:00,0,0.0
36.55,-124.25,2018-01-04 00:00:00,0,0.0
36.55,-124.149994,2018-01-04 00:00:00,0,0.0
36.55,-124.049995,2018-01-04 00:00:00,0,0.0
36.55,-123.95,2018-01-04 00:00:00,0,0.0
36.55,-123.84999,2018-01-04 00:00:00,0,0.0
36.55,-123.75,2018-01-04 00:00:00,0,0.0
36.55,-123.649994,2018-01-04 00:00:00,0,0.0
36.55,-123.549995,2018-01-04 00:00:00,0,0.0
36.55,-123.45,2018-01-04 00:00:00,0,0.0
36.55,-123.34999,2018-01-04 00:00:00,0,0.0
36.55,-123.25,2018-01-04 00:00:00,0,0.0
36.55,-123.149994,2018-01-04 00:00:00,0,0.0
36.55,-123.049995,2018-01-04 00:00:00,0,0.0
36.55,-122.95,2018-01-04 00:00:00,0,0.0
36.55,-122.84999,2018-01-04 00:00:00,0,0.0
36.55,-122.75,2018-01-04 00:00:00,0,0.0
36.55,-122.649994,2018-01-04 00:00:00,0,0.0
36.55,-122.549995,2018-01-04 00:00:00,0,0.0
36.55,-122.45,2018-01-04 00:00:00,0,0.0
36.55,-122.34999,2018-01-04 00:00:00,0,0.0
36.55,-122.25,2018-01-04 00:00:00,0,0.0
36.55,-122.149994,2018-01-04 00:00:00,0,0.0
36.55,-122.049995,2018-01-04 00:00:00,0,0.0
36.55,-121.95,2018-01-04 00:00:00,0,0.0
36.55,-121.84999,2018-01-04 00:00:00,0,0.0075382967
36.55,-121.75,2018-01-04 00:00:00,0,0.15855478
36.55,-121.649994,2018-01-04 00:00:00,0,0.010703878
36.55,-121.549995,2018-01-04 00:00:00,0,0.0064547244
36.55,-121.45,2018-01-04 00:00:00,0,0.64449847
36.55,-121.34999,2018-01-04 00:00:00,0,4.370345
36.55,-121.25,2018-01-04 00:00:00,0,1.6201237
36.55,-121.149994,2018-01-04 00:00:00,0,1.899931
36.55,-121.049995,2018-01-04 00:00:00,0,0.0017811193
36.55,-120.95,2018-01-04 00:00:00,0,0.00062620913
36.55,-120.84999,2018-01-04 00:00:00,0,0.24564345
36.55,-120.75,2018-01-04 00:00:00,0,0.54512894
36.55,-120.649994,2018-01-04 00:00:00,0,0.12348778
36.55,-120.549995,2018-01-04 00:00:00,0,0.6303795
36.55,-120.45,2018-01-04 00:00:00,0,1.5817778
36.55,-120.34999,2018-01-04 00:00:00,0,3.2106123
36.55,-120.25,2018-01-04 00:00:00,0,8.444741
36.55,-120.149994,2018-01-04 00:00:00,0,14.045793
36.55,-120.049995,2018-01-04 00:00:00,0,12.941223
36.55,-119.95,2018-01-04 00:00:00,0,0.2346403
36.55,-119.84999,2018-01-04 00:00:00,0,0.074717335
36.55,-119.75,2018-01-04 00:00:00,0,0.25332418
36.55,-119.649994,2018-01-04 00:00:00,0,0.25436464
36.55,-119.549995,2018-01-04 00:00:00,0,0.10179278
36.55,-119.45,2018-01-04 00:00:00,0,5.203877
36.55,-119.34999,2018-01-04 00:00:00,0,5.223066
36.55,-119.25,2018-01-04 00:00:00,0,0.25723636
36.55,-119.149994,2018-01-04 00:00:00,0,0.0485175
36.55,-119.049995,2018-01-04 00:00:00,0,0.0006215863
36.55,-118.95,2018-01-04 00:00:00,0,0.015033301
36.55,-118.84999,2018-01-04 00:00:00,0,0.007521296
36.55,-118.75,2018-01-04 00:00:00,0,0.0
36.55,-118.649994,2018-01-04 00:00:00,0,0.299238
36.55,-118.549995,2018-01-04 00:00:00,0,0.29788813
36.55,-118.45,2018-01-04 00:00:00,0,0.9674857
36.55,-118.34999,2018-01-04 00:00:00,0,0.10358759
36.55,-118.25,2018-01-04 00:00:00,0,0.00018672933
36.55,-118.149994,2018-01-04 00:00:00,0,0.0009061719
36.55,-118.049995,2018-01-04 00:00:00,0,0.00090014236
36.55,-117.95,2018-01-04 00:00:00,0,0.0007235762
36.55,-117.84999,2018-01-04 00:00:00,0,0.0
36.55,-117.75,2018-01-04 00:00:00,0,0.0
36.55,-117.649994,2018-01-04 00:00:00,0,0.0
36.55,-117.549995,2018-01-04 00:00:00,0,0.0
36.55,-117.45,2018-01-04 00:00:00,0,0.0
36.55,-117.34999,2018-01-04 00:00:00,0,0.0
36.55,-117.25,2018-01-04 00:00:00,0,0.0
36.55,-117.149994,2018-01-04 00:00:00,0,0.0
36.55,-117.049995,2018-01-04 00:00:00,0,0.16546851
36.55,-116.95,2018-01-04 00:00:00,0,0.024303423
36.55,-116.84999,2018-01-04 00:00:00,0,0.024303423
36.55,-116.75,2018-01-04 00:00:00,0,0.024303423
36.55,-116.649994,2018-01-04 00:00:00,0,0.048606846
36.55,-116.549995,2018-01-04 00:00:00,0,0.0
36.55,-116.45,2018-01-04 00:00:00,0,0.0
36.55,-116.34999,2018-01-04 00:00:00,0,0.0
36.55,-116.25,2018-01-04 00:00:00,0,0.0
36.55,-116.149994,2018-01-04 00:00:00,0,0.0
36.55,-116.049995,2018-01-04 00:00:00,0,0.0
36.55,-115.95,2018-01-04 00:00:00,0,0.0
36.55,-115.85,2018-01-04 00:00:00,0,0.0
36.55,-115.74999,2018-01-04 00:00:00,0,0.0
36.55,-115.649994,2018-01-04 00:00:00,0,0.0
36.55,-115.549995,2018-01-04 00:00:00,0,0.0
36.55,-115.45,2018-01-04 00:00:00,0,0.0
36.55,-115.35,2018-01-04 00:00:00,0,0.0
36.55,-115.24999,2018-01-04 00:00:00,0,0.0
36.55,-115.149994,2018-01-04 00:00:00,0,0.0
36.55,-115.049995,2018-01-04 00:00:00,0,0.0
36.55,-114.95,2018-01-04 00:00:00,0,0.0
36.55,-114.85,2018-01-04 00:00:00,0,0.0
36.55,-114.74999,2018-01-04 00:00:00,0,0.0
36.55,-114.649994,2018-01-04 00:00:00,0,0.0
36.55,-114.549995,2018-01-04 00:00:00,0,0.0
36.55,-114.45,2018-01-04 00:00:00,0,0.0
36.55,-114.35,2018-01-04 00:00:00,0,0.0
36.55,-114.24999,2018-01-04 00:00:00,0,0.0
36.649998,-124.34999,2018-01-04 00:00:00,0,0.0
36.649998,-124.25,2018-01-04 00:00:00,0,0.0
36.649998,-124.149994,2018-01-04 00:00:00,0,0.0
36.649998,-124.049995,2018-01-04 00:00:00,0,0.0
36.649998,-123.95,2018-01-04 00:00:00,0,0.0
36.649998,-123.84999,2018-01-04 00:00:00,0,0.0
36.649998,-123.75,2018-01-04 00:00:00,0,0.0
36.649998,-123.649994,2018-01-04 00:00:00,0,0.0
36.649998,-123.549995,2018-01-04 00:00:00,0,0.0
36.649998,-123.45,2018-01-04 00:00:00,0,0.0
36.649998,-123.34999,2018-01-04 00:00:00,0,0.0
36.649998,-123.25,2018-01-04 00:00:00,0,0.0
36.649998,-123.149994,2018-01-04 00:00:00,0,0.0
36.649998,-123.049995,2018-01-04 00:00:00,0,0.0
36.649998,-122.95,2018-01-04 00:00:00,0,0.0
36.649998,-122.84999,2018-01-04 00:00:00,0,0.0
36.649998,-122.75,2018-01-04 00:00:00,0,0.0
36.649998,-122.649994,2018-01-04 00:00:00,0,0.0
36.649998,-122.549995,2018-01-04 00:00:00,0,0.0
36.649998,-122.45,2018-01-04 00:00:00,0,0.0
36.649998,-122.34999,2018-01-04 00:00:00,0,0.0
36.649998,-122.25,2018-01-04 00:00:00,0,0.0
36.649998,-122.149994,2018-01-04 00:00:00,0,0.0
36.649998,-122.049995,2018-01-04 00:00:00,0,0.0
36.649998,-121.95,2018-01-04 00:00:00,0,0.0
36.649998,-121.84999,2018-01-04 00:00:00,0,0.0
36.649998,-121.75,2018-01-04 00:00:00,0,0.11883674
36.649998,-121.649994,2018-01-04 00:00:00,0,0.014479938
36.649998,-121.549995,2018-01-04 00:00:00,0,0.008972308
36.649998,-121.45,2018-01-04 00:00:00,0,0.0047594816
36.649998,-121.34999,2018-01-04 00:00:00,0,0.6718468
36.649998,-121.25,2018-01-04 00:00:00,0,0.2513825
36.649998,-121.149994,2018-01-04 00:00:00,0,0.29456383
36.649998,-121.049995,2018-01-04 00:00:00,0,0.00069750124
36.649998,-120.95,2018-01-04 00:00:00,0,9.964303e-05
36.649998,-120.84999,2018-01-04 00:00:00,0,0.18915345
36.649998,-120.75,2018-01-04 00:00:00,0,0.6773076
36.649998,-120.649994,2018-01-04 00:00:00,0,0.6008757
36.649998,-120.549995,2018-01-04 00:00:00,0,2.0415914
36.649998,-120.45,2018-01-04 00:00:00,0,4.5629387
36.649998,-120.34999,2018-01-04 00:00:00,0,8.634921
36.649998,-120.25,2018-01-04 00:00:00,0,2.3220754
36.649998,-120.149994,2018-01-04 00:00:00,0,13.918419
36.649998,-120.049995,2018-01-04 00:00:00,0,1.6896677
36.649998,-119.95,2018-01-04 00:00:00,0,0.0483261
36.649998,-119.84999,2018-01-04 00:00:00,0,0.04320058
36.649998,-119.75,2018-01-04 00:00:00,0,0.27832508
36.649998,-119.649994,2018-01-04 00:00:00,0,0.13013414
36.649998,-119.549995,2018-01-04 00:00:00,0,0.4103527
36.649998,-119.45,2018-01-04 00:00:00,0,0.067402646
36.649998,-119.34999,2018-01-04 00:00:00,0,0.0020926201
36.649998,-119.25,2018-01-04 00:00:00,0,0.06164846
36.649998,-119.149994,2018-01-04 00:00:00,0,0.060791947
36.649998,-119.049995,2018-01-04 00:00:00,0,2.891099e-05
36.649998,-118.95,2018-01-04 00:00:00,0,0.045099903
36.649998,-118.84999,2018-01-04 00:00:00,0,0.08269709
36.649998,-118.75,2018-01-04 00:00:00,0,9.3364666e-05
36.649998,-118.649994,2018-01-04 00:00:00,0,0.44510737
36.649998,-118.549995,2018-01-04 00:00:00,0,0.0816
36.649998,-118.45,2018-01-04 00:00:00,0,0.07519999
36.649998,-118.34999,2018-01-04 00:00:00,0,0.099199995
36.649998,-118.25,2018-01-04 00:00:00,0,0.0017855993
36.649998,-118.149994,2018-01-04 00:00:00,0,0.0063487976
36.649998,-118.049995,2018-01-04 00:00:00,0,0.0068156207
36.649998,-117.95,2018-01-04 00:00:00,0,0.005103059
36.649998,-117.84999,2018-01-04 00:00:00,0,0.0
36.649998,-117.75,2018-01-04 00:00:00,0,0.0
36.649998,-117.649994,2018-01-04 00:00:00,0,0.0
36.649998,-117.549995,2018-01-04 00:00:00,0,0.0
36.649998,-117.45,2018-01-04 00:00:00,0,0.0
36.649998,-117.34999,2018-01-04 00:00:00,0,0.0
36.649998,-117.25,2018-01-04 00:00:00,0,0.0
36.649998,-117.149994,2018-01-04 00:00:00,0,0.0
36.649998,-117.049995,2018-01-04 00:00:00,0,0.0
36.649998,-116.95,2018-01-04 00:00:00,0,0.024303423
36.649998,-116.84999,2018-01-04 00:00:00,0,0.024303423
36.649998,-116.75,2018-01-04 00:00:00,0,0.024303423
36.649998,-116.649994,2018-01-04 00:00:00,0,0.0
36.649998,-116.549995,2018-01-04 00:00:00,0,0.0
36.649998,-116.45,2018-01-04 00:00:00,0,0.0
36.649998,-116.34999,2018-01-04 00:00:00,0,0.0
36.649998,-116.25,2018-01-04 00:00:00,0,0.0
36.649998,-116.149994,2018-01-04 00:00:00,0,0.0
36.649998,-116.049995,2018-01-04 00:00:00,0,0.0
36.649998,-115.95,2018-01-04 00:00:00,0,0.0
36.649998,-115.85,2018-01-04 00:00:00,0,0.0
36.649998,-115.74999,2018-01-04 00:00:00,0,0.0
36.649998,-115.649994,2018-01-04 00:00:00,0,0.0
36.649998,-115.549995,2018-01-04 00:00:00,0,0.0
36.649998,-115.45,2018-01-04 00:00:00,0,0.0
36.649998,-115.35,2018-01-04 00:00:00,0,0.0
36.649998,-115.24999,2018-01-04 00:00:00,0,0.0
36.649998,-115.149994,2018-01-04 00:00:00,0,0.0
36.649998,-115.049995,2018-01-04 00:00:00,0,0.0
36.649998,-114.95,2018-01-04 00:00:00,0,0.0
36.649998,-114.85,2018-01-04 00:00:00,0,0.0
36.649998,-114.74999,2018-01-04 00:00:00,0,0.0
36.649998,-114.649994,2018-01-04 00:00:00,0,0.0
36.649998,-114.549995,2018-01-04 00:00:00,0,0.0
36.649998,-114.45,2018-01-04 00:00:00,0,0.0
36.649998,-114.35,2018-01-04 00:00:00,0,0.0
36.649998,-114.24999,2018-01-04 00:00:00,0,0.0
36.750004,-124.34999,2018-01-04 00:00:00,0,0.0
36.750004,-124.25,2018-01-04 00:00:00,0,0.0
36.750004,-124.149994,2018-01-04 00:00:00,0,0.0
36.750004,-124.049995,2018-01-04 00:00:00,0,0.0
36.750004,-123.95,2018-01-04 00:00:00,0,0.0
36.750004,-123.84999,2018-01-04 00:00:00,0,0.0
36.750004,-123.75,2018-01-04 00:00:00,0,0.0
36.750004,-123.649994,2018-01-04 00:00:00,0,0.0
36.750004,-123.549995,2018-01-04 00:00:00,0,0.0
36.750004,-123.45,2018-01-04 00:00:00,0,0.0
36.750004,-123.34999,2018-01-04 00:00:00,0,0.0
36.750004,-123.25,2018-01-04 00:00:00,0,0.0
36.750004,-123.149994,2018-01-04 00:00:00,0,0.0
36.750004,-123.049995,2018-01-04 00:00:00,0,0.0
36.750004,-122.95,2018-01-04 00:00:00,0,0.0
36.750004,-122.84999,2018-01-04 00:00:00,0,0.0
36.750004,-122.75,2018-01-04 00:00:00,0,0.0
36.750004,-122.649994,2018-01-04 00:00:00,0,0.0
36.750004,-122.549995,2018-01-04 00:00:00,0,0.0
36.750004,-122.45,2018-01-04 00:00:00,0,0.0
36.750004,-122.34999,2018-01-04 00:00:00,0,0.0
36.750004,-122.25,2018-01-04 00:00:00,0,0.0
36.750004,-122.149994,2018-01-04 00:00:00,0,0.0
36.750004,-122.049995,2018-01-04 00:00:00,0,0.0
36.750004,-121.95,2018-01-04 00:00:00,0,0.0
36.750004,-121.84999,2018-01-04 00:00:00,0,0.0
36.750004,-121.75,2018-01-04 00:00:00,0,0.47976705
36.750004,-121.649994,2018-01-04 00:00:00,0,0.051967397
36.750004,-121.549995,2018-01-04 00:00:00,0,0.0022274915
36.750004,-121.45,2018-01-04 00:00:00,0,0.006010415
36.750004,-121.34999,2018-01-04 00:00:00,0,0.0026647544
36.750004,-121.25,2018-01-04 00:00:00,0,0.0017164848
36.750004,-121.149994,2018-01-04 00:00:00,0,0.00080968
36.750004,-121.049995,2018-01-04 00:00:00,0,0.00012455379
36.750004,-120.95,2018-01-04 00:00:00,0,0.072727695
36.750004,-120.84999,2018-01-04 00:00:00,0,0.09051293
36.750004,-120.75,2018-01-04 00:00:00,0,0.5062033
36.750004,-120.649994,2018-01-04 00:00:00,0,1.9329352
36.750004,-120.549995,2018-01-04 00:00:00,0,5.4880323
36.750004,-120.45,2018-01-04 00:00:00,0,1.2883312
36.750004,-120.34999,2018-01-04 00:00:00,0,1.0267755
36.750004,-120.25,2018-01-04 00:00:00,0,4.4044266
36.750004,-120.149994,2018-01-04 00:00:00,0,2.4479625
36.750004,-120.049995,2018-01-04 00:00:00,0,0.23811981
36.750004,-119.95,2018-01-04 00:00:00,0,0.117523514
36.750004,-119.84999,2018-01-04 00:00:00,0,0.15888034
36.750004,-119.75,2018-01-04 00:00:00,0,0.19155781
36.750004,-119.649994,2018-01-04 00:00:00,0,0.26592663
36.750004,-119.549995,2018-01-04 00:00:00,0,0.15474324
36.750004,-119.45,2018-01-04 00:00:00,0,0.07044137
36.750004,-119.34999,2018-01-04 00:00:00,0,0.0058838143
36.750004,-119.25,2018-01-04 00:00:00,0,0.017370272
36.750004,-119.149994,2018-01-04 00:00:00,0,0.045099903
36.750004,-119.049995,2018-01-04 00:00:00,0,0.045099903
36.750004,-118.95,2018-01-04 00:00:00,0,0.0
36.750004,-118.84999,2018-01-04 00:00:00,0,9.3364666e-05
36.750004,-118.75,2018-01-04 00:00:00,0,0.0003734587
36.750004,-118.649994,2018-01-04 00:00:00,0,0.2766964
36.750004,-118.549995,2018-01-04 00:00:00,0,0.3135426
36.750004,-118.45,2018-01-04 00:00:00,0,0.98915577
36.750004,-118.34999,2018-01-04 00:00:00,0,0.06756589
36.750004,-118.25,2018-01-04 00:00:00,0,0.005333457
36.750004,-118.149994,2018-01-04 00:00:00,0,0.009465232
36.750004,-118.049995,2018-01-04 00:00:00,0,0.0088463025
36.750004,-117.95,2018-01-04 00:00:00,0,0.0
36.750004,-117.84999,2018-01-04 00:00:00,0,0.0
36.750004,-117.75,2018-01-04 00:00:00,0,0.0
36.750004,-117.649994,2018-01-04 00:00:00,0,0.0
36.750004,-117.549995,2018-01-04 00:00:00,0,0.0
36.750004,-117.45,2018-01-04 00:00:00,0,0.0
36.750004,-117.34999,2018-01-04 00:00:00,0,0.0
36.750004,-117.25,2018-01-04 00:00:00,0,0.0
36.750004,-117.149994,2018-01-04 00:00:00,0,0.0
36.750004,-117.049995,2018-01-04 00:00:00,0,0.024303423
36.750004,-116.95,2018-01-04 00:00:00,0,0.024303423
36.750004,-116.84999,2018-01-04 00:00:00,0,0.0
36.750004,-116.75,2018-01-04 00:00:00,0,0.0
36.750004,-116.649994,2018-01-04 00:00:00,0,0.0
36.750004,-116.549995,2018-01-04 00:00:00,0,0.0
36.750004,-116.45,2018-01-04 00:00:00,0,0.0
36.750004,-116.34999,2018-01-04 00:00:00,0,0.0
36.750004,-116.25,2018-01-04 00:00:00,0,0.0
36.750004,-116.149994,2018-01-04 00:00:00,0,0.0
36.750004,-116.049995,2018-01-04 00:00:00,0,0.0
36.750004,-115.95,2018-01-04 00:00:00,0,0.0
36.750004,-115.85,2018-01-04 00:00:00,0,0.0
36.750004,-115.74999,2018-01-04 00:00:00,0,0.0
36.750004,-115.649994,2018-01-04 00:00:00,0,0.0
36.750004,-115.549995,2018-01-04 00:00:00,0,0.0
36.750004,-115.45,2018-01-04 00:00:00,0,0.0
36.750004,-115.35,2018-01-04 00:00:00,0,0.0
36.750004,-115.24999,2018-01-04 00:00:00,0,0.0
36.750004,-115.149994,2018-01-04 00:00:00,0,0.0
36.750004,-115.049995,2018-01-04 00:00:00,0,0.0
36.750004,-114.95,2018-01-04 00:00:00,0,0.0
36.750004,-114.85,2018-01-04 00:00:00,0,0.0
36.750004,-114.74999,2018-01-04 00:00:00,0,0.0
36.750004,-114.649994,2018-01-04 00:00:00,0,0.0
36.750004,-114.549995,2018-01-04 00:00:00,0,0.0
36.750004,-114.45,2018-01-04 00:00:00,0,0.0
36.750004,-114.35,2018-01-04 00:00:00,0,0.0
36.750004,-114.24999,2018-01-04 00:00:00,0,0.0
36.850002,-124.34999,2018-01-04 00:00:00,0,0.0
36.850002,-124.25,2018-01-04 00:00:00,0,0.0
36.850002,-124.149994,2018-01-04 00:00:00,0,0.0
36.850002,-124.049995,2018-01-04 00:00:00,0,0.0
36.850002,-123.95,2018-01-04 00:00:00,0,0.0
36.850002,-123.84999,2018-01-04 00:00:00,0,0.0
36.850002,-123.75,2018-01-04 00:00:00,0,0.0
36.850002,-123.649994,2018-01-04 00:00:00,0,0.0
36.850002,-123.549995,2018-01-04 00:00:00,0,0.0
36.850002,-123.45,2018-01-04 00:00:00,0,0.0
36.850002,-123.34999,2018-01-04 00:00:00,0,0.0
36.850002,-123.25,2018-01-04 00:00:00,0,0.0
36.850002,-123.149994,2018-01-04 00:00:00,0,0.0
36.850002,-123.049995,2018-01-04 00:00:00,0,0.0
36.850002,-122.95,2018-01-04 00:00:00,0,0.0
36.850002,-122.84999,2018-01-04 00:00:00,0,0.0
36.850002,-122.75,2018-01-04 00:00:00,0,0.0
36.850002,-122.649994,2018-01-04 00:00:00,0,0.0
36.850002,-122.549995,2018-01-04 00:00:00,0,0.0
36.850002,-122.45,2018-01-04 00:00:00,0,0.0
36.850002,-122.34999,2018-01-04 00:00:00,0,0.0
36.850002,-122.25,2018-01-04 00:00:00,0,0.0
36.850002,-122.149994,2018-01-04 00:00:00,0,0.0
36.850002,-122.049995,2018-01-04 00:00:00,0,0.0
36.850002,-121.95,2018-01-04 00:00:00,0,0.0
36.850002,-121.84999,2018-01-04 00:00:00,0,0.0
36.850002,-121.75,2018-01-04 00:00:00,0,0.27282846
36.850002,-121.649994,2018-01-04 00:00:00,0,0.038850084
36.850002,-121.549995,2018-01-04 00:00:00,0,0.052017126
36.850002,-121.45,2018-01-04 00:00:00,0,0.0042072604
36.850002,-121.34999,2018-01-04 00:00:00,0,0.0051737763
36.850002,-121.25,2018-01-04 00:00:00,0,0.004239382
36.850002,-121.149994,2018-01-04 00:00:00,0,0.0496749
36.850002,-121.049995,2018-01-04 00:00:00,0,0.5172612
36.850002,-120.95,2018-01-04 00:00:00,0,1.0291308
36.850002,-120.84999,2018-01-04 00:00:00,0,2.9929066
36.850002,-120.75,2018-01-04 00:00:00,0,1.2830801
36.850002,-120.649994,2018-01-04 00:00:00,0,2.5792706
36.850002,-120.549995,2018-01-04 00:00:00,0,5.1305757
36.850002,-120.45,2018-01-04 00:00:00,0,4.4657803
36.850002,-120.34999,2018-01-04 00:00:00,0,3.8842344
36.850002,-120.25,2018-01-04 00:00:00,0,1.1575394
36.850002,-120.149994,2018-01-04 00:00:00,0,1.3294505
36.850002,-120.049995,2018-01-04 00:00:00,0,1.0026822
36.850002,-119.95,2018-01-04 00:00:00,0,0.2919855
36.850002,-119.84999,2018-01-04 00:00:00,0,0.1588152
36.850002,-119.75,2018-01-04 00:00:00,0,0.84457564
36.850002,-119.649994,2018-01-04 00:00:00,0,2.6917841
36.850002,-119.549995,2018-01-04 00:00:00,0,0.9637361
36.850002,-119.45,2018-01-04 00:00:00,0,0.09030945
36.850002,-119.34999,2018-01-04 00:00:00,0,0.013307622
36.850002,-119.25,2018-01-04 00:00:00,0,0.003784127
36.850002,-119.149994,2018-01-04 00:00:00,0,0.060133204
36.850002,-119.049995,2018-01-04 00:00:00,0,0.0
36.850002,-118.95,2018-01-04 00:00:00,0,0.00031510578
36.850002,-118.84999,2018-01-04 00:00:00,0,0.001738917
36.850002,-118.75,2018-01-04 00:00:00,0,0.0015055052
36.850002,-118.649994,2018-01-04 00:00:00,0,0.269966
36.850002,-118.549995,2018-01-04 00:00:00,0,0.29212674
36.850002,-118.45,2018-01-04 00:00:00,0,0.0402
36.850002,-118.34999,2018-01-04 00:00:00,0,0.059200004
36.850002,-118.25,2018-01-04 00:00:00,0,0.008032376
36.850002,-118.149994,2018-01-04 00:00:00,0,0.012225224
36.850002,-118.049995,2018-01-04 00:00:00,0,0.010792153
36.850002,-117.95,2018-01-04 00:00:00,0,0.0
36.850002,-117.84999,2018-01-04 00:00:00,0,0.0
36.850002,-117.75,2018-01-04 00:00:00,0,0.0
36.850002,-117.649994,2018-01-04 00:00:00,0,0.0
36.850002,-117.549995,2018-01-04 00:00:00,0,0.0
36.850002,-117.45,2018-01-04 00:00:00,0,0.0
36.850002,-117.34999,2018-01-04 00:00:00,0,0.0
36.850002,-117.25,2018-01-04 00:00:00,0,0.0
36.850002,-117.149994,2018-01-04 00:00:00,0,1.2517692e-05
36.850002,-117.049995,2018-01-04 00:00:00,0,6.258846e-05
36.850002,-116.95,2018-01-04 00:00:00,0,0.0
36.850002,-116.84999,2018-01-04 00:00:00,0,0.0
36.850002,-116.75,2018-01-04 00:00:00,0,0.0
36.850002,-116.649994,2018-01-04 00:00:00,0,0.0
36.850002,-116.549995,2018-01-04 00:00:00,0,0.0
36.850002,-116.45,2018-01-04 00:00:00,0,0.0
36.850002,-116.34999,2018-01-04 00:00:00,0,0.0
36.850002,-116.25,2018-01-04 00:00:00,0,0.0
36.850002,-116.149994,2018-01-04 00:00:00,0,0.0
36.850002,-116.049995,2018-01-04 00:00:00,0,0.0
36.850002,-115.95,2018-01-04 00:00:00,0,0.0
36.850002,-115.85,2018-01-04 00:00:00,0,0.0
36.850002,-115.74999,2018-01-04 00:00:00,0,0.0
36.850002,-115.649994,2018-01-04 00:00:00,0,0.0
36.850002,-115.549995,2018-01-04 00:00:00,0,0.0
36.850002,-115.45,2018-01-04 00:00:00,0,0.0
36.850002,-115.35,2018-01-04 00:00:00,0,0.0
36.850002,-115.24999,2018-01-04 00:00:00,0,0.0
36.850002,-115.149994,2018-01-04 00:00:00,0,0.0
36.850002,-115.049995,2018-01-04 00:00:00,0,0.0
36.850002,-114.95,2018-01-04 00:00:00,0,0.0
36.850002,-114.85,2018-01-04 00:00:00,0,0.0
36.850002,-114.74999,2018-01-04 00:00:00,0,0.0
36.850002,-114.649994,2018-01-04 00:00:00,0,0.0
36.850002,-114.549995,2018-01-04 00:00:00,0,0.0
36.850002,-114.45,2018-01-04 00:00:00,0,0.0
36.850002,-114.35,2018-01-04 00:00:00,0,0.0
36.850002,-114.24999,2018-01-04 00:00:00,0,0.0
36.95,-124.34999,2018-01-04 00:00:00,0,0.0
36.95,-124.25,2018-01-04 00:00:00,0,0.0
36.95,-124.149994,2018-01-04 00:00:00,0,0.0
36.95,-124.049995,2018-01-04 00:00:00,0,0.0
36.95,-123.95,2018-01-04 00:00:00,0,0.0
36.95,-123.84999,2018-01-04 00:00:00,0,0.0
36.95,-123.75,2018-01-04 00:00:00,0,0.0
36.95,-123.649994,2018-01-04 00:00:00,0,0.0
36.95,-123.549995,2018-01-04 00:00:00,0,0.0
36.95,-123.45,2018-01-04 00:00:00,0,0.0
36.95,-123.34999,2018-01-04 00:00:00,0,0.0
36.95,-123.25,2018-01-04 00:00:00,0,0.0
36.95,-123.149994,2018-01-04 00:00:00,0,0.0
36.95,-123.049995,2018-01-04 00:00:00,0,0.0
36.95,-122.95,2018-01-04 00:00:00,0,0.0
36.95,-122.84999,2018-01-04 00:00:00,0,0.0
36.95,-122.75,2018-01-04 00:00:00,0,0.0
36.95,-122.649994,2018-01-04 00:00:00,0,0.0
36.95,-122.549995,2018-01-04 00:00:00,0,0.0
36.95,-122.45,2018-01-04 00:00:00,0,0.0
36.95,-122.34999,2018-01-04 00:00:00,0,0.0
36.95,-122.25,2018-01-04 00:00:00,0,0.0
36.95,-122.149994,2018-01-04 00:00:00,0,0.0
36.95,-122.049995,2018-01-04 00:00:00,0,2.7671657
36.95,-121.95,2018-01-04 00:00:00,0,0.0
36.95,-121.84999,2018-01-04 00:00:00,0,1.398584
36.95,-121.75,2018-01-04 00:00:00,0,0.4473666
36.95,-121.649994,2018-01-04 00:00:00,0,0.09413279
36.95,-121.549995,2018-01-04 00:00:00,0,0.004945333
36.95,-121.45,2018-01-04 00:00:00,0,0.0055232523
36.95,-121.34999,2018-01-04 00:00:00,0,0.0043284837
36.95,-121.25,2018-01-04 00:00:00,0,0.0032922772
36.95,-121.149994,2018-01-04 00:00:00,0,0.21851298
36.95,-121.049995,2018-01-04 00:00:00,0,2.2907972
36.95,-120.95,2018-01-04 00:00:00,0,3.708882
36.95,-120.84999,2018-01-04 00:00:00,0,12.885107
36.95,-120.75,2018-01-04 00:00:00,0,3.114794
36.95,-120.649994,2018-01-04 00:00:00,0,2.2884002
36.95,-120.549995,2018-01-04 00:00:00,0,2.551623
36.95,-120.45,2018-01-04 00:00:00,0,0.82646614
36.95,-120.34999,2018-01-04 00:00:00,0,0.74364114
36.95,-120.25,2018-01-04 00:00:00,0,4.7795467
36.95,-120.149994,2018-01-04 00:00:00,0,4.1218657
36.95,-120.049995,2018-01-04 00:00:00,0,2.7191553
36.95,-119.95,2018-01-04 00:00:00,0,2.6850324
36.95,-119.84999,2018-01-04 00:00:00,0,2.8795335
36.95,-119.75,2018-01-04 00:00:00,0,2.7217274
36.95,-119.649994,2018-01-04 00:00:00,0,2.897514
36.95,-119.549995,2018-01-04 00:00:00,0,1.3590419
36.95,-119.45,2018-01-04 00:00:00,0,0.09327048
36.95,-119.34999,2018-01-04 00:00:00,0,0.003836381
36.95,-119.25,2018-01-04 00:00:00,0,0.00037584288
36.95,-119.149994,2018-01-04 00:00:00,0,0.0
36.95,-119.049995,2018-01-04 00:00:00,0,0.0
36.95,-118.95,2018-01-04 00:00:00,0,0.0015055052
36.95,-118.84999,2018-01-04 00:00:00,0,0.0076909144
36.95,-118.75,2018-01-04 00:00:00,0,0.003886304
36.95,-118.649994,2018-01-04 00:00:00,0,0.1331623
36.95,-118.549995,2018-01-04 00:00:00,0,0.169397
36.95,-118.45,2018-01-04 00:00:00,0,0.0454
36.95,-118.34999,2018-01-04 00:00:00,0,0.0007702584
36.95,-118.25,2018-01-04 00:00:00,0,0.0034755962
36.95,-118.149994,2018-01-04 00:00:00,0,0.006593384
36.95,-118.049995,2018-01-04 00:00:00,0,0.010700515
36.95,-117.95,2018-01-04 00:00:00,0,0.0
36.95,-117.84999,2018-01-04 00:00:00,0,0.0
36.95,-117.75,2018-01-04 00:00:00,0,0.0
36.95,-117.649994,2018-01-04 00:00:00,0,0.0
36.95,-117.549995,2018-01-04 00:00:00,0,0.0
36.95,-117.45,2018-01-04 00:00:00,0,0.0
36.95,-117.34999,2018-01-04 00:00:00,0,0.0
36.95,-117.25,2018-01-04 00:00:00,0,0.0
36.95,-117.149994,2018-01-04 00:00:00,0,8.762384e-05
36.95,-117.049995,2018-01-04 00:00:00,0,0.0
36.95,-116.95,2018-01-04 00:00:00,0,0.0
36.95,-116.84999,2018-01-04 00:00:00,0,0.0
36.95,-116.75,2018-01-04 00:00:00,0,0.0
36.95,-116.649994,2018-01-04 00:00:00,0,0.0
36.95,-116.549995,2018-01-04 00:00:00,0,0.0
36.95,-116.45,2018-01-04 00:00:00,0,0.0
36.95,-116.34999,2018-01-04 00:00:00,0,0.0
36.95,-116.25,2018-01-04 00:00:00,0,0.0
36.95,-116.149994,2018-01-04 00:00:00,0,0.0
36.95,-116.049995,2018-01-04 00:00:00,0,0.0
36.95,-115.95,2018-01-04 00:00:00,0,0.0
36.95,-115.85,2018-01-04 00:00:00,0,0.0
36.95,-115.74999,2018-01-04 00:00:00,0,0.0
36.95,-115.649994,2018-01-04 00:00:00,0,0.0
36.95,-115.549995,2018-01-04 00:00:00,0,0.0
36.95,-115.45,2018-01-04 00:00:00,0,0.0
36.95,-115.35,2018-01-04 00:00:00,0,0.0
36.95,-115.24999,2018-01-04 00:00:00,0,0.0
36.95,-115.149994,2018-01-04 00:00:00,0,0.0
36.95,-115.049995,2018-01-04 00:00:00,0,0.0
36.95,-114.95,2018-01-04 00:00:00,0,0.0
36.95,-114.85,2018-01-04 00:00:00,0,0.0
36.95,-114.74999,2018-01-04 00:00:00,0,0.0
36.95,-114.649994,2018-01-04 00:00:00,0,0.0
36.95,-114.549995,2018-01-04 00:00:00,0,0.0
36.95,-114.45,2018-01-04 00:00:00,0,0.0
36.95,-114.35,2018-01-04 00:00:00,0,0.0
36.95,-114.24999,2018-01-04 00:00:00,0,0.0
37.05,-124.34999,2018-01-04 00:00:00,0,0.0
37.05,-124.25,2018-01-04 00:00:00,0,0.0
37.05,-124.149994,2018-01-04 00:00:00,0,0.0
37.05,-124.049995,2018-01-04 00:00:00,0,0.0
37.05,-123.95,2018-01-04 00:00:00,0,0.0
37.05,-123.84999,2018-01-04 00:00:00,0,0.0
37.05,-123.75,2018-01-04 00:00:00,0,0.0
37.05,-123.649994,2018-01-04 00:00:00,0,0.0
37.05,-123.549995,2018-01-04 00:00:00,0,0.0
37.05,-123.45,2018-01-04 00:00:00,0,0.0
37.05,-123.34999,2018-01-04 00:00:00,0,0.0
37.05,-123.25,2018-01-04 00:00:00,0,0.0
37.05,-123.149994,2018-01-04 00:00:00,0,0.0
37.05,-123.049995,2018-01-04 00:00:00,0,0.0
37.05,-122.95,2018-01-04 00:00:00,0,0.0
37.05,-122.84999,2018-01-04 00:00:00,0,0.0
37.05,-122.75,2018-01-04 00:00:00,0,0.0
37.05,-122.649994,2018-01-04 00:00:00,0,0.0
37.05,-122.549995,2018-01-04 00:00:00,0,0.0
37.05,-122.45,2018-01-04 00:00:00,0,0.0
37.05,-122.34999,2018-01-04 00:00:00,0,0.0
37.05,-122.25,2018-01-04 00:00:00,0,0.0
37.05,-122.149994,2018-01-04 00:00:00,0,3.1721659
37.05,-122.049995,2018-01-04 00:00:00,0,2.6158578
37.05,-121.95,2018-01-04 00:00:00,0,2.3715813
37.05,-121.84999,2018-01-04 00:00:00,0,1.409615
37.05,-121.75,2018-01-04 00:00:00,0,0.76448023
37.05,-121.649994,2018-01-04 00:00:00,0,0.46007675
37.05,-121.549995,2018-01-04 00:00:00,0,0.118364386
37.05,-121.45,2018-01-04 00:00:00,0,0.022795808
37.05,-121.34999,2018-01-04 00:00:00,0,0.002897437
37.05,-121.25,2018-01-04 00:00:00,0,0.004088246
37.05,-121.149994,2018-01-04 00:00:00,0,0.019278493
37.05,-121.049995,2018-01-04 00:00:00,0,0.003975974
37.05,-120.95,2018-01-04 00:00:00,0,2.5587735
37.05,-120.84999,2018-01-04 00:00:00,0,0.13128224
37.05,-120.75,2018-01-04 00:00:00,0,0.65913296
37.05,-120.649994,2018-01-04 00:00:00,0,0.7476937
37.05,-120.549995,2018-01-04 00:00:00,0,2.0190816
37.05,-120.45,2018-01-04 00:00:00,0,1.486732
37.05,-120.34999,2018-01-04 00:00:00,0,1.2199161
37.05,-120.25,2018-01-04 00:00:00,0,4.55879
37.05,-120.149994,2018-01-04 00:00:00,0,4.020883
37.05,-120.049995,2018-01-04 00:00:00,0,2.687099
37.05,-119.95,2018-01-04 00:00:00,0,0.35405493
37.05,-119.84999,2018-01-04 00:00:00,0,0.03973805
37.05,-119.75,2018-01-04 00:00:00,0,0.6859185
37.05,-119.649994,2018-01-04 00:00:00,0,0.12872666
37.05,-119.549995,2018-01-04 00:00:00,0,1.1776676
37.05,-119.45,2018-01-04 00:00:00,0,0.0021761341
37.05,-119.34999,2018-01-04 00:00:00,0,0.002052581
37.05,-119.25,2018-01-04 00:00:00,0,0.0
37.05,-119.149994,2018-01-04 00:00:00,0,0.0
37.05,-119.049995,2018-01-04 00:00:00,0,7.0023496e-05
37.05,-118.95,2018-01-04 00:00:00,0,0.0013421172
37.05,-118.84999,2018-01-04 00:00:00,0,0.005706915
37.05,-118.75,2018-01-04 00:00:00,0,0.050799996
37.05,-118.649994,2018-01-04 00:00:00,0,0.041199997
37.05,-118.549995,2018-01-04 00:00:00,0,0.0678
37.05,-118.45,2018-01-04 00:00:00,0,0.071
37.05,-118.34999,2018-01-04 00:00:00,0,0.069199994
37.05,-118.25,2018-01-04 00:00:00,0,0.0007424419
37.05,-118.149994,2018-01-04 00:00:00,0,0.004281287
37.05,-118.049995,2018-01-04 00:00:00,0,0.0
37.05,-117.95,2018-01-04 00:00:00,0,0.0
37.05,-117.84999,2018-01-04 00:00:00,0,0.0
37.05,-117.75,2018-01-04 00:00:00,0,0.0
37.05,-117.649994,2018-01-04 00:00:00,0,0.0
37.05,-117.549995,2018-01-04 00:00:00,0,0.0
37.05,-117.45,2018-01-04 00:00:00,0,0.0
37.05,-117.34999,2018-01-04 00:00:00,0,0.0
37.05,-117.25,2018-01-04 00:00:00,0,0.0
37.05,-117.149994,2018-01-04 00:00:00,0,0.0
37.05,-117.049995,2018-01-04 00:00:00,0,0.0
37.05,-116.95,2018-01-04 00:00:00,0,0.0
37.05,-116.84999,2018-01-04 00:00:00,0,0.0
37.05,-116.75,2018-01-04 00:00:00,0,0.0
37.05,-116.649994,2018-01-04 00:00:00,0,0.0
37.05,-116.549995,2018-01-04 00:00:00,0,0.0
37.05,-116.45,2018-01-04 00:00:00,0,0.0
37.05,-116.34999,2018-01-04 00:00:00,0,0.0
37.05,-116.25,2018-01-04 00:00:00,0,0.0
37.05,-116.149994,2018-01-04 00:00:00,0,0.0
37.05,-116.049995,2018-01-04 00:00:00,0,0.0
37.05,-115.95,2018-01-04 00:00:00,0,0.0
37.05,-115.85,2018-01-04 00:00:00,0,0.0
37.05,-115.74999,2018-01-04 00:00:00,0,0.0
37.05,-115.649994,2018-01-04 00:00:00,0,0.0
37.05,-115.549995,2018-01-04 00:00:00,0,0.0
37.05,-115.45,2018-01-04 00:00:00,0,0.0
37.05,-115.35,2018-01-04 00:00:00,0,0.0
37.05,-115.24999,2018-01-04 00:00:00,0,0.0
37.05,-115.149994,2018-01-04 00:00:00,0,0.0
37.05,-115.049995,2018-01-04 00:00:00,0,0.0
37.05,-114.95,2018-01-04 00:00:00,0,0.0
37.05,-114.85,2018-01-04 00:00:00,0,0.0
37.05,-114.74999,2018-01-04 00:00:00,0,0.0
37.05,-114.649994,2018-01-04 00:00:00,0,0.0
37.05,-114.549995,2018-01-04 00:00:00,0,0.0
37.05,-114.45,2018-01-04 00:00:00,0,0.0
37.05,-114.35,2018-01-04 00:00:00,0,0.0
37.05,-114.24999,2018-01-04 00:00:00,0,0.0
37.149998,-124.34999,2018-01-04 00:00:00,0,0.0
37.149998,-124.25,2018-01-04 00:00:00,0,0.0
37.149998,-124.149994,2018-01-04 00:00:00,0,0.0
37.149998,-124.049995,2018-01-04 00:00:00,0,0.0
37.149998,-123.95,2018-01-04 00:00:00,0,0.0
37.149998,-123.84999,2018-01-04 00:00:00,0,0.0
37.149998,-123.75,2018-01-04 00:00:00,0,0.0
37.149998,-123.649994,2018-01-04 00:00:00,0,0.0
37.149998,-123.549995,2018-01-04 00:00:00,0,0.0
37.149998,-123.45,2018-01-04 00:00:00,0,0.0
37.149998,-123.34999,2018-01-04 00:00:00,0,0.0
37.149998,-123.25,2018-01-04 00:00:00,0,0.0
37.149998,-123.149994,2018-01-04 00:00:00,0,0.0
37.149998,-123.049995,2018-01-04 00:00:00,0,0.0
37.149998,-122.95,2018-01-04 00:00:00,0,0.0
37.149998,-122.84999,2018-01-04 00:00:00,0,0.0
37.149998,-122.75,2018-01-04 00:00:00,0,0.0
37.149998,-122.649994,2018-01-04 00:00:00,0,0.0
37.149998,-122.549995,2018-01-04 00:00:00,0,0.0
37.149998,-122.45,2018-01-04 00:00:00,0,0.0
37.149998,-122.34999,2018-01-04 00:00:00,0,0.9392338
37.149998,-122.25,2018-01-04 00:00:00,0,1.9150803
37.149998,-122.149994,2018-01-04 00:00:00,0,2.4789073
37.149998,-122.049995,2018-01-04 00:00:00,0,2.156899
37.149998,-121.95,2018-01-04 00:00:00,0,1.5269508
37.149998,-121.84999,2018-01-04 00:00:00,0,1.7549613
37.149998,-121.75,2018-01-04 00:00:00,0,1.7050463
37.149998,-121.649994,2018-01-04 00:00:00,0,0.68181926
37.149998,-121.549995,2018-01-04 00:00:00,0,0.105975784
37.149998,-121.45,2018-01-04 00:00:00,0,0.25651494
37.149998,-121.34999,2018-01-04 00:00:00,0,0.0035409466
37.149998,-121.25,2018-01-04 00:00:00,0,0.001584647
37.149998,-121.149994,2018-01-04 00:00:00,0,0.0052996865
37.149998,-121.049995,2018-01-04 00:00:00,0,0.0044260584
37.149998,-120.95,2018-01-04 00:00:00,0,0.0023180451
37.149998,-120.84999,2018-01-04 00:00:00,0,0.033736642
37.149998,-120.75,2018-01-04 00:00:00,0,0.56954885
37.149998,-120.649994,2018-01-04 00:00:00,0,0.8016788
37.149998,-120.549995,2018-01-04 00:00:00,0,3.4620113
37.149998,-120.45,2018-01-04 00:00:00,0,4.298523
37.149998,-120.34999,2018-01-04 00:00:00,0,2.7606263
37.149998,-120.25,2018-01-04 00:00:00,0,6.41805
37.149998,-120.149994,2018-01-04 00:00:00,0,5.4375167
37.149998,-120.049995,2018-01-04 00:00:00,0,0.5700871
37.149998,-119.95,2018-01-04 00:00:00,0,0.2895786
37.149998,-119.84999,2018-01-04 00:00:00,0,0.08977142
37.149998,-119.75,2018-01-04 00:00:00,0,0.038002476
37.149998,-119.649994,2018-01-04 00:00:00,0,0.30902144
37.149998,-119.549995,2018-01-04 00:00:00,0,0.2975948
37.149998,-119.45,2018-01-04 00:00:00,0,0.06310651
37.149998,-119.34999,2018-01-04 00:00:00,0,0.061522406
37.149998,-119.25,2018-01-04 00:00:00,0,0.0
37.149998,-119.149994,2018-01-04 00:00:00,0,0.0
37.149998,-119.049995,2018-01-04 00:00:00,0,0.00011670583
37.149998,-118.95,2018-01-04 00:00:00,0,0.0008286113
37.149998,-118.84999,2018-01-04 00:00:00,0,0.040799998
37.149998,-118.75,2018-01-04 00:00:00,0,0.030399999
37.149998,-118.649994,2018-01-04 00:00:00,0,0.036
37.149998,-118.549995,2018-01-04 00:00:00,0,0.066999994
37.149998,-118.45,2018-01-04 00:00:00,0,0.06299999
37.149998,-118.34999,2018-01-04 00:00:00,0,0.0
37.149998,-118.25,2018-01-04 00:00:00,0,0.00052711903
37.149998,-118.149994,2018-01-04 00:00:00,0,0.0031231798
37.149998,-118.049995,2018-01-04 00:00:00,0,0.0
37.149998,-117.95,2018-01-04 00:00:00,0,0.0
37.149998,-117.84999,2018-01-04 00:00:00,0,0.0
37.149998,-117.75,2018-01-04 00:00:00,0,0.0
37.149998,-117.649994,2018-01-04 00:00:00,0,0.0
37.149998,-117.549995,2018-01-04 00:00:00,0,2.5035384e-05
37.149998,-117.45,2018-01-04 00:00:00,0,0.00022531845
37.149998,-117.34999,2018-01-04 00:00:00,0,0.0
37.149998,-117.25,2018-01-04 00:00:00,0,0.0
37.149998,-117.149994,2018-01-04 00:00:00,0,0.0
37.149998,-117.049995,2018-01-04 00:00:00,0,0.0
37.149998,-116.95,2018-01-04 00:00:00,0,0.0
37.149998,-116.84999,2018-01-04 00:00:00,0,0.0
37.149998,-116.75,2018-01-04 00:00:00,0,0.0
37.149998,-116.649994,2018-01-04 00:00:00,0,0.0
37.149998,-116.549995,2018-01-04 00:00:00,0,0.0
37.149998,-116.45,2018-01-04 00:00:00,0,0.0
37.149998,-116.34999,2018-01-04 00:00:00,0,0.0
37.149998,-116.25,2018-01-04 00:00:00,0,0.0
37.149998,-116.149994,2018-01-04 00:00:00,0,0.0
37.149998,-116.049995,2018-01-04 00:00:00,0,0.0
37.149998,-115.95,2018-01-04 00:00:00,0,0.0
37.149998,-115.85,2018-01-04 00:00:00,0,0.0
37.149998,-115.74999,2018-01-04 00:00:00,0,0.0
37.149998,-115.649994,2018-01-04 00:00:00,0,0.0
37.149998,-115.549995,2018-01-04 00:00:00,0,0.0
37.149998,-115.45,2018-01-04 00:00:00,0,0.0
37.149998,-115.35,2018-01-04 00:00:00,0,0.0
37.149998,-115.24999,2018-01-04 00:00:00,0,0.0
37.149998,-115.149994,2018-01-04 00:00:00,0,0.0
37.149998,-115.049995,2018-01-04 00:00:00,0,0.0
37.149998,-114.95,2018-01-04 00:00:00,0,0.0
37.149998,-114.85,2018-01-04 00:00:00,0,0.0
37.149998,-114.74999,2018-01-04 00:00:00,0,0.0
37.149998,-114.649994,2018-01-04 00:00:00,0,0.0
37.149998,-114.549995,2018-01-04 00:00:00,0,0.0
37.149998,-114.45,2018-01-04 00:00:00,0,0.0
37.149998,-114.35,2018-01-04 00:00:00,0,0.0
37.149998,-114.24999,2018-01-04 00:00:00,0,0.0
37.250004,-124.34999,2018-01-04 00:00:00,0,0.0
37.250004,-124.25,2018-01-04 00:00:00,0,0.0
37.250004,-124.149994,2018-01-04 00:00:00,0,0.0
37.250004,-124.049995,2018-01-04 00:00:00,0,0.0
37.250004,-123.95,2018-01-04 00:00:00,0,0.0
37.250004,-123.84999,2018-01-04 00:00:00,0,0.0
37.250004,-123.75,2018-01-04 00:00:00,0,0.0
37.250004,-123.649994,2018-01-04 00:00:00,0,0.0
37.250004,-123.549995,2018-01-04 00:00:00,0,0.0
37.250004,-123.45,2018-01-04 00:00:00,0,0.0
37.250004,-123.34999,2018-01-04 00:00:00,0,0.0
37.250004,-123.25,2018-01-04 00:00:00,0,0.0
37.250004,-123.149994,2018-01-04 00:00:00,0,0.0
37.250004,-123.049995,2018-01-04 00:00:00,0,0.0
37.250004,-122.95,2018-01-04 00:00:00,0,0.0
37.250004,-122.84999,2018-01-04 00:00:00,0,0.0
37.250004,-122.75,2018-01-04 00:00:00,0,0.0
37.250004,-122.649994,2018-01-04 00:00:00,0,0.0
37.250004,-122.549995,2018-01-04 00:00:00,0,0.0
37.250004,-122.45,2018-01-04 00:00:00,0,0.0
37.250004,-122.34999,2018-01-04 00:00:00,0,1.05775
37.250004,-122.25,2018-01-04 00:00:00,0,5.435298
37.250004,-122.149994,2018-01-04 00:00:00,0,6.4549108
37.250004,-122.049995,2018-01-04 00:00:00,0,1.6873486
37.250004,-121.95,2018-01-04 00:00:00,0,1.366072
37.250004,-121.84999,2018-01-04 00:00:00,0,2.5723846
37.250004,-121.75,2018-01-04 00:00:00,0,2.8657737
37.250004,-121.649994,2018-01-04 00:00:00,0,0.79267395
37.250004,-121.549995,2018-01-04 00:00:00,0,0.097077325
37.250004,-121.45,2018-01-04 00:00:00,0,0.22930743
37.250004,-121.34999,2018-01-04 00:00:00,0,0.19402017
37.250004,-121.25,2018-01-04 00:00:00,0,0.35455045
37.250004,-121.149994,2018-01-04 00:00:00,0,0.36172956
37.250004,-121.049995,2018-01-04 00:00:00,0,0.06254302
37.250004,-120.95,2018-01-04 00:00:00,0,0.041596342
37.250004,-120.84999,2018-01-04 00:00:00,0,0.32657635
37.250004,-120.75,2018-01-04 00:00:00,0,0.8300919
37.250004,-120.649994,2018-01-04 00:00:00,0,1.8697082
37.250004,-120.549995,2018-01-04 00:00:00,0,3.6459107
37.250004,-120.45,2018-01-04 00:00:00,0,10.909818
37.250004,-120.34999,2018-01-04 00:00:00,0,2.596557
37.250004,-120.25,2018-01-04 00:00:00,0,9.637532
37.250004,-120.149994,2018-01-04 00:00:00,0,1.1926116
37.250004,-120.049995,2018-01-04 00:00:00,0,0.36881706
37.250004,-119.95,2018-01-04 00:00:00,0,0.28343034
37.250004,-119.84999,2018-01-04 00:00:00,0,0.028207691
37.250004,-119.75,2018-01-04 00:00:00,0,0.00055639795
37.250004,-119.649994,2018-01-04 00:00:00,0,0.2877605
37.250004,-119.549995,2018-01-04 00:00:00,0,0.27161342
37.250004,-119.45,2018-01-04 00:00:00,0,0.00014946454
37.250004,-119.34999,2018-01-04 00:00:00,0,0.061569087
37.250004,-119.25,2018-01-04 00:00:00,0,0.0
37.250004,-119.149994,2018-01-04 00:00:00,0,1.1670583e-05
37.250004,-119.049995,2018-01-04 00:00:00,0,0.00031510575
37.250004,-118.95,2018-01-04 00:00:00,0,0.0010970348
37.250004,-118.84999,2018-01-04 00:00:00,0,0.024
37.250004,-118.75,2018-01-04 00:00:00,0,0.021399999
37.250004,-118.649994,2018-01-04 00:00:00,0,0.031
37.250004,-118.549995,2018-01-04 00:00:00,0,0.003799689
37.250004,-118.45,2018-01-04 00:00:00,0,0.018461332
37.250004,-118.34999,2018-01-04 00:00:00,0,0.0
37.250004,-118.25,2018-01-04 00:00:00,0,0.00015813569
37.250004,-118.149994,2018-01-04 00:00:00,0,0.0
37.250004,-118.049995,2018-01-04 00:00:00,0,0.0
37.250004,-117.95,2018-01-04 00:00:00,0,0.0
37.250004,-117.84999,2018-01-04 00:00:00,0,0.0
37.250004,-117.75,2018-01-04 00:00:00,0,0.0
37.250004,-117.649994,2018-01-04 00:00:00,0,0.0
37.250004,-117.549995,2018-01-04 00:00:00,0,0.0004381192
37.250004,-117.45,2018-01-04 00:00:00,0,0.0
37.250004,-117.34999,2018-01-04 00:00:00,0,0.0
37.250004,-117.25,2018-01-04 00:00:00,0,0.0
37.250004,-117.149994,2018-01-04 00:00:00,0,0.0
37.250004,-117.049995,2018-01-04 00:00:00,0,0.0
37.250004,-116.95,2018-01-04 00:00:00,0,0.0
37.250004,-116.84999,2018-01-04 00:00:00,0,0.0
37.250004,-116.75,2018-01-04 00:00:00,0,0.0
37.250004,-116.649994,2018-01-04 00:00:00,0,0.0
37.250004,-116.549995,2018-01-04 00:00:00,0,0.0
37.250004,-116.45,2018-01-04 00:00:00,0,0.0
37.250004,-116.34999,2018-01-04 00:00:00,0,0.0
37.250004,-116.25,2018-01-04 00:00:00,0,0.0
37.250004,-116.149994,2018-01-04 00:00:00,0,0.0
37.250004,-116.049995,2018-01-04 00:00:00,0,0.0
37.250004,-115.95,2018-01-04 00:00:00,0,0.0
37.250004,-115.85,2018-01-04 00:00:00,0,0.0
37.250004,-115.74999,2018-01-04 00:00:00,0,0.0
37.250004,-115.649994,2018-01-04 00:00:00,0,0.0
37.250004,-115.549995,2018-01-04 00:00:00,0,0.0
37.250004,-115.45,2018-01-04 00:00:00,0,0.0
37.250004,-115.35,2018-01-04 00:00:00,0,0.0
37.250004,-115.24999,2018-01-04 00:00:00,0,0.0
37.250004,-115.149994,2018-01-04 00:00:00,0,0.0
37.250004,-115.049995,2018-01-04 00:00:00,0,0.0
37.250004,-114.95,2018-01-04 00:00:00,0,0.0
37.250004,-114.85,2018-01-04 00:00:00,0,0.0
37.250004,-114.74999,2018-01-04 00:00:00,0,0.0
37.250004,-114.649994,2018-01-04 00:00:00,0,0.0
37.250004,-114.549995,2018-01-04 00:00:00,0,0.0
37.250004,-114.45,2018-01-04 00:00:00,0,0.0
37.250004,-114.35,2018-01-04 00:00:00,0,0.0
37.250004,-114.24999,2018-01-04 00:00:00,0,0.0
37.350002,-124.34999,2018-01-04 00:00:00,0,0.0
37.350002,-124.25,2018-01-04 00:00:00,0,0.0
37.350002,-124.149994,2018-01-04 00:00:00,0,0.0
37.350002,-124.049995,2018-01-04 00:00:00,0,0.0
37.350002,-123.95,2018-01-04 00:00:00,0,0.0
37.350002,-123.84999,2018-01-04 00:00:00,0,0.0
37.350002,-123.75,2018-01-04 00:00:00,0,0.0
37.350002,-123.649994,2018-01-04 00:00:00,0,0.0
37.350002,-123.549995,2018-01-04 00:00:00,0,0.0
37.350002,-123.45,2018-01-04 00:00:00,0,0.0
37.350002,-123.34999,2018-01-04 00:00:00,0,0.0
37.350002,-123.25,2018-01-04 00:00:00,0,0.0
37.350002,-123.149994,2018-01-04 00:00:00,0,0.0
37.350002,-123.049995,2018-01-04 00:00:00,0,0.0
37.350002,-122.95,2018-01-04 00:00:00,0,0.0
37.350002,-122.84999,2018-01-04 00:00:00,0,0.0
37.350002,-122.75,2018-01-04 00:00:00,0,0.0
37.350002,-122.649994,2018-01-04 00:00:00,0,0.0
37.350002,-122.549995,2018-01-04 00:00:00,0,0.0
37.350002,-122.45,2018-01-04 00:00:00,0,0.0
37.350002,-122.34999,2018-01-04 00:00:00,0,1.1688812
37.350002,-122.25,2018-01-04 00:00:00,0,5.3954673
37.350002,-122.149994,2018-01-04 00:00:00,0,9.51213
37.350002,-122.049995,2018-01-04 00:00:00,0,9.913842
37.350002,-121.95,2018-01-04 00:00:00,0,1.7797706
37.350002,-121.84999,2018-01-04 00:00:00,0,3.7450228
37.350002,-121.75,2018-01-04 00:00:00,0,4.9732695
37.350002,-121.649994,2018-01-04 00:00:00,0,3.0961087
37.350002,-121.549995,2018-01-04 00:00:00,0,0.4674814
37.350002,-121.45,2018-01-04 00:00:00,0,0.28369948
37.350002,-121.34999,2018-01-04 00:00:00,0,0.31946254
37.350002,-121.25,2018-01-04 00:00:00,0,0.7832312
37.350002,-121.149994,2018-01-04 00:00:00,0,0.9638097
37.350002,-121.049995,2018-01-04 00:00:00,0,0.38628665
37.350002,-120.95,2018-01-04 00:00:00,0,0.55916876
37.350002,-120.84999,2018-01-04 00:00:00,0,0.8768101
37.350002,-120.75,2018-01-04 00:00:00,0,6.334804
37.350002,-120.649994,2018-01-04 00:00:00,0,8.481255
37.350002,-120.549995,2018-01-04 00:00:00,0,10.585079
37.350002,-120.45,2018-01-04 00:00:00,0,11.009603
37.350002,-120.34999,2018-01-04 00:00:00,0,5.8145833
37.350002,-120.25,2018-01-04 00:00:00,0,10.636665
37.350002,-120.149994,2018-01-04 00:00:00,0,1.5754001
37.350002,-120.049995,2018-01-04 00:00:00,0,1.2371694
37.350002,-119.95,2018-01-04 00:00:00,0,1.2895427
37.350002,-119.84999,2018-01-04 00:00:00,0,0.01812693
37.350002,-119.75,2018-01-04 00:00:00,0,0.06199211
37.350002,-119.649994,2018-01-04 00:00:00,0,0.06757963
37.350002,-119.549995,2018-01-04 00:00:00,0,0.087614045
37.350002,-119.45,2018-01-04 00:00:00,0,0.00028009398
37.350002,-119.34999,2018-01-04 00:00:00,0,0.0017272463
37.350002,-119.25,2018-01-04 00:00:00,0,0.000420141
37.350002,-119.149994,2018-01-04 00:00:00,0,5.8352914e-05
37.350002,-119.049995,2018-01-04 00:00:00,0,0.0005018351
37.350002,-118.95,2018-01-04 00:00:00,0,0.00037345866
37.350002,-118.84999,2018-01-04 00:00:00,0,0.022800002
37.350002,-118.75,2018-01-04 00:00:00,0,0.0246
37.350002,-118.649994,2018-01-04 00:00:00,0,0.0
37.350002,-118.549995,2018-01-04 00:00:00,0,0.001765566
37.350002,-118.45,2018-01-04 00:00:00,0,0.005296698
37.350002,-118.34999,2018-01-04 00:00:00,0,0.0
37.350002,-118.25,2018-01-04 00:00:00,0,0.0
37.350002,-118.149994,2018-01-04 00:00:00,0,0.0
37.350002,-118.049995,2018-01-04 00:00:00,0,0.0
37.350002,-117.95,2018-01-04 00:00:00,0,0.0
37.350002,-117.84999,2018-01-04 00:00:00,0,0.0
37.350002,-117.75,2018-01-04 00:00:00,0,0.0
37.350002,-117.649994,2018-01-04 00:00:00,0,0.0
37.350002,-117.549995,2018-01-04 00:00:00,0,0.0
37.350002,-117.45,2018-01-04 00:00:00,0,0.0
37.350002,-117.34999,2018-01-04 00:00:00,0,0.0
37.350002,-117.25,2018-01-04 00:00:00,0,0.0
37.350002,-117.149994,2018-01-04 00:00:00,0,0.0
37.350002,-117.049995,2018-01-04 00:00:00,0,0.0
37.350002,-116.95,2018-01-04 00:00:00,0,0.0
37.350002,-116.84999,2018-01-04 00:00:00,0,0.0
37.350002,-116.75,2018-01-04 00:00:00,0,0.0
37.350002,-116.649994,2018-01-04 00:00:00,0,0.0
37.350002,-116.549995,2018-01-04 00:00:00,0,0.0
37.350002,-116.45,2018-01-04 00:00:00,0,0.0
37.350002,-116.34999,2018-01-04 00:00:00,0,0.0
37.350002,-116.25,2018-01-04 00:00:00,0,0.0
37.350002,-116.149994,2018-01-04 00:00:00,0,0.0
37.350002,-116.049995,2018-01-04 00:00:00,0,0.0
37.350002,-115.95,2018-01-04 00:00:00,0,0.0
37.350002,-115.85,2018-01-04 00:00:00,0,0.0
37.350002,-115.74999,2018-01-04 00:00:00,0,0.0
37.350002,-115.649994,2018-01-04 00:00:00,0,0.0
37.350002,-115.549995,2018-01-04 00:00:00,0,0.0
37.350002,-115.45,2018-01-04 00:00:00,0,0.0
37.350002,-115.35,2018-01-04 00:00:00,0,0.0
37.350002,-115.24999,2018-01-04 00:00:00,0,0.0
37.350002,-115.149994,2018-01-04 00:00:00,0,0.0
37.350002,-115.049995,2018-01-04 00:00:00,0,0.0
37.350002,-114.95,2018-01-04 00:00:00,0,0.0
37.350002,-114.85,2018-01-04 00:00:00,0,0.0
37.350002,-114.74999,2018-01-04 00:00:00,0,0.0
37.350002,-114.649994,2018-01-04 00:00:00,0,0.0
37.350002,-114.549995,2018-01-04 00:00:00,0,0.0
37.350002,-114.45,2018-01-04 00:00:00,0,0.0
37.350002,-114.35,2018-01-04 00:00:00,0,0.0
37.350002,-114.24999,2018-01-04 00:00:00,0,0.0
37.45,-124.34999,2018-01-04 00:00:00,0,0.0
37.45,-124.25,2018-01-04 00:00:00,0,0.0
37.45,-124.149994,2018-01-04 00:00:00,0,0.0
37.45,-124.049995,2018-01-04 00:00:00,0,0.0
37.45,-123.95,2018-01-04 00:00:00,0,0.0
37.45,-123.84999,2018-01-04 00:00:00,0,0.0
37.45,-123.75,2018-01-04 00:00:00,0,0.0
37.45,-123.649994,2018-01-04 00:00:00,0,0.0
37.45,-123.549995,2018-01-04 00:00:00,0,0.0
37.45,-123.45,2018-01-04 00:00:00,0,0.0
37.45,-123.34999,2018-01-04 00:00:00,0,0.0
37.45,-123.25,2018-01-04 00:00:00,0,0.0
37.45,-123.149994,2018-01-04 00:00:00,0,0.0
37.45,-123.049995,2018-01-04 00:00:00,0,0.0
37.45,-122.95,2018-01-04 00:00:00,0,0.0
37.45,-122.84999,2018-01-04 00:00:00,0,0.0
37.45,-122.75,2018-01-04 00:00:00,0,0.0
37.45,-122.649994,2018-01-04 00:00:00,0,0.0
37.45,-122.549995,2018-01-04 00:00:00,0,0.0
37.45,-122.45,2018-01-04 00:00:00,0,0.0
37.45,-122.34999,2018-01-04 00:00:00,0,3.1523144
37.45,-122.25,2018-01-04 00:00:00,0,2.5436935
37.45,-122.149994,2018-01-04 00:00:00,0,9.441858
37.45,-122.049995,2018-01-04 00:00:00,0,9.672413
37.45,-121.95,2018-01-04 00:00:00,0,6.783226
37.45,-121.84999,2018-01-04 00:00:00,0,5.686212
37.45,-121.75,2018-01-04 00:00:00,0,7.0621758
37.45,-121.649994,2018-01-04 00:00:00,0,3.0365043
37.45,-121.549995,2018-01-04 00:00:00,0,1.3669566
37.45,-121.45,2018-01-04 00:00:00,0,0.61468315
37.45,-121.34999,2018-01-04 00:00:00,0,0.59222114
37.45,-121.25,2018-01-04 00:00:00,0,1.2466412
37.45,-121.149994,2018-01-04 00:00:00,0,1.5549011
37.45,-121.049995,2018-01-04 00:00:00,0,0.51358646
37.45,-120.95,2018-01-04 00:00:00,0,0.6980947
37.45,-120.84999,2018-01-04 00:00:00,0,3.6837535
37.45,-120.75,2018-01-04 00:00:00,0,8.039784
37.45,-120.649994,2018-01-04 00:00:00,0,9.998809
37.45,-120.549995,2018-01-04 00:00:00,0,16.10914
37.45,-120.45,2018-01-04 00:00:00,0,15.527034
37.45,-120.34999,2018-01-04 00:00:00,0,2.2359462
37.45,-120.25,2018-01-04 00:00:00,0,2.8197448
37.45,-120.149994,2018-01-04 00:00:00,0,2.5700786
37.45,-120.049995,2018-01-04 00:00:00,0,1.7388058
37.45,-119.95,2018-01-04 00:00:00,0,1.2317322
37.45,-119.84999,2018-01-04 00:00:00,0,0.0008612514
37.45,-119.75,2018-01-04 00:00:00,0,0.037222557
37.45,-119.649994,2018-01-04 00:00:00,0,0.024918076
37.45,-119.549995,2018-01-04 00:00:00,0,0.0005485174
37.45,-119.45,2018-01-04 00:00:00,0,0.012205918
37.45,-119.34999,2018-01-04 00:00:00,0,0.013794629
37.45,-119.25,2018-01-04 00:00:00,0,0.005348513
37.45,-119.149994,2018-01-04 00:00:00,0,0.00024508225
37.45,-119.049995,2018-01-04 00:00:00,0,0.0010853644
37.45,-118.95,2018-01-04 00:00:00,0,0.047799997
37.45,-118.84999,2018-01-04 00:00:00,0,0.088199995
37.45,-118.75,2018-01-04 00:00:00,0,0.0868
37.45,-118.649994,2018-01-04 00:00:00,0,0.0
37.45,-118.549995,2018-01-04 00:00:00,0,0.0
37.45,-118.45,2018-01-04 00:00:00,0,0.0027512622
37.45,-118.34999,2018-01-04 00:00:00,0,0.0
37.45,-118.25,2018-01-04 00:00:00,0,0.0055025243
37.45,-118.149994,2018-01-04 00:00:00,0,0.0
37.45,-118.049995,2018-01-04 00:00:00,0,0.0
37.45,-117.95,2018-01-04 00:00:00,0,0.0
37.45,-117.84999,2018-01-04 00:00:00,0,0.007589566
37.45,-117.75,2018-01-04 00:00:00,0,0.0
37.45,-117.649994,2018-01-04 00:00:00,0,0.0
37.45,-117.549995,2018-01-04 00:00:00,0,0.0
37.45,-117.45,2018-01-04 00:00:00,0,0.0
37.45,-117.34999,2018-01-04 00:00:00,0,0.0
37.45,-117.25,2018-01-04 00:00:00,0,0.0
37.45,-117.149994,2018-01-04 00:00:00,0,0.0
37.45,-117.049995,2018-01-04 00:00:00,0,0.0
37.45,-116.95,2018-01-04 00:00:00,0,0.0
37.45,-116.84999,2018-01-04 00:00:00,0,0.0
37.45,-116.75,2018-01-04 00:00:00,0,0.0
37.45,-116.649994,2018-01-04 00:00:00,0,0.0
37.45,-116.549995,2018-01-04 00:00:00,0,0.0
37.45,-116.45,2018-01-04 00:00:00,0,0.0
37.45,-116.34999,2018-01-04 00:00:00,0,0.0
37.45,-116.25,2018-01-04 00:00:00,0,0.0
37.45,-116.149994,2018-01-04 00:00:00,0,0.0
37.45,-116.049995,2018-01-04 00:00:00,0,0.0
37.45,-115.95,2018-01-04 00:00:00,0,0.0
37.45,-115.85,2018-01-04 00:00:00,0,0.0
37.45,-115.74999,2018-01-04 00:00:00,0,0.0
37.45,-115.649994,2018-01-04 00:00:00,0,0.0
37.45,-115.549995,2018-01-04 00:00:00,0,0.0
37.45,-115.45,2018-01-04 00:00:00,0,0.0
37.45,-115.35,2018-01-04 00:00:00,0,0.0
37.45,-115.24999,2018-01-04 00:00:00,0,0.0
37.45,-115.149994,2018-01-04 00:00:00,0,0.0
37.45,-115.049995,2018-01-04 00:00:00,0,0.0
37.45,-114.95,2018-01-04 00:00:00,0,0.0
37.45,-114.85,2018-01-04 00:00:00,0,0.0
37.45,-114.74999,2018-01-04 00:00:00,0,0.0
37.45,-114.649994,2018-01-04 00:00:00,0,0.0
37.45,-114.549995,2018-01-04 00:00:00,0,0.0
37.45,-114.45,2018-01-04 00:00:00,0,0.0
37.45,-114.35,2018-01-04 00:00:00,0,0.0
37.45,-114.24999,2018-01-04 00:00:00,0,0.0
37.55,-124.34999,2018-01-04 00:00:00,0,0.0
37.55,-124.25,2018-01-04 00:00:00,0,0.0
37.55,-124.149994,2018-01-04 00:00:00,0,0.0
37.55,-124.049995,2018-01-04 00:00:00,0,0.0
37.55,-123.95,2018-01-04 00:00:00,0,0.0
37.55,-123.84999,2018-01-04 00:00:00,0,0.0
37.55,-123.75,2018-01-04 00:00:00,0,0.0
37.55,-123.649994,2018-01-04 00:00:00,0,0.0
37.55,-123.549995,2018-01-04 00:00:00,0,0.0
37.55,-123.45,2018-01-04 00:00:00,0,0.0
37.55,-123.34999,2018-01-04 00:00:00,0,0.0
37.55,-123.25,2018-01-04 00:00:00,0,0.0
37.55,-123.149994,2018-01-04 00:00:00,0,0.0
37.55,-123.049995,2018-01-04 00:00:00,0,0.0
37.55,-122.95,2018-01-04 00:00:00,0,0.0
37.55,-122.84999,2018-01-04 00:00:00,0,0.0
37.55,-122.75,2018-01-04 00:00:00,0,0.0
37.55,-122.649994,2018-01-04 00:00:00,0,0.0
37.55,-122.549995,2018-01-04 00:00:00,0,0.0
37.55,-122.45,2018-01-04 00:00:00,0,3.0038664
37.55,-122.34999,2018-01-04 00:00:00,0,2.7420428
37.55,-122.25,2018-01-04 00:00:00,0,4.1121917
37.55,-122.149994,2018-01-04 00:00:00,0,10.167313
37.55,-122.049995,2018-01-04 00:00:00,0,11.791932
37.55,-121.95,2018-01-04 00:00:00,0,9.094761
37.55,-121.84999,2018-01-04 00:00:00,0,8.844119
37.55,-121.75,2018-01-04 00:00:00,0,9.345825
37.55,-121.649994,2018-01-04 00:00:00,0,3.4212236
37.55,-121.549995,2018-01-04 00:00:00,0,1.8237387
37.55,-121.45,2018-01-04 00:00:00,0,1.2395252
37.55,-121.34999,2018-01-04 00:00:00,0,0.92121893
37.55,-121.25,2018-01-04 00:00:00,0,1.9011284
37.55,-121.149994,2018-01-04 00:00:00,0,2.3679628
37.55,-121.049995,2018-01-04 00:00:00,0,1.4296615
37.55,-120.95,2018-01-04 00:00:00,0,9.379238
37.55,-120.84999,2018-01-04 00:00:00,0,7.1787186
37.55,-120.75,2018-01-04 00:00:00,0,21.80888
37.55,-120.649994,2018-01-04 00:00:00,0,29.699282
37.55,-120.549995,2018-01-04 00:00:00,0,16.679882
37.55,-120.45,2018-01-04 00:00:00,0,16.165329
37.55,-120.34999,2018-01-04 00:00:00,0,3.210343
37.55,-120.25,2018-01-04 00:00:00,0,5.8594775
37.55,-120.149994,2018-01-04 00:00:00,0,5.053031
37.55,-120.049995,2018-01-04 00:00:00,0,3.0327115
37.55,-119.95,2018-01-04 00:00:00,0,0.48919627
37.55,-119.84999,2018-01-04 00:00:00,0,0.002135662
37.55,-119.75,2018-01-04 00:00:00,0,0.0003822726
37.55,-119.649994,2018-01-04 00:00:00,0,0.0006592275
37.55,-119.549995,2018-01-04 00:00:00,0,0.0419584
37.55,-119.45,2018-01-04 00:00:00,0,0.03140726
37.55,-119.34999,2018-01-04 00:00:00,0,0.35579997
37.55,-119.25,2018-01-04 00:00:00,0,0.009627171
37.55,-119.149994,2018-01-04 00:00:00,0,0.0010386818
37.55,-119.049995,2018-01-04 00:00:00,0,0.004966027
37.55,-118.95,2018-01-04 00:00:00,0,0.1618
37.55,-118.84999,2018-01-04 00:00:00,0,0.22139996
37.55,-118.75,2018-01-04 00:00:00,0,0.06910503
37.55,-118.649994,2018-01-04 00:00:00,0,0.0
37.55,-118.549995,2018-01-04 00:00:00,0,0.0
37.55,-118.45,2018-01-04 00:00:00,0,0.015
37.55,-118.34999,2018-01-04 00:00:00,0,0.01
37.55,-118.25,2018-01-04 00:00:00,0,0.01
37.55,-118.149994,2018-01-04 00:00:00,0,0.01
37.55,-118.049995,2018-01-04 00:00:00,0,0.01
37.55,-117.95,2018-01-04 00:00:00,0,0.013281741
37.55,-117.84999,2018-01-04 00:00:00,0,0.0
37.55,-117.75,2018-01-04 00:00:00,0,0.0
37.55,-117.649994,2018-01-04 00:00:00,0,0.0
37.55,-117.549995,2018-01-04 00:00:00,0,0.0
37.55,-117.45,2018-01-04 00:00:00,0,0.0
37.55,-117.34999,2018-01-04 00:00:00,0,0.0
37.55,-117.25,2018-01-04 00:00:00,0,0.0
37.55,-117.149994,2018-01-04 00:00:00,0,0.0
37.55,-117.049995,2018-01-04 00:00:00,0,0.0
37.55,-116.95,2018-01-04 00:00:00,0,0.0
37.55,-116.84999,2018-01-04 00:00:00,0,0.0
37.55,-116.75,2018-01-04 00:00:00,0,0.0
37.55,-116.649994,2018-01-04 00:00:00,0,0.0
37.55,-116.549995,2018-01-04 00:00:00,0,0.0
37.55,-116.45,2018-01-04 00:00:00,0,0.0
37.55,-116.34999,2018-01-04 00:00:00,0,0.0
37.55,-116.25,2018-01-04 00:00:00,0,0.0
37.55,-116.149994,2018-01-04 00:00:00,0,0.0
37.55,-116.049995,2018-01-04 00:00:00,0,0.0
37.55,-115.95,2018-01-04 00:00:00,0,0.0
37.55,-115.85,2018-01-04 00:00:00,0,0.0
37.55,-115.74999,2018-01-04 00:00:00,0,0.0
37.55,-115.649994,2018-01-04 00:00:00,0,0.0
37.55,-115.549995,2018-01-04 00:00:00,0,0.0
37.55,-115.45,2018-01-04 00:00:00,0,0.0
37.55,-115.35,2018-01-04 00:00:00,0,0.0
37.55,-115.24999,2018-01-04 00:00:00,0,0.0
37.55,-115.149994,2018-01-04 00:00:00,0,0.0
37.55,-115.049995,2018-01-04 00:00:00,0,0.0
37.55,-114.95,2018-01-04 00:00:00,0,0.0
37.55,-114.85,2018-01-04 00:00:00,0,0.0
37.55,-114.74999,2018-01-04 00:00:00,0,0.0
37.55,-114.649994,2018-01-04 00:00:00,0,0.0
37.55,-114.549995,2018-01-04 00:00:00,0,0.0
37.55,-114.45,2018-01-04 00:00:00,0,0.0
37.55,-114.35,2018-01-04 00:00:00,0,0.0
37.55,-114.24999,2018-01-04 00:00:00,0,0.0
37.649998,-124.34999,2018-01-04 00:00:00,0,0.0
37.649998,-124.25,2018-01-04 00:00:00,0,0.0
37.649998,-124.149994,2018-01-04 00:00:00,0,0.0
37.649998,-124.049995,2018-01-04 00:00:00,0,0.0
37.649998,-123.95,2018-01-04 00:00:00,0,0.0
37.649998,-123.84999,2018-01-04 00:00:00,0,0.0
37.649998,-123.75,2018-01-04 00:00:00,0,0.0
37.649998,-123.649994,2018-01-04 00:00:00,0,0.0
37.649998,-123.549995,2018-01-04 00:00:00,0,0.0
37.649998,-123.45,2018-01-04 00:00:00,0,0.0
37.649998,-123.34999,2018-01-04 00:00:00,0,0.0
37.649998,-123.25,2018-01-04 00:00:00,0,0.0
37.649998,-123.149994,2018-01-04 00:00:00,0,0.0
37.649998,-123.049995,2018-01-04 00:00:00,0,0.0
37.649998,-122.95,2018-01-04 00:00:00,0,0.0
37.649998,-122.84999,2018-01-04 00:00:00,0,0.0
37.649998,-122.75,2018-01-04 00:00:00,0,0.0
37.649998,-122.649994,2018-01-04 00:00:00,0,0.0
37.649998,-122.549995,2018-01-04 00:00:00,0,0.0
37.649998,-122.45,2018-01-04 00:00:00,0,3.5028481
37.649998,-122.34999,2018-01-04 00:00:00,0,3.1959193
37.649998,-122.25,2018-01-04 00:00:00,0,4.3673735
37.649998,-122.149994,2018-01-04 00:00:00,0,9.470186
37.649998,-122.049995,2018-01-04 00:00:00,0,13.792456
37.649998,-121.95,2018-01-04 00:00:00,0,11.797633
37.649998,-121.84999,2018-01-04 00:00:00,0,12.682139
37.649998,-121.75,2018-01-04 00:00:00,0,12.364449
37.649998,-121.649994,2018-01-04 00:00:00,0,3.8366375
37.649998,-121.549995,2018-01-04 00:00:00,0,2.288932
37.649998,-121.45,2018-01-04 00:00:00,0,1.8834416
37.649998,-121.34999,2018-01-04 00:00:00,0,1.7182972
37.649998,-121.25,2018-01-04 00:00:00,0,4.17769
37.649998,-121.149994,2018-01-04 00:00:00,0,4.1317077
37.649998,-121.049995,2018-01-04 00:00:00,0,3.5744197
37.649998,-120.95,2018-01-04 00:00:00,0,5.0797734
37.649998,-120.84999,2018-01-04 00:00:00,0,5.4223
37.649998,-120.75,2018-01-04 00:00:00,0,6.099449
37.649998,-120.649994,2018-01-04 00:00:00,0,7.97447
37.649998,-120.549995,2018-01-04 00:00:00,0,5.33825
37.649998,-120.45,2018-01-04 00:00:00,0,3.8072207
37.649998,-120.34999,2018-01-04 00:00:00,0,3.986983
37.649998,-120.25,2018-01-04 00:00:00,0,5.220606
37.649998,-120.149994,2018-01-04 00:00:00,0,5.7966065
37.649998,-120.049995,2018-01-04 00:00:00,0,1.1796347
37.649998,-119.95,2018-01-04 00:00:00,0,0.17123663
37.649998,-119.84999,2018-01-04 00:00:00,0,0.0025703413
37.649998,-119.75,2018-01-04 00:00:00,0,0.0019568352
37.649998,-119.649994,2018-01-04 00:00:00,0,0.005590209
37.649998,-119.549995,2018-01-04 00:00:00,0,0.013537877
37.649998,-119.45,2018-01-04 00:00:00,0,0.33119997
37.649998,-119.34999,2018-01-04 00:00:00,0,0.2772
37.649998,-119.25,2018-01-04 00:00:00,0,0.06679999
37.649998,-119.149994,2018-01-04 00:00:00,0,0.045799997
37.649998,-119.049995,2018-01-04 00:00:00,0,0.1618
37.649998,-118.95,2018-01-04 00:00:00,0,0.112661034
37.649998,-118.84999,2018-01-04 00:00:00,0,0.10433864
37.649998,-118.75,2018-01-04 00:00:00,0,0.04981027
37.649998,-118.649994,2018-01-04 00:00:00,0,0.0072926027
37.649998,-118.549995,2018-01-04 00:00:00,0,0.00972347
37.649998,-118.45,2018-01-04 00:00:00,0,0.027003363
37.649998,-118.34999,2018-01-04 00:00:00,0,0.021205217
37.649998,-118.25,2018-01-04 00:00:00,0,0.015
37.649998,-118.149994,2018-01-04 00:00:00,0,0.026205216
37.649998,-118.049995,2018-01-04 00:00:00,0,0.0
37.649998,-117.95,2018-01-04 00:00:00,0,0.0
37.649998,-117.84999,2018-01-04 00:00:00,0,0.0
37.649998,-117.75,2018-01-04 00:00:00,0,0.0
37.649998,-117.649994,2018-01-04 00:00:00,0,0.0
37.649998,-117.549995,2018-01-04 00:00:00,0,0.0
37.649998,-117.45,2018-01-04 00:00:00,0,0.0
37.649998,-117.34999,2018-01-04 00:00:00,0,0.0
37.649998,-117.25,2018-01-04 00:00:00,0,0.0
37.649998,-117.149994,2018-01-04 00:00:00,0,0.0
37.649998,-117.049995,2018-01-04 00:00:00,0,0.0
37.649998,-116.95,2018-01-04 00:00:00,0,0.0
37.649998,-116.84999,2018-01-04 00:00:00,0,0.0
37.649998,-116.75,2018-01-04 00:00:00,0,0.0
37.649998,-116.649994,2018-01-04 00:00:00,0,0.0
37.649998,-116.549995,2018-01-04 00:00:00,0,0.0
37.649998,-116.45,2018-01-04 00:00:00,0,0.0
37.649998,-116.34999,2018-01-04 00:00:00,0,0.0
37.649998,-116.25,2018-01-04 00:00:00,0,0.0
37.649998,-116.149994,2018-01-04 00:00:00,0,0.0
37.649998,-116.049995,2018-01-04 00:00:00,0,0.0
37.649998,-115.95,2018-01-04 00:00:00,0,0.0
37.649998,-115.85,2018-01-04 00:00:00,0,0.0
37.649998,-115.74999,2018-01-04 00:00:00,0,0.0
37.649998,-115.649994,2018-01-04 00:00:00,0,0.0
37.649998,-115.549995,2018-01-04 00:00:00,0,0.0
37.649998,-115.45,2018-01-04 00:00:00,0,0.0
37.649998,-115.35,2018-01-04 00:00:00,0,0.0
37.649998,-115.24999,2018-01-04 00:00:00,0,0.0
37.649998,-115.149994,2018-01-04 00:00:00,0,0.0
37.649998,-115.049995,2018-01-04 00:00:00,0,0.0
37.649998,-114.95,2018-01-04 00:00:00,0,0.0
37.649998,-114.85,2018-01-04 00:00:00,0,0.0
37.649998,-114.74999,2018-01-04 00:00:00,0,0.0
37.649998,-114.649994,2018-01-04 00:00:00,0,0.0
37.649998,-114.549995,2018-01-04 00:00:00,0,0.0
37.649998,-114.45,2018-01-04 00:00:00,0,0.0
37.649998,-114.35,2018-01-04 00:00:00,0,0.0
37.649998,-114.24999,2018-01-04 00:00:00,0,0.0
37.750004,-124.34999,2018-01-04 00:00:00,0,0.0
37.750004,-124.25,2018-01-04 00:00:00,0,0.0
37.750004,-124.149994,2018-01-04 00:00:00,0,0.0
37.750004,-124.049995,2018-01-04 00:00:00,0,0.0
37.750004,-123.95,2018-01-04 00:00:00,0,0.0
37.750004,-123.84999,2018-01-04 00:00:00,0,0.0
37.750004,-123.75,2018-01-04 00:00:00,0,0.0
37.750004,-123.649994,2018-01-04 00:00:00,0,0.0
37.750004,-123.549995,2018-01-04 00:00:00,0,0.0
37.750004,-123.45,2018-01-04 00:00:00,0,0.0
37.750004,-123.34999,2018-01-04 00:00:00,0,0.0
37.750004,-123.25,2018-01-04 00:00:00,0,0.0
37.750004,-123.149994,2018-01-04 00:00:00,0,0.0
37.750004,-123.049995,2018-01-04 00:00:00,0,0.0
37.750004,-122.95,2018-01-04 00:00:00,0,0.0
37.750004,-122.84999,2018-01-04 00:00:00,0,0.0
37.750004,-122.75,2018-01-04 00:00:00,0,0.0
37.750004,-122.649994,2018-01-04 00:00:00,0,0.0
37.750004,-122.549995,2018-01-04 00:00:00,0,0.0
37.750004,-122.45,2018-01-04 00:00:00,0,3.5551236
37.750004,-122.34999,2018-01-04 00:00:00,0,3.7322576
37.750004,-122.25,2018-01-04 00:00:00,0,5.4996924
37.750004,-122.149994,2018-01-04 00:00:00,0,8.005594
37.750004,-122.049995,2018-01-04 00:00:00,0,15.529718
37.750004,-121.95,2018-01-04 00:00:00,0,15.09425
37.750004,-121.84999,2018-01-04 00:00:00,0,15.950487
37.750004,-121.75,2018-01-04 00:00:00,0,14.61387
37.750004,-121.649994,2018-01-04 00:00:00,0,4.682055
37.750004,-121.549995,2018-01-04 00:00:00,0,3.2828393
37.750004,-121.45,2018-01-04 00:00:00,0,3.1335275
37.750004,-121.34999,2018-01-04 00:00:00,0,2.5022507
37.750004,-121.25,2018-01-04 00:00:00,0,3.2218513
37.750004,-121.149994,2018-01-04 00:00:00,0,5.052946
37.750004,-121.049995,2018-01-04 00:00:00,0,3.0599966
37.750004,-120.95,2018-01-04 00:00:00,0,3.8359792
37.750004,-120.84999,2018-01-04 00:00:00,0,3.2868106
37.750004,-120.75,2018-01-04 00:00:00,0,6.01359
37.750004,-120.649994,2018-01-04 00:00:00,0,7.8359413
37.750004,-120.549995,2018-01-04 00:00:00,0,5.5232806
37.750004,-120.45,2018-01-04 00:00:00,0,8.721132
37.750004,-120.34999,2018-01-04 00:00:00,0,9.328694
37.750004,-120.25,2018-01-04 00:00:00,0,4.503296
37.750004,-120.149994,2018-01-04 00:00:00,0,7.6675687
37.750004,-120.049995,2018-01-04 00:00:00,0,0.66661674
37.750004,-119.95,2018-01-04 00:00:00,0,1.1558017
37.750004,-119.84999,2018-01-04 00:00:00,0,0.012355389
37.750004,-119.75,2018-01-04 00:00:00,0,0.009679623
37.750004,-119.649994,2018-01-04 00:00:00,0,0.34840003
37.750004,-119.549995,2018-01-04 00:00:00,0,0.017459191
37.750004,-119.45,2018-01-04 00:00:00,0,0.025624862
37.750004,-119.34999,2018-01-04 00:00:00,0,0.0644
37.750004,-119.25,2018-01-04 00:00:00,0,0.045999996
37.750004,-119.149994,2018-01-04 00:00:00,0,0.061399996
37.750004,-119.049995,2018-01-04 00:00:00,0,0.1446
37.750004,-118.95,2018-01-04 00:00:00,0,0.050834425
37.750004,-118.84999,2018-01-04 00:00:00,0,0.050547387
37.750004,-118.75,2018-01-04 00:00:00,0,0.024379294
37.750004,-118.649994,2018-01-04 00:00:00,0,0.02545494
37.750004,-118.549995,2018-01-04 00:00:00,0,0.019645635
37.750004,-118.45,2018-01-04 00:00:00,0,0.051061425
37.750004,-118.34999,2018-01-04 00:00:00,0,0.034365784
37.750004,-118.25,2018-01-04 00:00:00,0,0.009307824
37.750004,-118.149994,2018-01-04 00:00:00,0,0.0
37.750004,-118.049995,2018-01-04 00:00:00,0,0.0
37.750004,-117.95,2018-01-04 00:00:00,0,0.0
37.750004,-117.84999,2018-01-04 00:00:00,0,0.0
37.750004,-117.75,2018-01-04 00:00:00,0,0.0
37.750004,-117.649994,2018-01-04 00:00:00,0,0.0
37.750004,-117.549995,2018-01-04 00:00:00,0,0.0
37.750004,-117.45,2018-01-04 00:00:00,0,0.0
37.750004,-117.34999,2018-01-04 00:00:00,0,0.0
37.750004,-117.25,2018-01-04 00:00:00,0,0.0
37.750004,-117.149994,2018-01-04 00:00:00,0,0.0
37.750004,-117.049995,2018-01-04 00:00:00,0,0.0
37.750004,-116.95,2018-01-04 00:00:00,0,0.0
37.750004,-116.84999,2018-01-04 00:00:00,0,0.0
37.750004,-116.75,2018-01-04 00:00:00,0,0.0
37.750004,-116.649994,2018-01-04 00:00:00,0,0.0
37.750004,-116.549995,2018-01-04 00:00:00,0,0.0
37.750004,-116.45,2018-01-04 00:00:00,0,0.0
37.750004,-116.34999,2018-01-04 00:00:00,0,0.0
37.750004,-116.25,2018-01-04 00:00:00,0,0.0
37.750004,-116.149994,2018-01-04 00:00:00,0,0.0
37.750004,-116.049995,2018-01-04 00:00:00,0,0.0
37.750004,-115.95,2018-01-04 00:00:00,0,0.0
37.750004,-115.85,2018-01-04 00:00:00,0,0.0
37.750004,-115.74999,2018-01-04 00:00:00,0,0.0
37.750004,-115.649994,2018-01-04 00:00:00,0,0.0
37.750004,-115.549995,2018-01-04 00:00:00,0,0.0
37.750004,-115.45,2018-01-04 00:00:00,0,0.0
37.750004,-115.35,2018-01-04 00:00:00,0,0.0
37.750004,-115.24999,2018-01-04 00:00:00,0,0.0
37.750004,-115.149994,2018-01-04 00:00:00,0,0.0
37.750004,-115.049995,2018-01-04 00:00:00,0,0.0
37.750004,-114.95,2018-01-04 00:00:00,0,0.0
37.750004,-114.85,2018-01-04 00:00:00,0,0.0
37.750004,-114.74999,2018-01-04 00:00:00,0,0.0
37.750004,-114.649994,2018-01-04 00:00:00,0,0.0
37.750004,-114.549995,2018-01-04 00:00:00,0,0.0
37.750004,-114.45,2018-01-04 00:00:00,0,0.0
37.750004,-114.35,2018-01-04 00:00:00,0,0.0
37.750004,-114.24999,2018-01-04 00:00:00,0,0.0
37.850002,-124.34999,2018-01-04 00:00:00,0,0.0
37.850002,-124.25,2018-01-04 00:00:00,0,0.0
37.850002,-124.149994,2018-01-04 00:00:00,0,0.0
37.850002,-124.049995,2018-01-04 00:00:00,0,0.0
37.850002,-123.95,2018-01-04 00:00:00,0,0.0
37.850002,-123.84999,2018-01-04 00:00:00,0,0.0
37.850002,-123.75,2018-01-04 00:00:00,0,0.0
37.850002,-123.649994,2018-01-04 00:00:00,0,0.0
37.850002,-123.549995,2018-01-04 00:00:00,0,0.0
37.850002,-123.45,2018-01-04 00:00:00,0,0.0
37.850002,-123.34999,2018-01-04 00:00:00,0,0.0
37.850002,-123.25,2018-01-04 00:00:00,0,0.0
37.850002,-123.149994,2018-01-04 00:00:00,0,0.0
37.850002,-123.049995,2018-01-04 00:00:00,0,0.0
37.850002,-122.95,2018-01-04 00:00:00,0,0.0
37.850002,-122.84999,2018-01-04 00:00:00,0,0.0
37.850002,-122.75,2018-01-04 00:00:00,0,0.0
37.850002,-122.649994,2018-01-04 00:00:00,0,0.0
37.850002,-122.549995,2018-01-04 00:00:00,0,3.4043057
37.850002,-122.45,2018-01-04 00:00:00,0,2.9086115
37.850002,-122.34999,2018-01-04 00:00:00,0,4.2452507
37.850002,-122.25,2018-01-04 00:00:00,0,7.2281046
37.850002,-122.149994,2018-01-04 00:00:00,0,7.010073
37.850002,-122.049995,2018-01-04 00:00:00,0,16.55641
37.850002,-121.95,2018-01-04 00:00:00,0,16.62337
37.850002,-121.84999,2018-01-04 00:00:00,0,18.32614
37.850002,-121.75,2018-01-04 00:00:00,0,16.712091
37.850002,-121.649994,2018-01-04 00:00:00,0,5.878684
37.850002,-121.549995,2018-01-04 00:00:00,0,4.3311753
37.850002,-121.45,2018-01-04 00:00:00,0,4.6931705
37.850002,-121.34999,2018-01-04 00:00:00,0,2.704337
37.850002,-121.25,2018-01-04 00:00:00,0,3.4854712
37.850002,-121.149994,2018-01-04 00:00:00,0,6.0958037
37.850002,-121.049995,2018-01-04 00:00:00,0,3.9439797
37.850002,-120.95,2018-01-04 00:00:00,0,7.156916
37.850002,-120.84999,2018-01-04 00:00:00,0,3.7287238
37.850002,-120.75,2018-01-04 00:00:00,0,10.381617
37.850002,-120.649994,2018-01-04 00:00:00,0,10.489045
37.850002,-120.549995,2018-01-04 00:00:00,0,15.508659
37.850002,-120.45,2018-01-04 00:00:00,0,15.919219
37.850002,-120.34999,2018-01-04 00:00:00,0,7.0311036
37.850002,-120.25,2018-01-04 00:00:00,0,4.600553
37.850002,-120.149994,2018-01-04 00:00:00,0,5.623796
37.850002,-120.049995,2018-01-04 00:00:00,0,0.3971231
37.850002,-119.95,2018-01-04 00:00:00,0,0.8145401
37.850002,-119.84999,2018-01-04 00:00:00,0,0.058501817
37.850002,-119.75,2018-01-04 00:00:00,0,0.006628891
37.850002,-119.649994,2018-01-04 00:00:00,0,0.128
37.850002,-119.549995,2018-01-04 00:00:00,0,0.0040730336
37.850002,-119.45,2018-01-04 00:00:00,0,0.0316
37.850002,-119.34999,2018-01-04 00:00:00,0,0.021399999
37.850002,-119.25,2018-01-04 00:00:00,0,0.0218
37.850002,-119.149994,2018-01-04 00:00:00,0,0.0484
37.850002,-119.049995,2018-01-04 00:00:00,0,0.0005165672
37.850002,-118.95,2018-01-04 00:00:00,0,0.005757837
37.850002,-118.84999,2018-01-04 00:00:00,0,0.021533782
37.850002,-118.75,2018-01-04 00:00:00,0,0.019136418
37.850002,-118.649994,2018-01-04 00:00:00,0,0.035919223
37.850002,-118.549995,2018-01-04 00:00:00,0,0.029264774
37.850002,-118.45,2018-01-04 00:00:00,0,0.04033437
37.850002,-118.34999,2018-01-04 00:00:00,0,0.0
37.850002,-118.25,2018-01-04 00:00:00,0,0.0
37.850002,-118.149994,2018-01-04 00:00:00,0,0.0
37.850002,-118.049995,2018-01-04 00:00:00,0,0.0
37.850002,-117.95,2018-01-04 00:00:00,0,0.0
37.850002,-117.84999,2018-01-04 00:00:00,0,0.0
37.850002,-117.75,2018-01-04 00:00:00,0,0.0
37.850002,-117.649994,2018-01-04 00:00:00,0,0.0
37.850002,-117.549995,2018-01-04 00:00:00,0,0.0
37.850002,-117.45,2018-01-04 00:00:00,0,0.0
37.850002,-117.34999,2018-01-04 00:00:00,0,0.0
37.850002,-117.25,2018-01-04 00:00:00,0,0.0
37.850002,-117.149994,2018-01-04 00:00:00,0,0.0
37.850002,-117.049995,2018-01-04 00:00:00,0,0.0
37.850002,-116.95,2018-01-04 00:00:00,0,0.0
37.850002,-116.84999,2018-01-04 00:00:00,0,0.0
37.850002,-116.75,2018-01-04 00:00:00,0,0.0
37.850002,-116.649994,2018-01-04 00:00:00,0,0.0
37.850002,-116.549995,2018-01-04 00:00:00,0,0.0
37.850002,-116.45,2018-01-04 00:00:00,0,0.0
37.850002,-116.34999,2018-01-04 00:00:00,0,0.0
37.850002,-116.25,2018-01-04 00:00:00,0,0.0
37.850002,-116.149994,2018-01-04 00:00:00,0,0.0
37.850002,-116.049995,2018-01-04 00:00:00,0,0.0
37.850002,-115.95,2018-01-04 00:00:00,0,0.0
37.850002,-115.85,2018-01-04 00:00:00,0,0.0
37.850002,-115.74999,2018-01-04 00:00:00,0,0.0
37.850002,-115.649994,2018-01-04 00:00:00,0,0.0
37.850002,-115.549995,2018-01-04 00:00:00,0,0.0
37.850002,-115.45,2018-01-04 00:00:00,0,0.0
37.850002,-115.35,2018-01-04 00:00:00,0,0.0
37.850002,-115.24999,2018-01-04 00:00:00,0,0.0
37.850002,-115.149994,2018-01-04 00:00:00,0,0.0
37.850002,-115.049995,2018-01-04 00:00:00,0,0.0
37.850002,-114.95,2018-01-04 00:00:00,0,0.0
37.850002,-114.85,2018-01-04 00:00:00,0,0.0
37.850002,-114.74999,2018-01-04 00:00:00,0,0.0
37.850002,-114.649994,2018-01-04 00:00:00,0,0.0
37.850002,-114.549995,2018-01-04 00:00:00,0,0.0
37.850002,-114.45,2018-01-04 00:00:00,0,0.0
37.850002,-114.35,2018-01-04 00:00:00,0,0.0
37.850002,-114.24999,2018-01-04 00:00:00,0,0.0
37.95,-124.34999,2018-01-04 00:00:00,0,0.0
37.95,-124.25,2018-01-04 00:00:00,0,0.0
37.95,-124.149994,2018-01-04 00:00:00,0,0.0
37.95,-124.049995,2018-01-04 00:00:00,0,0.0
37.95,-123.95,2018-01-04 00:00:00,0,0.0
37.95,-123.84999,2018-01-04 00:00:00,0,0.0
37.95,-123.75,2018-01-04 00:00:00,0,0.0
37.95,-123.649994,2018-01-04 00:00:00,0,0.0
37.95,-123.549995,2018-01-04 00:00:00,0,0.0
37.95,-123.45,2018-01-04 00:00:00,0,0.0
37.95,-123.34999,2018-01-04 00:00:00,0,0.0
37.95,-123.25,2018-01-04 00:00:00,0,0.0
37.95,-123.149994,2018-01-04 00:00:00,0,0.0
37.95,-123.049995,2018-01-04 00:00:00,0,0.0
37.95,-122.95,2018-01-04 00:00:00,0,0.0
37.95,-122.84999,2018-01-04 00:00:00,0,0.0
37.95,-122.75,2018-01-04 00:00:00,0,0.84936994
37.95,-122.649994,2018-01-04 00:00:00,0,0.85729295
37.95,-122.549995,2018-01-04 00:00:00,0,2.3938582
37.95,-122.45,2018-01-04 00:00:00,0,2.4793365
37.95,-122.34999,2018-01-04 00:00:00,0,3.6360922
37.95,-122.25,2018-01-04 00:00:00,0,6.5543337
37.95,-122.149994,2018-01-04 00:00:00,0,7.1100564
37.95,-122.049995,2018-01-04 00:00:00,0,16.88377
37.95,-121.95,2018-01-04 00:00:00,0,18.618317
37.95,-121.84999,2018-01-04 00:00:00,0,20.622757
37.95,-121.75,2018-01-04 00:00:00,0,18.001009
37.95,-121.649994,2018-01-04 00:00:00,0,8.274911
37.95,-121.549995,2018-01-04 00:00:00,0,5.673291
37.95,-121.45,2018-01-04 00:00:00,0,7.7350526
37.95,-121.34999,2018-01-04 00:00:00,0,3.3396845
37.95,-121.25,2018-01-04 00:00:00,0,2.244523
37.95,-121.149994,2018-01-04 00:00:00,0,5.856076
37.95,-121.049995,2018-01-04 00:00:00,0,4.3149667
37.95,-120.95,2018-01-04 00:00:00,0,10.33135
37.95,-120.84999,2018-01-04 00:00:00,0,9.262475
37.95,-120.75,2018-01-04 00:00:00,0,9.084477
37.95,-120.649994,2018-01-04 00:00:00,0,12.807195
37.95,-120.549995,2018-01-04 00:00:00,0,10.90591
37.95,-120.45,2018-01-04 00:00:00,0,19.354078
37.95,-120.34999,2018-01-04 00:00:00,0,10.439518
37.95,-120.25,2018-01-04 00:00:00,0,1.9070898
37.95,-120.149994,2018-01-04 00:00:00,0,2.6027927
37.95,-120.049995,2018-01-04 00:00:00,0,0.2828622
37.95,-119.95,2018-01-04 00:00:00,0,0.05076973
37.95,-119.84999,2018-01-04 00:00:00,0,0.01636283
37.95,-119.75,2018-01-04 00:00:00,0,0.0015208963
37.95,-119.649994,2018-01-04 00:00:00,0,0.18328519
37.95,-119.549995,2018-01-04 00:00:00,0,0.006191089
37.95,-119.45,2018-01-04 00:00:00,0,0.013599999
37.95,-119.34999,2018-01-04 00:00:00,0,0.03935874
37.95,-119.25,2018-01-04 00:00:00,0,0.039
37.95,-119.149994,2018-01-04 00:00:00,0,0.0045625907
37.95,-119.049995,2018-01-04 00:00:00,0,0.017231973
37.95,-118.95,2018-01-04 00:00:00,0,0.095651984
37.95,-118.84999,2018-01-04 00:00:00,0,0.03428711
37.95,-118.75,2018-01-04 00:00:00,0,0.027126975
37.95,-118.649994,2018-01-04 00:00:00,0,0.031746212
37.95,-118.549995,2018-01-04 00:00:00,0,0.02399495
37.95,-118.45,2018-01-04 00:00:00,0,0.0
37.95,-118.34999,2018-01-04 00:00:00,0,0.0
37.95,-118.25,2018-01-04 00:00:00,0,0.0
37.95,-118.149994,2018-01-04 00:00:00,0,0.0
37.95,-118.049995,2018-01-04 00:00:00,0,0.0
37.95,-117.95,2018-01-04 00:00:00,0,0.0
37.95,-117.84999,2018-01-04 00:00:00,0,0.0
37.95,-117.75,2018-01-04 00:00:00,0,0.0
37.95,-117.649994,2018-01-04 00:00:00,0,0.0
37.95,-117.549995,2018-01-04 00:00:00,0,0.0
37.95,-117.45,2018-01-04 00:00:00,0,0.0
37.95,-117.34999,2018-01-04 00:00:00,0,0.0
37.95,-117.25,2018-01-04 00:00:00,0,0.0
37.95,-117.149994,2018-01-04 00:00:00,0,0.0
37.95,-117.049995,2018-01-04 00:00:00,0,0.0
37.95,-116.95,2018-01-04 00:00:00,0,0.0
37.95,-116.84999,2018-01-04 00:00:00,0,0.0
37.95,-116.75,2018-01-04 00:00:00,0,0.0
37.95,-116.649994,2018-01-04 00:00:00,0,0.0
37.95,-116.549995,2018-01-04 00:00:00,0,0.0
37.95,-116.45,2018-01-04 00:00:00,0,0.0
37.95,-116.34999,2018-01-04 00:00:00,0,0.0
37.95,-116.25,2018-01-04 00:00:00,0,0.0
37.95,-116.149994,2018-01-04 00:00:00,0,0.0
37.95,-116.049995,2018-01-04 00:00:00,0,0.0
37.95,-115.95,2018-01-04 00:00:00,0,0.0
37.95,-115.85,2018-01-04 00:00:00,0,0.0
37.95,-115.74999,2018-01-04 00:00:00,0,0.0
37.95,-115.649994,2018-01-04 00:00:00,0,0.0
37.95,-115.549995,2018-01-04 00:00:00,0,0.0
37.95,-115.45,2018-01-04 00:00:00,0,0.0
37.95,-115.35,2018-01-04 00:00:00,0,0.0
37.95,-115.24999,2018-01-04 00:00:00,0,0.0
37.95,-115.149994,2018-01-04 00:00:00,0,0.0
37.95,-115.049995,2018-01-04 00:00:00,0,0.0
37.95,-114.95,2018-01-04 00:00:00,0,0.0
37.95,-114.85,2018-01-04 00:00:00,0,0.0
37.95,-114.74999,2018-01-04 00:00:00,0,0.0
37.95,-114.649994,2018-01-04 00:00:00,0,0.0
37.95,-114.549995,2018-01-04 00:00:00,0,0.0
37.95,-114.45,2018-01-04 00:00:00,0,0.0
37.95,-114.35,2018-01-04 00:00:00,0,0.0
37.95,-114.24999,2018-01-04 00:00:00,0,0.0
38.05,-124.34999,2018-01-04 00:00:00,0,0.0
38.05,-124.25,2018-01-04 00:00:00,0,0.0
38.05,-124.149994,2018-01-04 00:00:00,0,0.0
38.05,-124.049995,2018-01-04 00:00:00,0,0.0
38.05,-123.95,2018-01-04 00:00:00,0,0.0
38.05,-123.84999,2018-01-04 00:00:00,0,0.0
38.05,-123.75,2018-01-04 00:00:00,0,0.0
38.05,-123.649994,2018-01-04 00:00:00,0,0.0
38.05,-123.549995,2018-01-04 00:00:00,0,0.0
38.05,-123.45,2018-01-04 00:00:00,0,0.0
38.05,-123.34999,2018-01-04 00:00:00,0,0.0
38.05,-123.25,2018-01-04 00:00:00,0,0.0
38.05,-123.149994,2018-01-04 00:00:00,0,0.0
38.05,-123.049995,2018-01-04 00:00:00,0,0.0
38.05,-122.95,2018-01-04 00:00:00,0,3.9683645
38.05,-122.84999,2018-01-04 00:00:00,0,0.40231866
38.05,-122.75,2018-01-04 00:00:00,0,0.38594317
38.05,-122.649994,2018-01-04 00:00:00,0,0.2820707
38.05,-122.549995,2018-01-04 00:00:00,0,1.53515
38.05,-122.45,2018-01-04 00:00:00,0,1.7719024
38.05,-122.34999,2018-01-04 00:00:00,0,2.6357179
38.05,-122.25,2018-01-04 00:00:00,0,6.2390404
38.05,-122.149994,2018-01-04 00:00:00,0,7.238576
38.05,-122.049995,2018-01-04 00:00:00,0,18.54998
38.05,-121.95,2018-01-04 00:00:00,0,21.295092
38.05,-121.84999,2018-01-04 00:00:00,0,22.784363
38.05,-121.75,2018-01-04 00:00:00,0,17.659359
38.05,-121.649994,2018-01-04 00:00:00,0,10.469566
38.05,-121.549995,2018-01-04 00:00:00,0,7.2196546
38.05,-121.45,2018-01-04 00:00:00,0,2.8969178
38.05,-121.34999,2018-01-04 00:00:00,0,2.2856998
38.05,-121.25,2018-01-04 00:00:00,0,2.6493874
38.05,-121.149994,2018-01-04 00:00:00,0,5.2681904
38.05,-121.049995,2018-01-04 00:00:00,0,2.0843058
38.05,-120.95,2018-01-04 00:00:00,0,4.453163
38.05,-120.84999,2018-01-04 00:00:00,0,3.08878
38.05,-120.75,2018-01-04 00:00:00,0,10.441171
38.05,-120.649994,2018-01-04 00:00:00,0,11.234926
38.05,-120.549995,2018-01-04 00:00:00,0,8.08411
38.05,-120.45,2018-01-04 00:00:00,0,9.077285
38.05,-120.34999,2018-01-04 00:00:00,0,3.8051295
38.05,-120.25,2018-01-04 00:00:00,0,6.421583
38.05,-120.149994,2018-01-04 00:00:00,0,0.9249327
38.05,-120.049995,2018-01-04 00:00:00,0,0.18577833
38.05,-119.95,2018-01-04 00:00:00,0,0.34971
38.05,-119.84999,2018-01-04 00:00:00,0,0.3622258
38.05,-119.75,2018-01-04 00:00:00,0,0.19287327
38.05,-119.649994,2018-01-04 00:00:00,0,0.21606341
38.05,-119.549995,2018-01-04 00:00:00,0,0.016999999
38.05,-119.45,2018-01-04 00:00:00,0,0.0069999993
38.05,-119.34999,2018-01-04 00:00:00,0,0.016999999
38.05,-119.25,2018-01-04 00:00:00,0,0.0302
38.05,-119.149994,2018-01-04 00:00:00,0,0.0528
38.05,-119.049995,2018-01-04 00:00:00,0,0.06482937
38.05,-118.95,2018-01-04 00:00:00,0,0.2629476
38.05,-118.84999,2018-01-04 00:00:00,0,0.18753785
38.05,-118.75,2018-01-04 00:00:00,0,0.044258833
38.05,-118.649994,2018-01-04 00:00:00,0,0.011243688
38.05,-118.549995,2018-01-04 00:00:00,0,0.0
38.05,-118.45,2018-01-04 00:00:00,0,0.0
38.05,-118.34999,2018-01-04 00:00:00,0,0.0
38.05,-118.25,2018-01-04 00:00:00,0,0.0
38.05,-118.149994,2018-01-04 00:00:00,0,0.0
38.05,-118.049995,2018-01-04 00:00:00,0,0.0
38.05,-117.95,2018-01-04 00:00:00,0,0.0
38.05,-117.84999,2018-01-04 00:00:00,0,0.0
38.05,-117.75,2018-01-04 00:00:00,0,0.0
38.05,-117.649994,2018-01-04 00:00:00,0,0.0
38.05,-117.549995,2018-01-04 00:00:00,0,0.0
38.05,-117.45,2018-01-04 00:00:00,0,0.0
38.05,-117.34999,2018-01-04 00:00:00,0,0.0
38.05,-117.25,2018-01-04 00:00:00,0,0.0
38.05,-117.149994,2018-01-04 00:00:00,0,0.0
38.05,-117.049995,2018-01-04 00:00:00,0,0.0
38.05,-116.95,2018-01-04 00:00:00,0,0.0
38.05,-116.84999,2018-01-04 00:00:00,0,0.0
38.05,-116.75,2018-01-04 00:00:00,0,0.0
38.05,-116.649994,2018-01-04 00:00:00,0,0.0
38.05,-116.549995,2018-01-04 00:00:00,0,0.0
38.05,-116.45,2018-01-04 00:00:00,0,0.0
38.05,-116.34999,2018-01-04 00:00:00,0,0.0
38.05,-116.25,2018-01-04 00:00:00,0,0.0
38.05,-116.149994,2018-01-04 00:00:00,0,0.0
38.05,-116.049995,2018-01-04 00:00:00,0,0.0
38.05,-115.95,2018-01-04 00:00:00,0,0.0
38.05,-115.85,2018-01-04 00:00:00,0,0.0
38.05,-115.74999,2018-01-04 00:00:00,0,0.0
38.05,-115.649994,2018-01-04 00:00:00,0,0.0
38.05,-115.549995,2018-01-04 00:00:00,0,0.0
38.05,-115.45,2018-01-04 00:00:00,0,0.0
38.05,-115.35,2018-01-04 00:00:00,0,0.0
38.05,-115.24999,2018-01-04 00:00:00,0,0.0
38.05,-115.149994,2018-01-04 00:00:00,0,0.0
38.05,-115.049995,2018-01-04 00:00:00,0,0.0
38.05,-114.95,2018-01-04 00:00:00,0,0.0
38.05,-114.85,2018-01-04 00:00:00,0,0.0
38.05,-114.74999,2018-01-04 00:00:00,0,0.0
38.05,-114.649994,2018-01-04 00:00:00,0,0.0
38.05,-114.549995,2018-01-04 00:00:00,0,0.0
38.05,-114.45,2018-01-04 00:00:00,0,0.0
38.05,-114.35,2018-01-04 00:00:00,0,0.0
38.05,-114.24999,2018-01-04 00:00:00,0,0.0
38.150005,-124.34999,2018-01-04 00:00:00,0,0.0
38.150005,-124.25,2018-01-04 00:00:00,0,0.0
38.150005,-124.149994,2018-01-04 00:00:00,0,0.0
38.150005,-124.049995,2018-01-04 00:00:00,0,0.0
38.150005,-123.95,2018-01-04 00:00:00,0,0.0
38.150005,-123.84999,2018-01-04 00:00:00,0,0.0
38.150005,-123.75,2018-01-04 00:00:00,0,0.0
38.150005,-123.649994,2018-01-04 00:00:00,0,0.0
38.150005,-123.549995,2018-01-04 00:00:00,0,0.0
38.150005,-123.45,2018-01-04 00:00:00,0,0.0
38.150005,-123.34999,2018-01-04 00:00:00,0,0.0
38.150005,-123.25,2018-01-04 00:00:00,0,0.0
38.150005,-123.149994,2018-01-04 00:00:00,0,0.0
38.150005,-123.049995,2018-01-04 00:00:00,0,0.0
38.150005,-122.95,2018-01-04 00:00:00,0,3.2390342
38.150005,-122.84999,2018-01-04 00:00:00,0,0.41202518
38.150005,-122.75,2018-01-04 00:00:00,0,0.36399806
38.150005,-122.649994,2018-01-04 00:00:00,0,0.24379134
38.150005,-122.549995,2018-01-04 00:00:00,0,0.7178716
38.150005,-122.45,2018-01-04 00:00:00,0,1.2313067
38.150005,-122.34999,2018-01-04 00:00:00,0,1.6813939
38.150005,-122.25,2018-01-04 00:00:00,0,6.320047
38.150005,-122.149994,2018-01-04 00:00:00,0,8.727018
38.150005,-122.049995,2018-01-04 00:00:00,0,19.63997
38.150005,-121.95,2018-01-04 00:00:00,0,23.258238
38.150005,-121.84999,2018-01-04 00:00:00,0,24.631735
38.150005,-121.75,2018-01-04 00:00:00,0,17.616755
38.150005,-121.649994,2018-01-04 00:00:00,0,12.747389
38.150005,-121.549995,2018-01-04 00:00:00,0,9.38967
38.150005,-121.45,2018-01-04 00:00:00,0,3.8488395
38.150005,-121.34999,2018-01-04 00:00:00,0,4.8208823
38.150005,-121.25,2018-01-04 00:00:00,0,4.850574
38.150005,-121.149994,2018-01-04 00:00:00,0,5.5069695
38.150005,-121.049995,2018-01-04 00:00:00,0,6.547801
38.150005,-120.95,2018-01-04 00:00:00,0,9.671232
38.150005,-120.84999,2018-01-04 00:00:00,0,12.944161
38.150005,-120.75,2018-01-04 00:00:00,0,12.269001
38.150005,-120.649994,2018-01-04 00:00:00,0,10.75513
38.150005,-120.549995,2018-01-04 00:00:00,0,9.146302
38.150005,-120.45,2018-01-04 00:00:00,0,9.702225
38.150005,-120.34999,2018-01-04 00:00:00,0,5.060561
38.150005,-120.25,2018-01-04 00:00:00,0,4.6626434
38.150005,-120.149994,2018-01-04 00:00:00,0,1.2432735
38.150005,-120.049995,2018-01-04 00:00:00,0,0.2336308
38.150005,-119.95,2018-01-04 00:00:00,0,0.20088062
38.150005,-119.84999,2018-01-04 00:00:00,0,0.39721328
38.150005,-119.75,2018-01-04 00:00:00,0,0.027399998
38.150005,-119.649994,2018-01-04 00:00:00,0,0.022999998
38.150005,-119.549995,2018-01-04 00:00:00,0,0.021399997
38.150005,-119.45,2018-01-04 00:00:00,0,0.009799999
38.150005,-119.34999,2018-01-04 00:00:00,0,0.0282
38.150005,-119.25,2018-01-04 00:00:00,0,0.045006458
38.150005,-119.149994,2018-01-04 00:00:00,0,0.13658457
38.150005,-119.049995,2018-01-04 00:00:00,0,0.11232076
38.150005,-118.95,2018-01-04 00:00:00,0,0.20433533
38.150005,-118.84999,2018-01-04 00:00:00,0,0.21648231
38.150005,-118.75,2018-01-04 00:00:00,0,0.0
38.150005,-118.649994,2018-01-04 00:00:00,0,0.0
38.150005,-118.549995,2018-01-04 00:00:00,0,0.0
38.150005,-118.45,2018-01-04 00:00:00,0,0.0
38.150005,-118.34999,2018-01-04 00:00:00,0,0.0
38.150005,-118.25,2018-01-04 00:00:00,0,0.0
38.150005,-118.149994,2018-01-04 00:00:00,0,0.0
38.150005,-118.049995,2018-01-04 00:00:00,0,0.0
38.150005,-117.95,2018-01-04 00:00:00,0,0.0
38.150005,-117.84999,2018-01-04 00:00:00,0,0.0
38.150005,-117.75,2018-01-04 00:00:00,0,0.0
38.150005,-117.649994,2018-01-04 00:00:00,0,0.0
38.150005,-117.549995,2018-01-04 00:00:00,0,0.0
38.150005,-117.45,2018-01-04 00:00:00,0,0.0
38.150005,-117.34999,2018-01-04 00:00:00,0,0.0
38.150005,-117.25,2018-01-04 00:00:00,0,0.0
38.150005,-117.149994,2018-01-04 00:00:00,0,0.0
38.150005,-117.049995,2018-01-04 00:00:00,0,0.0
38.150005,-116.95,2018-01-04 00:00:00,0,0.0
38.150005,-116.84999,2018-01-04 00:00:00,0,0.0
38.150005,-116.75,2018-01-04 00:00:00,0,0.0
38.150005,-116.649994,2018-01-04 00:00:00,0,0.0
38.150005,-116.549995,2018-01-04 00:00:00,0,0.0
38.150005,-116.45,2018-01-04 00:00:00,0,0.0
38.150005,-116.34999,2018-01-04 00:00:00,0,0.0
38.150005,-116.25,2018-01-04 00:00:00,0,0.0
38.150005,-116.149994,2018-01-04 00:00:00,0,0.0
38.150005,-116.049995,2018-01-04 00:00:00,0,0.0
38.150005,-115.95,2018-01-04 00:00:00,0,0.0
38.150005,-115.85,2018-01-04 00:00:00,0,0.0
38.150005,-115.74999,2018-01-04 00:00:00,0,0.0
38.150005,-115.649994,2018-01-04 00:00:00,0,0.0
38.150005,-115.549995,2018-01-04 00:00:00,0,0.0
38.150005,-115.45,2018-01-04 00:00:00,0,0.0
38.150005,-115.35,2018-01-04 00:00:00,0,0.0
38.150005,-115.24999,2018-01-04 00:00:00,0,0.0
38.150005,-115.149994,2018-01-04 00:00:00,0,0.0
38.150005,-115.049995,2018-01-04 00:00:00,0,0.0
38.150005,-114.95,2018-01-04 00:00:00,0,0.0
38.150005,-114.85,2018-01-04 00:00:00,0,0.0
38.150005,-114.74999,2018-01-04 00:00:00,0,0.0
38.150005,-114.649994,2018-01-04 00:00:00,0,0.0
38.150005,-114.549995,2018-01-04 00:00:00,0,0.0
38.150005,-114.45,2018-01-04 00:00:00,0,0.0
38.150005,-114.35,2018-01-04 00:00:00,0,0.0
38.150005,-114.24999,2018-01-04 00:00:00,0,0.0
38.249996,-124.34999,2018-01-04 00:00:00,0,0.0
38.249996,-124.25,2018-01-04 00:00:00,0,0.0
38.249996,-124.149994,2018-01-04 00:00:00,0,0.0
38.249996,-124.049995,2018-01-04 00:00:00,0,0.0
38.249996,-123.95,2018-01-04 00:00:00,0,0.0
38.249996,-123.84999,2018-01-04 00:00:00,0,0.0
38.249996,-123.75,2018-01-04 00:00:00,0,0.0
38.249996,-123.649994,2018-01-04 00:00:00,0,0.0
38.249996,-123.549995,2018-01-04 00:00:00,0,0.0
38.249996,-123.45,2018-01-04 00:00:00,0,0.0
38.249996,-123.34999,2018-01-04 00:00:00,0,0.0
38.249996,-123.25,2018-01-04 00:00:00,0,0.0
38.249996,-123.149994,2018-01-04 00:00:00,0,0.0
38.249996,-123.049995,2018-01-04 00:00:00,0,0.0
38.249996,-122.95,2018-01-04 00:00:00,0,2.3582923
38.249996,-122.84999,2018-01-04 00:00:00,0,0.30634576
38.249996,-122.75,2018-01-04 00:00:00,0,0.38379982
38.249996,-122.649994,2018-01-04 00:00:00,0,0.23487517
38.249996,-122.549995,2018-01-04 00:00:00,0,0.5764088
38.249996,-122.45,2018-01-04 00:00:00,0,0.5521053
38.249996,-122.34999,2018-01-04 00:00:00,0,0.9133752
38.249996,-122.25,2018-01-04 00:00:00,0,7.4844584
38.249996,-122.149994,2018-01-04 00:00:00,0,9.954662
38.249996,-122.049995,2018-01-04 00:00:00,0,19.578018
38.249996,-121.95,2018-01-04 00:00:00,0,23.53775
38.249996,-121.84999,2018-01-04 00:00:00,0,24.166828
38.249996,-121.75,2018-01-04 00:00:00,0,15.584887
38.249996,-121.649994,2018-01-04 00:00:00,0,14.507179
38.249996,-121.549995,2018-01-04 00:00:00,0,12.453474
38.249996,-121.45,2018-01-04 00:00:00,0,7.1549916
38.249996,-121.34999,2018-01-04 00:00:00,0,6.4316716
38.249996,-121.25,2018-01-04 00:00:00,0,7.2338758
38.249996,-121.149994,2018-01-04 00:00:00,0,11.0831785
38.249996,-121.049995,2018-01-04 00:00:00,0,7.0549626
38.249996,-120.95,2018-01-04 00:00:00,0,9.825174
38.249996,-120.84999,2018-01-04 00:00:00,0,12.038748
38.249996,-120.75,2018-01-04 00:00:00,0,12.818317
38.249996,-120.649994,2018-01-04 00:00:00,0,11.826741
38.249996,-120.549995,2018-01-04 00:00:00,0,11.541246
38.249996,-120.45,2018-01-04 00:00:00,0,7.468657
38.249996,-120.34999,2018-01-04 00:00:00,0,7.219333
38.249996,-120.25,2018-01-04 00:00:00,0,2.6363077
38.249996,-120.149994,2018-01-04 00:00:00,0,0.125
38.249996,-120.049995,2018-01-04 00:00:00,0,0.042709474
38.249996,-119.95,2018-01-04 00:00:00,0,0.067600004
38.249996,-119.84999,2018-01-04 00:00:00,0,0.0436
38.249996,-119.75,2018-01-04 00:00:00,0,0.0336
38.249996,-119.649994,2018-01-04 00:00:00,0,0.0308
38.249996,-119.549995,2018-01-04 00:00:00,0,0.030599996
38.249996,-119.45,2018-01-04 00:00:00,0,0.007971164
38.249996,-119.34999,2018-01-04 00:00:00,0,0.08832686
38.249996,-119.25,2018-01-04 00:00:00,0,0.059435636
38.249996,-119.149994,2018-01-04 00:00:00,0,0.09166051
38.249996,-119.049995,2018-01-04 00:00:00,0,0.1750256
38.249996,-118.95,2018-01-04 00:00:00,0,0.091791004
38.249996,-118.84999,2018-01-04 00:00:00,0,0.0
38.249996,-118.75,2018-01-04 00:00:00,0,0.0
38.249996,-118.649994,2018-01-04 00:00:00,0,0.0
38.249996,-118.549995,2018-01-04 00:00:00,0,0.0
38.249996,-118.45,2018-01-04 00:00:00,0,0.0
38.249996,-118.34999,2018-01-04 00:00:00,0,0.0
38.249996,-118.25,2018-01-04 00:00:00,0,0.0
38.249996,-118.149994,2018-01-04 00:00:00,0,0.0
38.249996,-118.049995,2018-01-04 00:00:00,0,0.0
38.249996,-117.95,2018-01-04 00:00:00,0,0.0
38.249996,-117.84999,2018-01-04 00:00:00,0,0.0
38.249996,-117.75,2018-01-04 00:00:00,0,0.0
38.249996,-117.649994,2018-01-04 00:00:00,0,0.0
38.249996,-117.549995,2018-01-04 00:00:00,0,0.0
38.249996,-117.45,2018-01-04 00:00:00,0,0.0
38.249996,-117.34999,2018-01-04 00:00:00,0,0.0
38.249996,-117.25,2018-01-04 00:00:00,0,0.0
38.249996,-117.149994,2018-01-04 00:00:00,0,0.0
38.249996,-117.049995,2018-01-04 00:00:00,0,0.0
38.249996,-116.95,2018-01-04 00:00:00,0,0.0
38.249996,-116.84999,2018-01-04 00:00:00,0,0.0
38.249996,-116.75,2018-01-04 00:00:00,0,0.0
38.249996,-116.649994,2018-01-04 00:00:00,0,0.0
38.249996,-116.549995,2018-01-04 00:00:00,0,0.0
38.249996,-116.45,2018-01-04 00:00:00,0,0.0
38.249996,-116.34999,2018-01-04 00:00:00,0,0.0
38.249996,-116.25,2018-01-04 00:00:00,0,0.0
38.249996,-116.149994,2018-01-04 00:00:00,0,0.0
38.249996,-116.049995,2018-01-04 00:00:00,0,0.0
38.249996,-115.95,2018-01-04 00:00:00,0,0.0
38.249996,-115.85,2018-01-04 00:00:00,0,0.0
38.249996,-115.74999,2018-01-04 00:00:00,0,0.0
38.249996,-115.649994,2018-01-04 00:00:00,0,0.0
38.249996,-115.549995,2018-01-04 00:00:00,0,0.0
38.249996,-115.45,2018-01-04 00:00:00,0,0.0
38.249996,-115.35,2018-01-04 00:00:00,0,0.0
38.249996,-115.24999,2018-01-04 00:00:00,0,0.0
38.249996,-115.149994,2018-01-04 00:00:00,0,0.0
38.249996,-115.049995,2018-01-04 00:00:00,0,0.0
38.249996,-114.95,2018-01-04 00:00:00,0,0.0
38.249996,-114.85,2018-01-04 00:00:00,0,0.0
38.249996,-114.74999,2018-01-04 00:00:00,0,0.0
38.249996,-114.649994,2018-01-04 00:00:00,0,0.0
38.249996,-114.549995,2018-01-04 00:00:00,0,0.0
38.249996,-114.45,2018-01-04 00:00:00,0,0.0
38.249996,-114.35,2018-01-04 00:00:00,0,0.0
38.249996,-114.24999,2018-01-04 00:00:00,0,0.0
38.350002,-124.34999,2018-01-04 00:00:00,0,0.0
38.350002,-124.25,2018-01-04 00:00:00,0,0.0
38.350002,-124.149994,2018-01-04 00:00:00,0,0.0
38.350002,-124.049995,2018-01-04 00:00:00,0,0.0
38.350002,-123.95,2018-01-04 00:00:00,0,0.0
38.350002,-123.84999,2018-01-04 00:00:00,0,0.0
38.350002,-123.75,2018-01-04 00:00:00,0,0.0
38.350002,-123.649994,2018-01-04 00:00:00,0,0.0
38.350002,-123.549995,2018-01-04 00:00:00,0,0.0
38.350002,-123.45,2018-01-04 00:00:00,0,0.0
38.350002,-123.34999,2018-01-04 00:00:00,0,0.0
38.350002,-123.25,2018-01-04 00:00:00,0,0.0
38.350002,-123.149994,2018-01-04 00:00:00,0,0.0
38.350002,-123.049995,2018-01-04 00:00:00,0,1.0300692
38.350002,-122.95,2018-01-04 00:00:00,0,1.8033793
38.350002,-122.84999,2018-01-04 00:00:00,0,0.22220458
38.350002,-122.75,2018-01-04 00:00:00,0,0.27721572
38.350002,-122.649994,2018-01-04 00:00:00,0,0.15663196
38.350002,-122.549995,2018-01-04 00:00:00,0,0.32022905
38.350002,-122.45,2018-01-04 00:00:00,0,0.3190005
38.350002,-122.34999,2018-01-04 00:00:00,0,0.29017684
38.350002,-122.25,2018-01-04 00:00:00,0,7.425526
38.350002,-122.149994,2018-01-04 00:00:00,0,10.144902
38.350002,-122.049995,2018-01-04 00:00:00,0,19.467733
38.350002,-121.95,2018-01-04 00:00:00,0,22.767294
38.350002,-121.84999,2018-01-04 00:00:00,0,23.245546
38.350002,-121.75,2018-01-04 00:00:00,0,14.346344
38.350002,-121.649994,2018-01-04 00:00:00,0,15.300075
38.350002,-121.549995,2018-01-04 00:00:00,0,13.549869
38.350002,-121.45,2018-01-04 00:00:00,0,8.24563
38.350002,-121.34999,2018-01-04 00:00:00,0,12.441829
38.350002,-121.25,2018-01-04 00:00:00,0,11.269897
38.350002,-121.149994,2018-01-04 00:00:00,0,11.064771
38.350002,-121.049995,2018-01-04 00:00:00,0,8.4521475
38.350002,-120.95,2018-01-04 00:00:00,0,12.647499
38.350002,-120.84999,2018-01-04 00:00:00,0,20.487144
38.350002,-120.75,2018-01-04 00:00:00,0,14.592081
38.350002,-120.649994,2018-01-04 00:00:00,0,16.989212
38.350002,-120.549995,2018-01-04 00:00:00,0,12.846346
38.350002,-120.45,2018-01-04 00:00:00,0,8.240107
38.350002,-120.34999,2018-01-04 00:00:00,0,7.4981213
38.350002,-120.25,2018-01-04 00:00:00,0,2.6998851
38.350002,-120.149994,2018-01-04 00:00:00,0,2.3444195
38.350002,-120.049995,2018-01-04 00:00:00,0,0.06779999
38.350002,-119.95,2018-01-04 00:00:00,0,1.7913733
38.350002,-119.84999,2018-01-04 00:00:00,0,0.0348
38.350002,-119.75,2018-01-04 00:00:00,0,0.028799998
38.350002,-119.649994,2018-01-04 00:00:00,0,0.021199998
38.350002,-119.549995,2018-01-04 00:00:00,0,0.019399999
38.350002,-119.45,2018-01-04 00:00:00,0,0.007833754
38.350002,-119.34999,2018-01-04 00:00:00,0,0.119928464
38.350002,-119.25,2018-01-04 00:00:00,0,0.124285184
38.350002,-119.149994,2018-01-04 00:00:00,0,0.0554
38.350002,-119.049995,2018-01-04 00:00:00,0,0.0
38.350002,-118.95,2018-01-04 00:00:00,0,0.0
38.350002,-118.84999,2018-01-04 00:00:00,0,0.0
38.350002,-118.75,2018-01-04 00:00:00,0,0.0
38.350002,-118.649994,2018-01-04 00:00:00,0,0.0
38.350002,-118.549995,2018-01-04 00:00:00,0,0.0
38.350002,-118.45,2018-01-04 00:00:00,0,0.0
38.350002,-118.34999,2018-01-04 00:00:00,0,0.0
38.350002,-118.25,2018-01-04 00:00:00,0,0.0
38.350002,-118.149994,2018-01-04 00:00:00,0,0.0
38.350002,-118.049995,2018-01-04 00:00:00,0,0.0
38.350002,-117.95,2018-01-04 00:00:00,0,0.0
38.350002,-117.84999,2018-01-04 00:00:00,0,0.0
38.350002,-117.75,2018-01-04 00:00:00,0,0.0
38.350002,-117.649994,2018-01-04 00:00:00,0,0.0
38.350002,-117.549995,2018-01-04 00:00:00,0,0.0
38.350002,-117.45,2018-01-04 00:00:00,0,0.0
38.350002,-117.34999,2018-01-04 00:00:00,0,0.0
38.350002,-117.25,2018-01-04 00:00:00,0,0.0
38.350002,-117.149994,2018-01-04 00:00:00,0,0.0
38.350002,-117.049995,2018-01-04 00:00:00,0,0.0
38.350002,-116.95,2018-01-04 00:00:00,0,0.0
38.350002,-116.84999,2018-01-04 00:00:00,0,0.0
38.350002,-116.75,2018-01-04 00:00:00,0,0.0
38.350002,-116.649994,2018-01-04 00:00:00,0,0.0
38.350002,-116.549995,2018-01-04 00:00:00,0,0.0
38.350002,-116.45,2018-01-04 00:00:00,0,0.0
38.350002,-116.34999,2018-01-04 00:00:00,0,0.0
38.350002,-116.25,2018-01-04 00:00:00,0,0.0
38.350002,-116.149994,2018-01-04 00:00:00,0,0.0
38.350002,-116.049995,2018-01-04 00:00:00,0,0.0
38.350002,-115.95,2018-01-04 00:00:00,0,0.0
38.350002,-115.85,2018-01-04 00:00:00,0,0.0
38.350002,-115.74999,2018-01-04 00:00:00,0,0.0
38.350002,-115.649994,2018-01-04 00:00:00,0,0.0
38.350002,-115.549995,2018-01-04 00:00:00,0,0.0
38.350002,-115.45,2018-01-04 00:00:00,0,0.0
38.350002,-115.35,2018-01-04 00:00:00,0,0.0
38.350002,-115.24999,2018-01-04 00:00:00,0,0.0
38.350002,-115.149994,2018-01-04 00:00:00,0,0.0
38.350002,-115.049995,2018-01-04 00:00:00,0,0.0
38.350002,-114.95,2018-01-04 00:00:00,0,0.0
38.350002,-114.85,2018-01-04 00:00:00,0,0.0
38.350002,-114.74999,2018-01-04 00:00:00,0,0.0
38.350002,-114.649994,2018-01-04 00:00:00,0,0.0
38.350002,-114.549995,2018-01-04 00:00:00,0,0.0
38.350002,-114.45,2018-01-04 00:00:00,0,0.0
38.350002,-114.35,2018-01-04 00:00:00,0,0.0
38.350002,-114.24999,2018-01-04 00:00:00,0,0.0
38.45001,-124.34999,2018-01-04 00:00:00,0,0.0
38.45001,-124.25,2018-01-04 00:00:00,0,0.0
38.45001,-124.149994,2018-01-04 00:00:00,0,0.0
38.45001,-124.049995,2018-01-04 00:00:00,0,0.0
38.45001,-123.95,2018-01-04 00:00:00,0,0.0
38.45001,-123.84999,2018-01-04 00:00:00,0,0.0
38.45001,-123.75,2018-01-04 00:00:00,0,0.0
38.45001,-123.649994,2018-01-04 00:00:00,0,0.0
38.45001,-123.549995,2018-01-04 00:00:00,0,0.0
38.45001,-123.45,2018-01-04 00:00:00,0,0.0
38.45001,-123.34999,2018-01-04 00:00:00,0,0.0
38.45001,-123.25,2018-01-04 00:00:00,0,0.0
38.45001,-123.149994,2018-01-04 00:00:00,0,0.0
38.45001,-123.049995,2018-01-04 00:00:00,0,0.017764548
38.45001,-122.95,2018-01-04 00:00:00,0,0.6706953
38.45001,-122.84999,2018-01-04 00:00:00,0,0.10811289
38.45001,-122.75,2018-01-04 00:00:00,0,0.18127632
38.45001,-122.649994,2018-01-04 00:00:00,0,0.11997652
38.45001,-122.549995,2018-01-04 00:00:00,0,0.09708567
38.45001,-122.45,2018-01-04 00:00:00,0,0.10564718
38.45001,-122.34999,2018-01-04 00:00:00,0,0.08817059
38.45001,-122.25,2018-01-04 00:00:00,0,6.5021935
38.45001,-122.149994,2018-01-04 00:00:00,0,9.325263
38.45001,-122.049995,2018-01-04 00:00:00,0,19.074492
38.45001,-121.95,2018-01-04 00:00:00,0,22.245205
38.45001,-121.84999,2018-01-04 00:00:00,0,22.488918
38.45001,-121.75,2018-01-04 00:00:00,0,13.146617
38.45001,-121.649994,2018-01-04 00:00:00,0,14.866443
38.45001,-121.549995,2018-01-04 00:00:00,0,13.35319
38.45001,-121.45,2018-01-04 00:00:00,0,5.893931
38.45001,-121.34999,2018-01-04 00:00:00,0,12.986411
38.45001,-121.25,2018-01-04 00:00:00,0,13.904769
38.45001,-121.149994,2018-01-04 00:00:00,0,16.00191
38.45001,-121.049995,2018-01-04 00:00:00,0,8.932537
38.45001,-120.95,2018-01-04 00:00:00,0,11.304104
38.45001,-120.84999,2018-01-04 00:00:00,0,16.425184
38.45001,-120.75,2018-01-04 00:00:00,0,16.129
38.45001,-120.649994,2018-01-04 00:00:00,0,0.6936
38.45001,-120.549995,2018-01-04 00:00:00,0,9.777858
38.45001,-120.45,2018-01-04 00:00:00,0,6.5786114
38.45001,-120.34999,2018-01-04 00:00:00,0,6.948286
38.45001,-120.25,2018-01-04 00:00:00,0,3.2032642
38.45001,-120.149994,2018-01-04 00:00:00,0,0.16459998
38.45001,-120.049995,2018-01-04 00:00:00,0,0.0626
38.45001,-119.95,2018-01-04 00:00:00,0,0.036799997
38.45001,-119.84999,2018-01-04 00:00:00,0,0.019999998
38.45001,-119.75,2018-01-04 00:00:00,0,0.020599999
38.45001,-119.649994,2018-01-04 00:00:00,0,0.0202
38.45001,-119.549995,2018-01-04 00:00:00,0,0.09851946
38.45001,-119.45,2018-01-04 00:00:00,0,0.09534468
38.45001,-119.34999,2018-01-04 00:00:00,0,0.18611394
38.45001,-119.25,2018-01-04 00:00:00,0,0.0936
38.45001,-119.149994,2018-01-04 00:00:00,0,0.0
38.45001,-119.049995,2018-01-04 00:00:00,0,0.0
38.45001,-118.95,2018-01-04 00:00:00,0,0.0
38.45001,-118.84999,2018-01-04 00:00:00,0,0.0
38.45001,-118.75,2018-01-04 00:00:00,0,0.0
38.45001,-118.649994,2018-01-04 00:00:00,0,0.0
38.45001,-118.549995,2018-01-04 00:00:00,0,0.0
38.45001,-118.45,2018-01-04 00:00:00,0,0.0
38.45001,-118.34999,2018-01-04 00:00:00,0,0.0
38.45001,-118.25,2018-01-04 00:00:00,0,0.0
38.45001,-118.149994,2018-01-04 00:00:00,0,0.0
38.45001,-118.049995,2018-01-04 00:00:00,0,0.0
38.45001,-117.95,2018-01-04 00:00:00,0,0.0
38.45001,-117.84999,2018-01-04 00:00:00,0,0.0
38.45001,-117.75,2018-01-04 00:00:00,0,0.0
38.45001,-117.649994,2018-01-04 00:00:00,0,0.0
38.45001,-117.549995,2018-01-04 00:00:00,0,0.0
38.45001,-117.45,2018-01-04 00:00:00,0,0.0
38.45001,-117.34999,2018-01-04 00:00:00,0,0.0
38.45001,-117.25,2018-01-04 00:00:00,0,0.0
38.45001,-117.149994,2018-01-04 00:00:00,0,0.0
38.45001,-117.049995,2018-01-04 00:00:00,0,0.0
38.45001,-116.95,2018-01-04 00:00:00,0,0.0
38.45001,-116.84999,2018-01-04 00:00:00,0,0.0
38.45001,-116.75,2018-01-04 00:00:00,0,0.0
38.45001,-116.649994,2018-01-04 00:00:00,0,0.0
38.45001,-116.549995,2018-01-04 00:00:00,0,0.0
38.45001,-116.45,2018-01-04 00:00:00,0,0.0
38.45001,-116.34999,2018-01-04 00:00:00,0,0.0
38.45001,-116.25,2018-01-04 00:00:00,0,0.0
38.45001,-116.149994,2018-01-04 00:00:00,0,0.0
38.45001,-116.049995,2018-01-04 00:00:00,0,0.0
38.45001,-115.95,2018-01-04 00:00:00,0,0.0
38.45001,-115.85,2018-01-04 00:00:00,0,0.0
38.45001,-115.74999,2018-01-04 00:00:00,0,0.0
38.45001,-115.649994,2018-01-04 00:00:00,0,0.0
38.45001,-115.549995,2018-01-04 00:00:00,0,0.0
38.45001,-115.45,2018-01-04 00:00:00,0,0.0
38.45001,-115.35,2018-01-04 00:00:00,0,0.0
38.45001,-115.24999,2018-01-04 00:00:00,0,0.0
38.45001,-115.149994,2018-01-04 00:00:00,0,0.0
38.45001,-115.049995,2018-01-04 00:00:00,0,0.0
38.45001,-114.95,2018-01-04 00:00:00,0,0.0
38.45001,-114.85,2018-01-04 00:00:00,0,0.0
38.45001,-114.74999,2018-01-04 00:00:00,0,0.0
38.45001,-114.649994,2018-01-04 00:00:00,0,0.0
38.45001,-114.549995,2018-01-04 00:00:00,0,0.0
38.45001,-114.45,2018-01-04 00:00:00,0,0.0
38.45001,-114.35,2018-01-04 00:00:00,0,0.0
38.45001,-114.24999,2018-01-04 00:00:00,0,0.0
38.55,-124.34999,2018-01-04 00:00:00,0,0.0
38.55,-124.25,2018-01-04 00:00:00,0,0.0
38.55,-124.149994,2018-01-04 00:00:00,0,0.0
38.55,-124.049995,2018-01-04 00:00:00,0,0.0
38.55,-123.95,2018-01-04 00:00:00,0,0.0
38.55,-123.84999,2018-01-04 00:00:00,0,0.0
38.55,-123.75,2018-01-04 00:00:00,0,0.0
38.55,-123.649994,2018-01-04 00:00:00,0,0.0
38.55,-123.549995,2018-01-04 00:00:00,0,0.0
38.55,-123.45,2018-01-04 00:00:00,0,0.0
38.55,-123.34999,2018-01-04 00:00:00,0,0.0
38.55,-123.25,2018-01-04 00:00:00,0,0.08731033
38.55,-123.149994,2018-01-04 00:00:00,0,0.12406042
38.55,-123.049995,2018-01-04 00:00:00,0,0.017470546
38.55,-122.95,2018-01-04 00:00:00,0,0.047861185
38.55,-122.84999,2018-01-04 00:00:00,0,0.06863997
38.55,-122.75,2018-01-04 00:00:00,0,0.119795434
38.55,-122.649994,2018-01-04 00:00:00,0,0.057826214
38.55,-122.549995,2018-01-04 00:00:00,0,0.06260511
38.55,-122.45,2018-01-04 00:00:00,0,0.07584187
38.55,-122.34999,2018-01-04 00:00:00,0,0.05118622
38.55,-122.25,2018-01-04 00:00:00,0,5.133789
38.55,-122.149994,2018-01-04 00:00:00,0,8.300904
38.55,-122.049995,2018-01-04 00:00:00,0,17.707424
38.55,-121.95,2018-01-04 00:00:00,0,20.0901
38.55,-121.84999,2018-01-04 00:00:00,0,20.732138
38.55,-121.75,2018-01-04 00:00:00,0,11.913501
38.55,-121.649994,2018-01-04 00:00:00,0,13.263796
38.55,-121.549995,2018-01-04 00:00:00,0,12.4612465
38.55,-121.45,2018-01-04 00:00:00,0,13.792231
38.55,-121.34999,2018-01-04 00:00:00,0,13.173936
38.55,-121.25,2018-01-04 00:00:00,0,15.772675
38.55,-121.149994,2018-01-04 00:00:00,0,11.559599
38.55,-121.049995,2018-01-04 00:00:00,0,8.828041
38.55,-120.95,2018-01-04 00:00:00,0,11.25608
38.55,-120.84999,2018-01-04 00:00:00,0,19.748775
38.55,-120.75,2018-01-04 00:00:00,0,22.033285
38.55,-120.649994,2018-01-04 00:00:00,0,1.9384003
38.55,-120.549995,2018-01-04 00:00:00,0,10.830625
38.55,-120.45,2018-01-04 00:00:00,0,5.9845715
38.55,-120.34999,2018-01-04 00:00:00,0,0.31039998
38.55,-120.25,2018-01-04 00:00:00,0,0.40360004
38.55,-120.149994,2018-01-04 00:00:00,0,0.1858
38.55,-120.049995,2018-01-04 00:00:00,0,0.08060001
38.55,-119.95,2018-01-04 00:00:00,0,0.07840001
38.55,-119.84999,2018-01-04 00:00:00,0,0.043199994
38.55,-119.75,2018-01-04 00:00:00,0,0.023799999
38.55,-119.649994,2018-01-04 00:00:00,0,0.029286716
38.55,-119.549995,2018-01-04 00:00:00,0,0.13145177
38.55,-119.45,2018-01-04 00:00:00,0,0.16498064
38.55,-119.34999,2018-01-04 00:00:00,0,0.0
38.55,-119.25,2018-01-04 00:00:00,0,0.0
38.55,-119.149994,2018-01-04 00:00:00,0,0.0
38.55,-119.049995,2018-01-04 00:00:00,0,0.0
38.55,-118.95,2018-01-04 00:00:00,0,0.0
38.55,-118.84999,2018-01-04 00:00:00,0,0.0
38.55,-118.75,2018-01-04 00:00:00,0,0.0
38.55,-118.649994,2018-01-04 00:00:00,0,0.0
38.55,-118.549995,2018-01-04 00:00:00,0,0.0
38.55,-118.45,2018-01-04 00:00:00,0,0.0
38.55,-118.34999,2018-01-04 00:00:00,0,0.0
38.55,-118.25,2018-01-04 00:00:00,0,0.0
38.55,-118.149994,2018-01-04 00:00:00,0,0.0
38.55,-118.049995,2018-01-04 00:00:00,0,0.0
38.55,-117.95,2018-01-04 00:00:00,0,0.0
38.55,-117.84999,2018-01-04 00:00:00,0,0.0
38.55,-117.75,2018-01-04 00:00:00,0,0.0
38.55,-117.649994,2018-01-04 00:00:00,0,0.0
38.55,-117.549995,2018-01-04 00:00:00,0,0.0
38.55,-117.45,2018-01-04 00:00:00,0,0.0
38.55,-117.34999,2018-01-04 00:00:00,0,0.0
38.55,-117.25,2018-01-04 00:00:00,0,0.0
38.55,-117.149994,2018-01-04 00:00:00,0,0.0
38.55,-117.049995,2018-01-04 00:00:00,0,0.0
38.55,-116.95,2018-01-04 00:00:00,0,0.0
38.55,-116.84999,2018-01-04 00:00:00,0,0.0
38.55,-116.75,2018-01-04 00:00:00,0,0.0
38.55,-116.649994,2018-01-04 00:00:00,0,0.0
38.55,-116.549995,2018-01-04 00:00:00,0,0.0
38.55,-116.45,2018-01-04 00:00:00,0,0.0
38.55,-116.34999,2018-01-04 00:00:00,0,0.0
38.55,-116.25,2018-01-04 00:00:00,0,0.0
38.55,-116.149994,2018-01-04 00:00:00,0,0.0
38.55,-116.049995,2018-01-04 00:00:00,0,0.0
38.55,-115.95,2018-01-04 00:00:00,0,0.0
38.55,-115.85,2018-01-04 00:00:00,0,0.0
38.55,-115.74999,2018-01-04 00:00:00,0,0.0
38.55,-115.649994,2018-01-04 00:00:00,0,0.0
38.55,-115.549995,2018-01-04 00:00:00,0,0.0
38.55,-115.45,2018-01-04 00:00:00,0,0.0
38.55,-115.35,2018-01-04 00:00:00,0,0.0
38.55,-115.24999,2018-01-04 00:00:00,0,0.0
38.55,-115.149994,2018-01-04 00:00:00,0,0.0
38.55,-115.049995,2018-01-04 00:00:00,0,0.0
38.55,-114.95,2018-01-04 00:00:00,0,0.0
38.55,-114.85,2018-01-04 00:00:00,0,0.0
38.55,-114.74999,2018-01-04 00:00:00,0,0.0
38.55,-114.649994,2018-01-04 00:00:00,0,0.0
38.55,-114.549995,2018-01-04 00:00:00,0,0.0
38.55,-114.45,2018-01-04 00:00:00,0,0.0
38.55,-114.35,2018-01-04 00:00:00,0,0.0
38.55,-114.24999,2018-01-04 00:00:00,0,0.0
38.650005,-124.34999,2018-01-04 00:00:00,0,0.0
38.650005,-124.25,2018-01-04 00:00:00,0,0.0
38.650005,-124.149994,2018-01-04 00:00:00,0,0.0
38.650005,-124.049995,2018-01-04 00:00:00,0,0.0
38.650005,-123.95,2018-01-04 00:00:00,0,0.0
38.650005,-123.84999,2018-01-04 00:00:00,0,0.0
38.650005,-123.75,2018-01-04 00:00:00,0,0.0
38.650005,-123.649994,2018-01-04 00:00:00,0,0.0
38.650005,-123.549995,2018-01-04 00:00:00,0,0.0
38.650005,-123.45,2018-01-04 00:00:00,0,0.0
38.650005,-123.34999,2018-01-04 00:00:00,0,1.6281676
38.650005,-123.25,2018-01-04 00:00:00,0,0.07389036
38.650005,-123.149994,2018-01-04 00:00:00,0,0.10621446
38.650005,-123.049995,2018-01-04 00:00:00,0,0.041779306
38.650005,-122.95,2018-01-04 00:00:00,0,0.039306425
38.650005,-122.84999,2018-01-04 00:00:00,0,0.06635581
38.650005,-122.75,2018-01-04 00:00:00,0,0.095703855
38.650005,-122.649994,2018-01-04 00:00:00,0,0.034744047
38.650005,-122.549995,2018-01-04 00:00:00,0,0.0378877
38.650005,-122.45,2018-01-04 00:00:00,0,0.03573134
38.650005,-122.34999,2018-01-04 00:00:00,0,0.045112137
38.650005,-122.25,2018-01-04 00:00:00,0,4.002607
38.650005,-122.149994,2018-01-04 00:00:00,0,7.039578
38.650005,-122.049995,2018-01-04 00:00:00,0,14.152421
38.650005,-121.95,2018-01-04 00:00:00,0,15.795718
38.650005,-121.84999,2018-01-04 00:00:00,0,16.126184
38.650005,-121.75,2018-01-04 00:00:00,0,8.765667
38.650005,-121.649994,2018-01-04 00:00:00,0,10.50673
38.650005,-121.549995,2018-01-04 00:00:00,0,10.9801445
38.650005,-121.45,2018-01-04 00:00:00,0,10.217191
38.650005,-121.34999,2018-01-04 00:00:00,0,6.2647467
38.650005,-121.25,2018-01-04 00:00:00,0,9.005434
38.650005,-121.149994,2018-01-04 00:00:00,0,16.710148
38.650005,-121.049995,2018-01-04 00:00:00,0,11.222974
38.650005,-120.95,2018-01-04 00:00:00,0,9.64747
38.650005,-120.84999,2018-01-04 00:00:00,0,12.740488
38.650005,-120.75,2018-01-04 00:00:00,0,15.470949
38.650005,-120.649994,2018-01-04 00:00:00,0,15.049709
38.650005,-120.549995,2018-01-04 00:00:00,0,5.927877
38.650005,-120.45,2018-01-04 00:00:00,0,4.615027
38.650005,-120.34999,2018-01-04 00:00:00,0,3.5414925
38.650005,-120.25,2018-01-04 00:00:00,0,2.7524662
38.650005,-120.149994,2018-01-04 00:00:00,0,1.7572542
38.650005,-120.049995,2018-01-04 00:00:00,0,1.0109963
38.650005,-119.95,2018-01-04 00:00:00,0,0.1596
38.650005,-119.84999,2018-01-04 00:00:00,0,1.2552779
38.650005,-119.75,2018-01-04 00:00:00,0,0.5691884
38.650005,-119.649994,2018-01-04 00:00:00,0,0.009286716
38.650005,-119.549995,2018-01-04 00:00:00,0,0.0172757
38.650005,-119.45,2018-01-04 00:00:00,0,0.0
38.650005,-119.34999,2018-01-04 00:00:00,0,0.0
38.650005,-119.25,2018-01-04 00:00:00,0,0.0
38.650005,-119.149994,2018-01-04 00:00:00,0,0.0
38.650005,-119.049995,2018-01-04 00:00:00,0,0.0
38.650005,-118.95,2018-01-04 00:00:00,0,0.0
38.650005,-118.84999,2018-01-04 00:00:00,0,0.0
38.650005,-118.75,2018-01-04 00:00:00,0,0.0
38.650005,-118.649994,2018-01-04 00:00:00,0,0.0
38.650005,-118.549995,2018-01-04 00:00:00,0,0.0
38.650005,-118.45,2018-01-04 00:00:00,0,0.0
38.650005,-118.34999,2018-01-04 00:00:00,0,0.0
38.650005,-118.25,2018-01-04 00:00:00,0,0.0
38.650005,-118.149994,2018-01-04 00:00:00,0,0.0
38.650005,-118.049995,2018-01-04 00:00:00,0,0.0
38.650005,-117.95,2018-01-04 00:00:00,0,0.0
38.650005,-117.84999,2018-01-04 00:00:00,0,0.0
38.650005,-117.75,2018-01-04 00:00:00,0,0.0
38.650005,-117.649994,2018-01-04 00:00:00,0,0.0
38.650005,-117.549995,2018-01-04 00:00:00,0,0.0
38.650005,-117.45,2018-01-04 00:00:00,0,0.0
38.650005,-117.34999,2018-01-04 00:00:00,0,0.0
38.650005,-117.25,2018-01-04 00:00:00,0,0.0
38.650005,-117.149994,2018-01-04 00:00:00,0,0.0
38.650005,-117.049995,2018-01-04 00:00:00,0,0.0
38.650005,-116.95,2018-01-04 00:00:00,0,0.0
38.650005,-116.84999,2018-01-04 00:00:00,0,0.0
38.650005,-116.75,2018-01-04 00:00:00,0,0.0
38.650005,-116.649994,2018-01-04 00:00:00,0,0.0
38.650005,-116.549995,2018-01-04 00:00:00,0,0.0
38.650005,-116.45,2018-01-04 00:00:00,0,0.0
38.650005,-116.34999,2018-01-04 00:00:00,0,0.0
38.650005,-116.25,2018-01-04 00:00:00,0,0.0
38.650005,-116.149994,2018-01-04 00:00:00,0,0.0
38.650005,-116.049995,2018-01-04 00:00:00,0,0.0
38.650005,-115.95,2018-01-04 00:00:00,0,0.0
38.650005,-115.85,2018-01-04 00:00:00,0,0.0
38.650005,-115.74999,2018-01-04 00:00:00,0,0.0
38.650005,-115.649994,2018-01-04 00:00:00,0,0.0
38.650005,-115.549995,2018-01-04 00:00:00,0,0.0
38.650005,-115.45,2018-01-04 00:00:00,0,0.0
38.650005,-115.35,2018-01-04 00:00:00,0,0.0
38.650005,-115.24999,2018-01-04 00:00:00,0,0.0
38.650005,-115.149994,2018-01-04 00:00:00,0,0.0
38.650005,-115.049995,2018-01-04 00:00:00,0,0.0
38.650005,-114.95,2018-01-04 00:00:00,0,0.0
38.650005,-114.85,2018-01-04 00:00:00,0,0.0
38.650005,-114.74999,2018-01-04 00:00:00,0,0.0
38.650005,-114.649994,2018-01-04 00:00:00,0,0.0
38.650005,-114.549995,2018-01-04 00:00:00,0,0.0
38.650005,-114.45,2018-01-04 00:00:00,0,0.0
38.650005,-114.35,2018-01-04 00:00:00,0,0.0
38.650005,-114.24999,2018-01-04 00:00:00,0,0.0
38.749996,-124.34999,2018-01-04 00:00:00,0,0.0
38.749996,-124.25,2018-01-04 00:00:00,0,0.0
38.749996,-124.149994,2018-01-04 00:00:00,0,0.0
38.749996,-124.049995,2018-01-04 00:00:00,0,0.0
38.749996,-123.95,2018-01-04 00:00:00,0,0.0
38.749996,-123.84999,2018-01-04 00:00:00,0,0.0
38.749996,-123.75,2018-01-04 00:00:00,0,0.0
38.749996,-123.649994,2018-01-04 00:00:00,0,0.0
38.749996,-123.549995,2018-01-04 00:00:00,0,0.0
38.749996,-123.45,2018-01-04 00:00:00,0,4.53488
38.749996,-123.34999,2018-01-04 00:00:00,0,1.3596137
38.749996,-123.25,2018-01-04 00:00:00,0,0.08044604
38.749996,-123.149994,2018-01-04 00:00:00,0,0.106920205
38.749996,-123.049995,2018-01-04 00:00:00,0,0.036660444
38.749996,-122.95,2018-01-04 00:00:00,0,0.025972053
38.749996,-122.84999,2018-01-04 00:00:00,0,0.06644964
38.749996,-122.75,2018-01-04 00:00:00,0,0.063970804
38.749996,-122.649994,2018-01-04 00:00:00,0,0.021343142
38.749996,-122.549995,2018-01-04 00:00:00,0,0.05239423
38.749996,-122.45,2018-01-04 00:00:00,0,0.057378158
38.749996,-122.34999,2018-01-04 00:00:00,0,0.070003465
38.749996,-122.25,2018-01-04 00:00:00,0,2.8922825
38.749996,-122.149994,2018-01-04 00:00:00,0,5.220586
38.749996,-122.049995,2018-01-04 00:00:00,0,10.4476185
38.749996,-121.95,2018-01-04 00:00:00,0,11.93928
38.749996,-121.84999,2018-01-04 00:00:00,0,11.960183
38.749996,-121.75,2018-01-04 00:00:00,0,6.2718377
38.749996,-121.649994,2018-01-04 00:00:00,0,8.276195
38.749996,-121.549995,2018-01-04 00:00:00,0,8.689727
38.749996,-121.45,2018-01-04 00:00:00,0,8.030135
38.749996,-121.34999,2018-01-04 00:00:00,0,5.7937403
38.749996,-121.25,2018-01-04 00:00:00,0,3.2659118
38.749996,-121.149994,2018-01-04 00:00:00,0,2.7602315
38.749996,-121.049995,2018-01-04 00:00:00,0,3.5398793
38.749996,-120.95,2018-01-04 00:00:00,0,5.8243685
38.749996,-120.84999,2018-01-04 00:00:00,0,3.729599
38.749996,-120.75,2018-01-04 00:00:00,0,8.499324
38.749996,-120.649994,2018-01-04 00:00:00,0,8.933105
38.749996,-120.549995,2018-01-04 00:00:00,0,5.131415
38.749996,-120.45,2018-01-04 00:00:00,0,3.0075002
38.749996,-120.34999,2018-01-04 00:00:00,0,1.9887823
38.749996,-120.25,2018-01-04 00:00:00,0,0.69291174
38.749996,-120.149994,2018-01-04 00:00:00,0,0.21239999
38.749996,-120.049995,2018-01-04 00:00:00,0,0.18079996
38.749996,-119.95,2018-01-04 00:00:00,0,0.05086951
38.749996,-119.84999,2018-01-04 00:00:00,0,0.33295625
38.749996,-119.75,2018-01-04 00:00:00,0,0.34823376
38.749996,-119.649994,2018-01-04 00:00:00,0,0.00031510578
38.749996,-119.549995,2018-01-04 00:00:00,0,0.0
38.749996,-119.45,2018-01-04 00:00:00,0,0.0
38.749996,-119.34999,2018-01-04 00:00:00,0,0.0
38.749996,-119.25,2018-01-04 00:00:00,0,0.0
38.749996,-119.149994,2018-01-04 00:00:00,0,0.0
38.749996,-119.049995,2018-01-04 00:00:00,0,0.0
38.749996,-118.95,2018-01-04 00:00:00,0,0.0
38.749996,-118.84999,2018-01-04 00:00:00,0,0.0
38.749996,-118.75,2018-01-04 00:00:00,0,0.0
38.749996,-118.649994,2018-01-04 00:00:00,0,0.0
38.749996,-118.549995,2018-01-04 00:00:00,0,0.0
38.749996,-118.45,2018-01-04 00:00:00,0,0.0
38.749996,-118.34999,2018-01-04 00:00:00,0,0.0
38.749996,-118.25,2018-01-04 00:00:00,0,0.0
38.749996,-118.149994,2018-01-04 00:00:00,0,0.0
38.749996,-118.049995,2018-01-04 00:00:00,0,0.0
38.749996,-117.95,2018-01-04 00:00:00,0,0.0
38.749996,-117.84999,2018-01-04 00:00:00,0,0.0
38.749996,-117.75,2018-01-04 00:00:00,0,0.0
38.749996,-117.649994,2018-01-04 00:00:00,0,0.0
38.749996,-117.549995,2018-01-04 00:00:00,0,0.0
38.749996,-117.45,2018-01-04 00:00:00,0,0.0
38.749996,-117.34999,2018-01-04 00:00:00,0,0.0
38.749996,-117.25,2018-01-04 00:00:00,0,0.0
38.749996,-117.149994,2018-01-04 00:00:00,0,0.0
38.749996,-117.049995,2018-01-04 00:00:00,0,0.0
38.749996,-116.95,2018-01-04 00:00:00,0,0.0
38.749996,-116.84999,2018-01-04 00:00:00,0,0.0
38.749996,-116.75,2018-01-04 00:00:00,0,0.0
38.749996,-116.649994,2018-01-04 00:00:00,0,0.0
38.749996,-116.549995,2018-01-04 00:00:00,0,0.0
38.749996,-116.45,2018-01-04 00:00:00,0,0.0
38.749996,-116.34999,2018-01-04 00:00:00,0,0.0
38.749996,-116.25,2018-01-04 00:00:00,0,0.0
38.749996,-116.149994,2018-01-04 00:00:00,0,0.0
38.749996,-116.049995,2018-01-04 00:00:00,0,0.0
38.749996,-115.95,2018-01-04 00:00:00,0,0.0
38.749996,-115.85,2018-01-04 00:00:00,0,0.0
38.749996,-115.74999,2018-01-04 00:00:00,0,0.0
38.749996,-115.649994,2018-01-04 00:00:00,0,0.0
38.749996,-115.549995,2018-01-04 00:00:00,0,0.0
38.749996,-115.45,2018-01-04 00:00:00,0,0.0
38.749996,-115.35,2018-01-04 00:00:00,0,0.0
38.749996,-115.24999,2018-01-04 00:00:00,0,0.0
38.749996,-115.149994,2018-01-04 00:00:00,0,0.0
38.749996,-115.049995,2018-01-04 00:00:00,0,0.0
38.749996,-114.95,2018-01-04 00:00:00,0,0.0
38.749996,-114.85,2018-01-04 00:00:00,0,0.0
38.749996,-114.74999,2018-01-04 00:00:00,0,0.0
38.749996,-114.649994,2018-01-04 00:00:00,0,0.0
38.749996,-114.549995,2018-01-04 00:00:00,0,0.0
38.749996,-114.45,2018-01-04 00:00:00,0,0.0
38.749996,-114.35,2018-01-04 00:00:00,0,0.0
38.749996,-114.24999,2018-01-04 00:00:00,0,0.0
38.850002,-124.34999,2018-01-04 00:00:00,0,0.0
38.850002,-124.25,2018-01-04 00:00:00,0,0.0
38.850002,-124.149994,2018-01-04 00:00:00,0,0.0
38.850002,-124.049995,2018-01-04 00:00:00,0,0.0
38.850002,-123.95,2018-01-04 00:00:00,0,0.0
38.850002,-123.84999,2018-01-04 00:00:00,0,0.0
38.850002,-123.75,2018-01-04 00:00:00,0,0.0
38.850002,-123.649994,2018-01-04 00:00:00,0,0.0
38.850002,-123.549995,2018-01-04 00:00:00,0,1.8891658
38.850002,-123.45,2018-01-04 00:00:00,0,3.6312957
38.850002,-123.34999,2018-01-04 00:00:00,0,1.0983081
38.850002,-123.25,2018-01-04 00:00:00,0,0.074324474
38.850002,-123.149994,2018-01-04 00:00:00,0,0.07369875
38.850002,-123.049995,2018-01-04 00:00:00,0,0.011186414
38.850002,-122.95,2018-01-04 00:00:00,0,0.008654487
38.850002,-122.84999,2018-01-04 00:00:00,0,0.093277805
38.850002,-122.75,2018-01-04 00:00:00,0,0.11399105
38.850002,-122.649994,2018-01-04 00:00:00,0,0.08134058
38.850002,-122.549995,2018-01-04 00:00:00,0,0.12569933
38.850002,-122.45,2018-01-04 00:00:00,0,0.09980713
38.850002,-122.34999,2018-01-04 00:00:00,0,0.10648505
38.850002,-122.25,2018-01-04 00:00:00,0,1.839577
38.850002,-122.149994,2018-01-04 00:00:00,0,3.4690998
38.850002,-122.049995,2018-01-04 00:00:00,0,7.6063766
38.850002,-121.95,2018-01-04 00:00:00,0,8.422459
38.850002,-121.84999,2018-01-04 00:00:00,0,8.357799
38.850002,-121.75,2018-01-04 00:00:00,0,4.3272567
38.850002,-121.649994,2018-01-04 00:00:00,0,6.7630124
38.850002,-121.549995,2018-01-04 00:00:00,0,6.8452983
38.850002,-121.45,2018-01-04 00:00:00,0,7.202355
38.850002,-121.34999,2018-01-04 00:00:00,0,6.6842246
38.850002,-121.25,2018-01-04 00:00:00,0,4.7350516
38.850002,-121.149994,2018-01-04 00:00:00,0,4.113434
38.850002,-121.049995,2018-01-04 00:00:00,0,4.699984
38.850002,-120.95,2018-01-04 00:00:00,0,4.93984
38.850002,-120.84999,2018-01-04 00:00:00,0,4.0432663
38.850002,-120.75,2018-01-04 00:00:00,0,4.83242
38.850002,-120.649994,2018-01-04 00:00:00,0,8.341192
38.850002,-120.549995,2018-01-04 00:00:00,0,0.24059999
38.850002,-120.45,2018-01-04 00:00:00,0,4.2819543
38.850002,-120.34999,2018-01-04 00:00:00,0,2.898193
38.850002,-120.25,2018-01-04 00:00:00,0,0.8386998
38.850002,-120.149994,2018-01-04 00:00:00,0,0.4092
38.850002,-120.049995,2018-01-04 00:00:00,0,0.002348212
38.850002,-119.95,2018-01-04 00:00:00,0,0.24999999
38.850002,-119.84999,2018-01-04 00:00:00,0,0.19600001
38.850002,-119.75,2018-01-04 00:00:00,0,0.0
38.850002,-119.649994,2018-01-04 00:00:00,0,0.0
38.850002,-119.549995,2018-01-04 00:00:00,0,0.0
38.850002,-119.45,2018-01-04 00:00:00,0,0.0
38.850002,-119.34999,2018-01-04 00:00:00,0,0.0
38.850002,-119.25,2018-01-04 00:00:00,0,0.0
38.850002,-119.149994,2018-01-04 00:00:00,0,0.0
38.850002,-119.049995,2018-01-04 00:00:00,0,0.0
38.850002,-118.95,2018-01-04 00:00:00,0,0.0
38.850002,-118.84999,2018-01-04 00:00:00,0,0.0
38.850002,-118.75,2018-01-04 00:00:00,0,0.0
38.850002,-118.649994,2018-01-04 00:00:00,0,0.0
38.850002,-118.549995,2018-01-04 00:00:00,0,0.0
38.850002,-118.45,2018-01-04 00:00:00,0,0.0
38.850002,-118.34999,2018-01-04 00:00:00,0,0.0
38.850002,-118.25,2018-01-04 00:00:00,0,0.0
38.850002,-118.149994,2018-01-04 00:00:00,0,0.0
38.850002,-118.049995,2018-01-04 00:00:00,0,0.0
38.850002,-117.95,2018-01-04 00:00:00,0,0.0
38.850002,-117.84999,2018-01-04 00:00:00,0,0.0
38.850002,-117.75,2018-01-04 00:00:00,0,0.0
38.850002,-117.649994,2018-01-04 00:00:00,0,0.0
38.850002,-117.549995,2018-01-04 00:00:00,0,0.0
38.850002,-117.45,2018-01-04 00:00:00,0,0.0
38.850002,-117.34999,2018-01-04 00:00:00,0,0.0
38.850002,-117.25,2018-01-04 00:00:00,0,0.0
38.850002,-117.149994,2018-01-04 00:00:00,0,0.0
38.850002,-117.049995,2018-01-04 00:00:00,0,0.0
38.850002,-116.95,2018-01-04 00:00:00,0,0.0
38.850002,-116.84999,2018-01-04 00:00:00,0,0.0
38.850002,-116.75,2018-01-04 00:00:00,0,0.0
38.850002,-116.649994,2018-01-04 00:00:00,0,0.0
38.850002,-116.549995,2018-01-04 00:00:00,0,0.0
38.850002,-116.45,2018-01-04 00:00:00,0,0.0
38.850002,-116.34999,2018-01-04 00:00:00,0,0.0
38.850002,-116.25,2018-01-04 00:00:00,0,0.0
38.850002,-116.149994,2018-01-04 00:00:00,0,0.0
38.850002,-116.049995,2018-01-04 00:00:00,0,0.0
38.850002,-115.95,2018-01-04 00:00:00,0,0.0
38.850002,-115.85,2018-01-04 00:00:00,0,0.0
38.850002,-115.74999,2018-01-04 00:00:00,0,0.0
38.850002,-115.649994,2018-01-04 00:00:00,0,0.0
38.850002,-115.549995,2018-01-04 00:00:00,0,0.0
38.850002,-115.45,2018-01-04 00:00:00,0,0.0
38.850002,-115.35,2018-01-04 00:00:00,0,0.0
38.850002,-115.24999,2018-01-04 00:00:00,0,0.0
38.850002,-115.149994,2018-01-04 00:00:00,0,0.0
38.850002,-115.049995,2018-01-04 00:00:00,0,0.0
38.850002,-114.95,2018-01-04 00:00:00,0,0.0
38.850002,-114.85,2018-01-04 00:00:00,0,0.0
38.850002,-114.74999,2018-01-04 00:00:00,0,0.0
38.850002,-114.649994,2018-01-04 00:00:00,0,0.0
38.850002,-114.549995,2018-01-04 00:00:00,0,0.0
38.850002,-114.45,2018-01-04 00:00:00,0,0.0
38.850002,-114.35,2018-01-04 00:00:00,0,0.0
38.850002,-114.24999,2018-01-04 00:00:00,0,0.0
38.95001,-124.34999,2018-01-04 00:00:00,0,0.0
38.95001,-124.25,2018-01-04 00:00:00,0,0.0
38.95001,-124.149994,2018-01-04 00:00:00,0,0.0
38.95001,-124.049995,2018-01-04 00:00:00,0,0.0
38.95001,-123.95,2018-01-04 00:00:00,0,0.0
38.95001,-123.84999,2018-01-04 00:00:00,0,0.0
38.95001,-123.75,2018-01-04 00:00:00,0,0.0
38.95001,-123.649994,2018-01-04 00:00:00,0,0.04071302
38.95001,-123.549995,2018-01-04 00:00:00,0,1.50871
38.95001,-123.45,2018-01-04 00:00:00,0,2.712913
38.95001,-123.34999,2018-01-04 00:00:00,0,0.88662386
38.95001,-123.25,2018-01-04 00:00:00,0,0.043176547
38.95001,-123.149994,2018-01-04 00:00:00,0,0.048425168
38.95001,-123.049995,2018-01-04 00:00:00,0,0.009994423
38.95001,-122.95,2018-01-04 00:00:00,0,0.031884268
38.95001,-122.84999,2018-01-04 00:00:00,0,0.19892196
38.95001,-122.75,2018-01-04 00:00:00,0,0.20789322
38.95001,-122.649994,2018-01-04 00:00:00,0,0.079698816
38.95001,-122.549995,2018-01-04 00:00:00,0,0.055232253
38.95001,-122.45,2018-01-04 00:00:00,0,0.02676647
38.95001,-122.34999,2018-01-04 00:00:00,0,0.17980227
38.95001,-122.25,2018-01-04 00:00:00,0,1.0232456
38.95001,-122.149994,2018-01-04 00:00:00,0,2.4172387
38.95001,-122.049995,2018-01-04 00:00:00,0,5.213058
38.95001,-121.95,2018-01-04 00:00:00,0,5.54167
38.95001,-121.84999,2018-01-04 00:00:00,0,5.334296
38.95001,-121.75,2018-01-04 00:00:00,0,3.3200562
38.95001,-121.649994,2018-01-04 00:00:00,0,5.743668
38.95001,-121.549995,2018-01-04 00:00:00,0,5.4318376
38.95001,-121.45,2018-01-04 00:00:00,0,6.862456
38.95001,-121.34999,2018-01-04 00:00:00,0,7.597947
38.95001,-121.25,2018-01-04 00:00:00,0,6.0870395
38.95001,-121.149994,2018-01-04 00:00:00,0,6.5793447
38.95001,-121.049995,2018-01-04 00:00:00,0,7.105294
38.95001,-120.95,2018-01-04 00:00:00,0,4.2166142
38.95001,-120.84999,2018-01-04 00:00:00,0,0.0862
38.95001,-120.75,2018-01-04 00:00:00,0,0.117199995
38.95001,-120.649994,2018-01-04 00:00:00,0,8.506743
38.95001,-120.549995,2018-01-04 00:00:00,0,3.4865956
38.95001,-120.45,2018-01-04 00:00:00,0,3.651997
38.95001,-120.34999,2018-01-04 00:00:00,0,3.0958679
38.95001,-120.25,2018-01-04 00:00:00,0,0.2352
38.95001,-120.149994,2018-01-04 00:00:00,0,0.3388
38.95001,-120.049995,2018-01-04 00:00:00,0,0.47387782
38.95001,-119.95,2018-01-04 00:00:00,0,0.5123479
38.95001,-119.84999,2018-01-04 00:00:00,0,0.0
38.95001,-119.75,2018-01-04 00:00:00,0,0.0
38.95001,-119.649994,2018-01-04 00:00:00,0,0.0
38.95001,-119.549995,2018-01-04 00:00:00,0,0.0
38.95001,-119.45,2018-01-04 00:00:00,0,0.0
38.95001,-119.34999,2018-01-04 00:00:00,0,0.0
38.95001,-119.25,2018-01-04 00:00:00,0,0.0
38.95001,-119.149994,2018-01-04 00:00:00,0,0.0
38.95001,-119.049995,2018-01-04 00:00:00,0,0.0
38.95001,-118.95,2018-01-04 00:00:00,0,0.0
38.95001,-118.84999,2018-01-04 00:00:00,0,0.0
38.95001,-118.75,2018-01-04 00:00:00,0,0.0
38.95001,-118.649994,2018-01-04 00:00:00,0,0.0
38.95001,-118.549995,2018-01-04 00:00:00,0,0.0
38.95001,-118.45,2018-01-04 00:00:00,0,0.0
38.95001,-118.34999,2018-01-04 00:00:00,0,0.0
38.95001,-118.25,2018-01-04 00:00:00,0,0.0
38.95001,-118.149994,2018-01-04 00:00:00,0,0.0
38.95001,-118.049995,2018-01-04 00:00:00,0,0.0
38.95001,-117.95,2018-01-04 00:00:00,0,0.0
38.95001,-117.84999,2018-01-04 00:00:00,0,0.0
38.95001,-117.75,2018-01-04 00:00:00,0,0.0
38.95001,-117.649994,2018-01-04 00:00:00,0,0.0
38.95001,-117.549995,2018-01-04 00:00:00,0,0.0
38.95001,-117.45,2018-01-04 00:00:00,0,0.0
38.95001,-117.34999,2018-01-04 00:00:00,0,0.0
38.95001,-117.25,2018-01-04 00:00:00,0,0.0
38.95001,-117.149994,2018-01-04 00:00:00,0,0.0
38.95001,-117.049995,2018-01-04 00:00:00,0,0.0
38.95001,-116.95,2018-01-04 00:00:00,0,0.0
38.95001,-116.84999,2018-01-04 00:00:00,0,0.0
38.95001,-116.75,2018-01-04 00:00:00,0,0.0
38.95001,-116.649994,2018-01-04 00:00:00,0,0.0
38.95001,-116.549995,2018-01-04 00:00:00,0,0.0
38.95001,-116.45,2018-01-04 00:00:00,0,0.0
38.95001,-116.34999,2018-01-04 00:00:00,0,0.0
38.95001,-116.25,2018-01-04 00:00:00,0,0.0
38.95001,-116.149994,2018-01-04 00:00:00,0,0.0
38.95001,-116.049995,2018-01-04 00:00:00,0,0.0
38.95001,-115.95,2018-01-04 00:00:00,0,0.0
38.95001,-115.85,2018-01-04 00:00:00,0,0.0
38.95001,-115.74999,2018-01-04 00:00:00,0,0.0
38.95001,-115.649994,2018-01-04 00:00:00,0,0.0
38.95001,-115.549995,2018-01-04 00:00:00,0,0.0
38.95001,-115.45,2018-01-04 00:00:00,0,0.0
38.95001,-115.35,2018-01-04 00:00:00,0,0.0
38.95001,-115.24999,2018-01-04 00:00:00,0,0.0
38.95001,-115.149994,2018-01-04 00:00:00,0,0.0
38.95001,-115.049995,2018-01-04 00:00:00,0,0.0
38.95001,-114.95,2018-01-04 00:00:00,0,0.0
38.95001,-114.85,2018-01-04 00:00:00,0,0.0
38.95001,-114.74999,2018-01-04 00:00:00,0,0.0
38.95001,-114.649994,2018-01-04 00:00:00,0,0.0
38.95001,-114.549995,2018-01-04 00:00:00,0,0.0
38.95001,-114.45,2018-01-04 00:00:00,0,0.0
38.95001,-114.35,2018-01-04 00:00:00,0,0.0
38.95001,-114.24999,2018-01-04 00:00:00,0,0.0
39.05,-124.34999,2018-01-04 00:00:00,0,0.0
39.05,-124.25,2018-01-04 00:00:00,0,0.0
39.05,-124.149994,2018-01-04 00:00:00,0,0.0
39.05,-124.049995,2018-01-04 00:00:00,0,0.0
39.05,-123.95,2018-01-04 00:00:00,0,0.0
39.05,-123.84999,2018-01-04 00:00:00,0,0.0
39.05,-123.75,2018-01-04 00:00:00,0,0.0
39.05,-123.649994,2018-01-04 00:00:00,0,0.060416598
39.05,-123.549995,2018-01-04 00:00:00,0,1.1570857
39.05,-123.45,2018-01-04 00:00:00,0,1.8802396
39.05,-123.34999,2018-01-04 00:00:00,0,0.5993923
39.05,-123.25,2018-01-04 00:00:00,0,0.030940492
39.05,-123.149994,2018-01-04 00:00:00,0,0.05631554
39.05,-123.049995,2018-01-04 00:00:00,0,0.05194825
39.05,-122.95,2018-01-04 00:00:00,0,0.094880894
39.05,-122.84999,2018-01-04 00:00:00,0,0.20365676
39.05,-122.75,2018-01-04 00:00:00,0,0.15633507
39.05,-122.649994,2018-01-04 00:00:00,0,0.023321219
39.05,-122.549995,2018-01-04 00:00:00,0,0.016414048
39.05,-122.45,2018-01-04 00:00:00,0,0.005106464
39.05,-122.34999,2018-01-04 00:00:00,0,0.27969658
39.05,-122.25,2018-01-04 00:00:00,0,0.66268426
39.05,-122.149994,2018-01-04 00:00:00,0,1.6881393
39.05,-122.049995,2018-01-04 00:00:00,0,3.4245026
39.05,-121.95,2018-01-04 00:00:00,0,3.6667633
39.05,-121.84999,2018-01-04 00:00:00,0,3.3199077
39.05,-121.75,2018-01-04 00:00:00,0,2.2873776
39.05,-121.649994,2018-01-04 00:00:00,0,5.937822
39.05,-121.549995,2018-01-04 00:00:00,0,5.2261834
39.05,-121.45,2018-01-04 00:00:00,0,5.087516
39.05,-121.34999,2018-01-04 00:00:00,0,7.171809
39.05,-121.25,2018-01-04 00:00:00,0,6.987736
39.05,-121.149994,2018-01-04 00:00:00,0,9.431267
39.05,-121.049995,2018-01-04 00:00:00,0,8.572155
39.05,-120.95,2018-01-04 00:00:00,0,3.711227
39.05,-120.84999,2018-01-04 00:00:00,0,5.468698
39.05,-120.75,2018-01-04 00:00:00,0,5.527197
39.05,-120.649994,2018-01-04 00:00:00,0,7.9775324
39.05,-120.549995,2018-01-04 00:00:00,0,5.6702743
39.05,-120.45,2018-01-04 00:00:00,0,4.961858
39.05,-120.34999,2018-01-04 00:00:00,0,4.2754846
39.05,-120.25,2018-01-04 00:00:00,0,0.6127603
39.05,-120.149994,2018-01-04 00:00:00,0,0.060599998
39.05,-120.049995,2018-01-04 00:00:00,0,1.1593719
39.05,-119.95,2018-01-04 00:00:00,0,0.0
39.05,-119.84999,2018-01-04 00:00:00,0,0.0
39.05,-119.75,2018-01-04 00:00:00,0,0.0
39.05,-119.649994,2018-01-04 00:00:00,0,0.0
39.05,-119.549995,2018-01-04 00:00:00,0,0.0
39.05,-119.45,2018-01-04 00:00:00,0,0.0
39.05,-119.34999,2018-01-04 00:00:00,0,0.0
39.05,-119.25,2018-01-04 00:00:00,0,0.0
39.05,-119.149994,2018-01-04 00:00:00,0,0.0
39.05,-119.049995,2018-01-04 00:00:00,0,0.0
39.05,-118.95,2018-01-04 00:00:00,0,0.0
39.05,-118.84999,2018-01-04 00:00:00,0,0.0
39.05,-118.75,2018-01-04 00:00:00,0,0.0
39.05,-118.649994,2018-01-04 00:00:00,0,0.0
39.05,-118.549995,2018-01-04 00:00:00,0,0.0
39.05,-118.45,2018-01-04 00:00:00,0,0.0
39.05,-118.34999,2018-01-04 00:00:00,0,0.0
39.05,-118.25,2018-01-04 00:00:00,0,0.0
39.05,-118.149994,2018-01-04 00:00:00,0,0.0
39.05,-118.049995,2018-01-04 00:00:00,0,0.0
39.05,-117.95,2018-01-04 00:00:00,0,0.0
39.05,-117.84999,2018-01-04 00:00:00,0,0.0
39.05,-117.75,2018-01-04 00:00:00,0,0.0
39.05,-117.649994,2018-01-04 00:00:00,0,0.0
39.05,-117.549995,2018-01-04 00:00:00,0,0.0
39.05,-117.45,2018-01-04 00:00:00,0,0.0
39.05,-117.34999,2018-01-04 00:00:00,0,0.0
39.05,-117.25,2018-01-04 00:00:00,0,0.0
39.05,-117.149994,2018-01-04 00:00:00,0,0.0
39.05,-117.049995,2018-01-04 00:00:00,0,0.0
39.05,-116.95,2018-01-04 00:00:00,0,0.0
39.05,-116.84999,2018-01-04 00:00:00,0,0.0
39.05,-116.75,2018-01-04 00:00:00,0,0.0
39.05,-116.649994,2018-01-04 00:00:00,0,0.0
39.05,-116.549995,2018-01-04 00:00:00,0,0.0
39.05,-116.45,2018-01-04 00:00:00,0,0.0
39.05,-116.34999,2018-01-04 00:00:00,0,0.0
39.05,-116.25,2018-01-04 00:00:00,0,0.0
39.05,-116.149994,2018-01-04 00:00:00,0,0.0
39.05,-116.049995,2018-01-04 00:00:00,0,0.0
39.05,-115.95,2018-01-04 00:00:00,0,0.0
39.05,-115.85,2018-01-04 00:00:00,0,0.0
39.05,-115.74999,2018-01-04 00:00:00,0,0.0
39.05,-115.649994,2018-01-04 00:00:00,0,0.0
39.05,-115.549995,2018-01-04 00:00:00,0,0.0
39.05,-115.45,2018-01-04 00:00:00,0,0.0
39.05,-115.35,2018-01-04 00:00:00,0,0.0
39.05,-115.24999,2018-01-04 00:00:00,0,0.0
39.05,-115.149994,2018-01-04 00:00:00,0,0.0
39.05,-115.049995,2018-01-04 00:00:00,0,0.0
39.05,-114.95,2018-01-04 00:00:00,0,0.0
39.05,-114.85,2018-01-04 00:00:00,0,0.0
39.05,-114.74999,2018-01-04 00:00:00,0,0.0
39.05,-114.649994,2018-01-04 00:00:00,0,0.0
39.05,-114.549995,2018-01-04 00:00:00,0,0.0
39.05,-114.45,2018-01-04 00:00:00,0,0.0
39.05,-114.35,2018-01-04 00:00:00,0,0.0
39.05,-114.24999,2018-01-04 00:00:00,0,0.0
39.150005,-124.34999,2018-01-04 00:00:00,0,0.0
39.150005,-124.25,2018-01-04 00:00:00,0,0.0
39.150005,-124.149994,2018-01-04 00:00:00,0,0.0
39.150005,-124.049995,2018-01-04 00:00:00,0,0.0
39.150005,-123.95,2018-01-04 00:00:00,0,0.0
39.150005,-123.84999,2018-01-04 00:00:00,0,0.0
39.150005,-123.75,2018-01-04 00:00:00,0,0.0
39.150005,-123.649994,2018-01-04 00:00:00,0,0.10589377
39.150005,-123.549995,2018-01-04 00:00:00,0,0.7127025
39.150005,-123.45,2018-01-04 00:00:00,0,1.2529055
39.150005,-123.34999,2018-01-04 00:00:00,0,0.3895098
39.150005,-123.25,2018-01-04 00:00:00,0,0.012691004
39.150005,-123.149994,2018-01-04 00:00:00,0,0.024219267
39.150005,-123.049995,2018-01-04 00:00:00,0,0.059133075
39.150005,-122.95,2018-01-04 00:00:00,0,0.06577481
39.150005,-122.84999,2018-01-04 00:00:00,0,0.1342257
39.150005,-122.75,2018-01-04 00:00:00,0,0.10221848
39.150005,-122.649994,2018-01-04 00:00:00,0,0.006141311
39.150005,-122.549995,2018-01-04 00:00:00,0,0.002168553
39.150005,-122.45,2018-01-04 00:00:00,0,0.002831818
39.150005,-122.34999,2018-01-04 00:00:00,0,0.38611633
39.150005,-122.25,2018-01-04 00:00:00,0,0.705315
39.150005,-122.149994,2018-01-04 00:00:00,0,1.4820192
39.150005,-122.049995,2018-01-04 00:00:00,0,2.8383245
39.150005,-121.95,2018-01-04 00:00:00,0,2.946156
39.150005,-121.84999,2018-01-04 00:00:00,0,2.0099454
39.150005,-121.75,2018-01-04 00:00:00,0,1.7477627
39.150005,-121.649994,2018-01-04 00:00:00,0,6.6110573
39.150005,-121.549995,2018-01-04 00:00:00,0,4.594903
39.150005,-121.45,2018-01-04 00:00:00,0,3.2643337
39.150005,-121.34999,2018-01-04 00:00:00,0,6.528487
39.150005,-121.25,2018-01-04 00:00:00,0,7.5967026
39.150005,-121.149994,2018-01-04 00:00:00,0,10.89514
39.150005,-121.049995,2018-01-04 00:00:00,0,9.607748
39.150005,-120.95,2018-01-04 00:00:00,0,5.580729
39.150005,-120.84999,2018-01-04 00:00:00,0,7.771781
39.150005,-120.75,2018-01-04 00:00:00,0,7.337221
39.150005,-120.649994,2018-01-04 00:00:00,0,6.5265493
39.150005,-120.549995,2018-01-04 00:00:00,0,4.6252775
39.150005,-120.45,2018-01-04 00:00:00,0,3.930374
39.150005,-120.34999,2018-01-04 00:00:00,0,2.9089694
39.150005,-120.25,2018-01-04 00:00:00,0,0.0628
39.150005,-120.149994,2018-01-04 00:00:00,0,0.37021372
39.150005,-120.049995,2018-01-04 00:00:00,0,0.83565557
39.150005,-119.95,2018-01-04 00:00:00,0,0.0
39.150005,-119.84999,2018-01-04 00:00:00,0,0.0
39.150005,-119.75,2018-01-04 00:00:00,0,0.0
39.150005,-119.649994,2018-01-04 00:00:00,0,0.0
39.150005,-119.549995,2018-01-04 00:00:00,0,0.0
39.150005,-119.45,2018-01-04 00:00:00,0,0.0
39.150005,-119.34999,2018-01-04 00:00:00,0,0.0
39.150005,-119.25,2018-01-04 00:00:00,0,0.0
39.150005,-119.149994,2018-01-04 00:00:00,0,0.0
39.150005,-119.049995,2018-01-04 00:00:00,0,0.0
39.150005,-118.95,2018-01-04 00:00:00,0,0.0
39.150005,-118.84999,2018-01-04 00:00:00,0,0.0
39.150005,-118.75,2018-01-04 00:00:00,0,0.0
39.150005,-118.649994,2018-01-04 00:00:00,0,0.0
39.150005,-118.549995,2018-01-04 00:00:00,0,0.0
39.150005,-118.45,2018-01-04 00:00:00,0,0.0
39.150005,-118.34999,2018-01-04 00:00:00,0,0.0
39.150005,-118.25,2018-01-04 00:00:00,0,0.0
39.150005,-118.149994,2018-01-04 00:00:00,0,0.0
39.150005,-118.049995,2018-01-04 00:00:00,0,0.0
39.150005,-117.95,2018-01-04 00:00:00,0,0.0
39.150005,-117.84999,2018-01-04 00:00:00,0,0.0
39.150005,-117.75,2018-01-04 00:00:00,0,0.0
39.150005,-117.649994,2018-01-04 00:00:00,0,0.0
39.150005,-117.549995,2018-01-04 00:00:00,0,0.0
39.150005,-117.45,2018-01-04 00:00:00,0,0.0
39.150005,-117.34999,2018-01-04 00:00:00,0,0.0
39.150005,-117.25,2018-01-04 00:00:00,0,0.0
39.150005,-117.149994,2018-01-04 00:00:00,0,0.0
39.150005,-117.049995,2018-01-04 00:00:00,0,0.0
39.150005,-116.95,2018-01-04 00:00:00,0,0.0
39.150005,-116.84999,2018-01-04 00:00:00,0,0.0
39.150005,-116.75,2018-01-04 00:00:00,0,0.0
39.150005,-116.649994,2018-01-04 00:00:00,0,0.0
39.150005,-116.549995,2018-01-04 00:00:00,0,0.0
39.150005,-116.45,2018-01-04 00:00:00,0,0.0
39.150005,-116.34999,2018-01-04 00:00:00,0,0.0
39.150005,-116.25,2018-01-04 00:00:00,0,0.0
39.150005,-116.149994,2018-01-04 00:00:00,0,0.0
39.150005,-116.049995,2018-01-04 00:00:00,0,0.0
39.150005,-115.95,2018-01-04 00:00:00,0,0.0
39.150005,-115.85,2018-01-04 00:00:00,0,0.0
39.150005,-115.74999,2018-01-04 00:00:00,0,0.0
39.150005,-115.649994,2018-01-04 00:00:00,0,0.0
39.150005,-115.549995,2018-01-04 00:00:00,0,0.0
39.150005,-115.45,2018-01-04 00:00:00,0,0.0
39.150005,-115.35,2018-01-04 00:00:00,0,0.0
39.150005,-115.24999,2018-01-04 00:00:00,0,0.0
39.150005,-115.149994,2018-01-04 00:00:00,0,0.0
39.150005,-115.049995,2018-01-04 00:00:00,0,0.0
39.150005,-114.95,2018-01-04 00:00:00,0,0.0
39.150005,-114.85,2018-01-04 00:00:00,0,0.0
39.150005,-114.74999,2018-01-04 00:00:00,0,0.0
39.150005,-114.649994,2018-01-04 00:00:00,0,0.0
39.150005,-114.549995,2018-01-04 00:00:00,0,0.0
39.150005,-114.45,2018-01-04 00:00:00,0,0.0
39.150005,-114.35,2018-01-04 00:00:00,0,0.0
39.150005,-114.24999,2018-01-04 00:00:00,0,0.0
39.249996,-124.34999,2018-01-04 00:00:00,0,0.0
39.249996,-124.25,2018-01-04 00:00:00,0,0.0
39.249996,-124.149994,2018-01-04 00:00:00,0,0.0
39.249996,-124.049995,2018-01-04 00:00:00,0,0.0
39.249996,-123.95,2018-01-04 00:00:00,0,0.0
39.249996,-123.84999,2018-01-04 00:00:00,0,0.0
39.249996,-123.75,2018-01-04 00:00:00,0,0.06657419
39.249996,-123.649994,2018-01-04 00:00:00,0,0.48146114
39.249996,-123.549995,2018-01-04 00:00:00,0,0.6110386
39.249996,-123.45,2018-01-04 00:00:00,0,0.7268023
39.249996,-123.34999,2018-01-04 00:00:00,0,0.22634909
39.249996,-123.25,2018-01-04 00:00:00,0,0.009648047
39.249996,-123.149994,2018-01-04 00:00:00,0,0.009506313
39.249996,-123.049995,2018-01-04 00:00:00,0,0.02532854
39.249996,-122.95,2018-01-04 00:00:00,0,0.04687344
39.249996,-122.84999,2018-01-04 00:00:00,0,0.11260939
39.249996,-122.75,2018-01-04 00:00:00,0,0.07927808
39.249996,-122.649994,2018-01-04 00:00:00,0,0.0027212915
39.249996,-122.549995,2018-01-04 00:00:00,0,0.24280001
39.249996,-122.45,2018-01-04 00:00:00,0,0.00037345866
39.249996,-122.34999,2018-01-04 00:00:00,0,0.5279005
39.249996,-122.25,2018-01-04 00:00:00,0,0.9604207
39.249996,-122.149994,2018-01-04 00:00:00,0,1.5464909
39.249996,-122.049995,2018-01-04 00:00:00,0,2.9093003
39.249996,-121.95,2018-01-04 00:00:00,0,2.1850019
39.249996,-121.84999,2018-01-04 00:00:00,0,0.7566297
39.249996,-121.75,2018-01-04 00:00:00,0,0.99581254
39.249996,-121.649994,2018-01-04 00:00:00,0,7.2044106
39.249996,-121.549995,2018-01-04 00:00:00,0,4.081877
39.249996,-121.45,2018-01-04 00:00:00,0,1.6077015
39.249996,-121.34999,2018-01-04 00:00:00,0,5.8697243
39.249996,-121.25,2018-01-04 00:00:00,0,8.358773
39.249996,-121.149994,2018-01-04 00:00:00,0,12.175332
39.249996,-121.049995,2018-01-04 00:00:00,0,9.876798
39.249996,-120.95,2018-01-04 00:00:00,0,6.415778
39.249996,-120.84999,2018-01-04 00:00:00,0,9.363375
39.249996,-120.75,2018-01-04 00:00:00,0,7.6753516
39.249996,-120.649994,2018-01-04 00:00:00,0,5.833752
39.249996,-120.549995,2018-01-04 00:00:00,0,4.0960455
39.249996,-120.45,2018-01-04 00:00:00,0,2.6410468
39.249996,-120.34999,2018-01-04 00:00:00,0,0.153
39.249996,-120.25,2018-01-04 00:00:00,0,0.12859999
39.249996,-120.149994,2018-01-04 00:00:00,0,0.939957
39.249996,-120.049995,2018-01-04 00:00:00,0,0.950203
39.249996,-119.95,2018-01-04 00:00:00,0,0.0
39.249996,-119.84999,2018-01-04 00:00:00,0,0.0
39.249996,-119.75,2018-01-04 00:00:00,0,0.0
39.249996,-119.649994,2018-01-04 00:00:00,0,0.0
39.249996,-119.549995,2018-01-04 00:00:00,0,0.0
39.249996,-119.45,2018-01-04 00:00:00,0,0.0
39.249996,-119.34999,2018-01-04 00:00:00,0,0.0
39.249996,-119.25,2018-01-04 00:00:00,0,0.0
39.249996,-119.149994,2018-01-04 00:00:00,0,0.0
39.249996,-119.049995,2018-01-04 00:00:00,0,0.0
39.249996,-118.95,2018-01-04 00:00:00,0,0.0
39.249996,-118.84999,2018-01-04 00:00:00,0,0.0
39.249996,-118.75,2018-01-04 00:00:00,0,0.0
39.249996,-118.649994,2018-01-04 00:00:00,0,0.0
39.249996,-118.549995,2018-01-04 00:00:00,0,0.0
39.249996,-118.45,2018-01-04 00:00:00,0,0.0
39.249996,-118.34999,2018-01-04 00:00:00,0,0.0
39.249996,-118.25,2018-01-04 00:00:00,0,0.0
39.249996,-118.149994,2018-01-04 00:00:00,0,0.0
39.249996,-118.049995,2018-01-04 00:00:00,0,0.0
39.249996,-117.95,2018-01-04 00:00:00,0,0.0
39.249996,-117.84999,2018-01-04 00:00:00,0,0.0
39.249996,-117.75,2018-01-04 00:00:00,0,0.0
39.249996,-117.649994,2018-01-04 00:00:00,0,0.0
39.249996,-117.549995,2018-01-04 00:00:00,0,0.0
39.249996,-117.45,2018-01-04 00:00:00,0,0.0
39.249996,-117.34999,2018-01-04 00:00:00,0,0.0
39.249996,-117.25,2018-01-04 00:00:00,0,0.0
39.249996,-117.149994,2018-01-04 00:00:00,0,0.0
39.249996,-117.049995,2018-01-04 00:00:00,0,0.0
39.249996,-116.95,2018-01-04 00:00:00,0,0.0
39.249996,-116.84999,2018-01-04 00:00:00,0,0.0
39.249996,-116.75,2018-01-04 00:00:00,0,0.0
39.249996,-116.649994,2018-01-04 00:00:00,0,0.0
39.249996,-116.549995,2018-01-04 00:00:00,0,0.0
39.249996,-116.45,2018-01-04 00:00:00,0,0.0
39.249996,-116.34999,2018-01-04 00:00:00,0,0.0
39.249996,-116.25,2018-01-04 00:00:00,0,0.0
39.249996,-116.149994,2018-01-04 00:00:00,0,0.0
39.249996,-116.049995,2018-01-04 00:00:00,0,0.0
39.249996,-115.95,2018-01-04 00:00:00,0,0.0
39.249996,-115.85,2018-01-04 00:00:00,0,0.0
39.249996,-115.74999,2018-01-04 00:00:00,0,0.0
39.249996,-115.649994,2018-01-04 00:00:00,0,0.0
39.249996,-115.549995,2018-01-04 00:00:00,0,0.0
39.249996,-115.45,2018-01-04 00:00:00,0,0.0
39.249996,-115.35,2018-01-04 00:00:00,0,0.0
39.249996,-115.24999,2018-01-04 00:00:00,0,0.0
39.249996,-115.149994,2018-01-04 00:00:00,0,0.0
39.249996,-115.049995,2018-01-04 00:00:00,0,0.0
39.249996,-114.95,2018-01-04 00:00:00,0,0.0
39.249996,-114.85,2018-01-04 00:00:00,0,0.0
39.249996,-114.74999,2018-01-04 00:00:00,0,0.0
39.249996,-114.649994,2018-01-04 00:00:00,0,0.0
39.249996,-114.549995,2018-01-04 00:00:00,0,0.0
39.249996,-114.45,2018-01-04 00:00:00,0,0.0
39.249996,-114.35,2018-01-04 00:00:00,0,0.0
39.249996,-114.24999,2018-01-04 00:00:00,0,0.0
39.350002,-124.34999,2018-01-04 00:00:00,0,0.0
39.350002,-124.25,2018-01-04 00:00:00,0,0.0
39.350002,-124.149994,2018-01-04 00:00:00,0,0.0
39.350002,-124.049995,2018-01-04 00:00:00,0,0.0
39.350002,-123.95,2018-01-04 00:00:00,0,0.0
39.350002,-123.84999,2018-01-04 00:00:00,0,0.0
39.350002,-123.75,2018-01-04 00:00:00,0,1.6212412
39.350002,-123.649994,2018-01-04 00:00:00,0,0.7049242
39.350002,-123.549995,2018-01-04 00:00:00,0,0.39447656
39.350002,-123.45,2018-01-04 00:00:00,0,0.49567008
39.350002,-123.34999,2018-01-04 00:00:00,0,0.12081866
39.350002,-123.25,2018-01-04 00:00:00,0,0.0028309566
39.350002,-123.149994,2018-01-04 00:00:00,0,0.0062233834
39.350002,-123.049995,2018-01-04 00:00:00,0,0.021178285
39.350002,-122.95,2018-01-04 00:00:00,0,0.043855857
39.350002,-122.84999,2018-01-04 00:00:00,0,0.08390913
39.350002,-122.75,2018-01-04 00:00:00,0,0.07662318
39.350002,-122.649994,2018-01-04 00:00:00,0,0.00241089
39.350002,-122.549995,2018-01-04 00:00:00,0,0.00011670583
39.350002,-122.45,2018-01-04 00:00:00,0,0.0
39.350002,-122.34999,2018-01-04 00:00:00,0,0.71205753
39.350002,-122.25,2018-01-04 00:00:00,0,1.2776592
39.350002,-122.149994,2018-01-04 00:00:00,0,2.1271286
39.350002,-122.049995,2018-01-04 00:00:00,0,3.0046155
39.350002,-121.95,2018-01-04 00:00:00,0,2.0947921
39.350002,-121.84999,2018-01-04 00:00:00,0,0.40046144
39.350002,-121.75,2018-01-04 00:00:00,0,0.7089962
39.350002,-121.649994,2018-01-04 00:00:00,0,5.53422
39.350002,-121.549995,2018-01-04 00:00:00,0,2.927736
39.350002,-121.45,2018-01-04 00:00:00,0,1.0886097
39.350002,-121.34999,2018-01-04 00:00:00,0,4.943542
39.350002,-121.25,2018-01-04 00:00:00,0,9.247462
39.350002,-121.149994,2018-01-04 00:00:00,0,12.840205
39.350002,-121.049995,2018-01-04 00:00:00,0,8.701736
39.350002,-120.95,2018-01-04 00:00:00,0,6.169469
39.350002,-120.84999,2018-01-04 00:00:00,0,8.24486
39.350002,-120.75,2018-01-04 00:00:00,0,6.4025526
39.350002,-120.649994,2018-01-04 00:00:00,0,5.5828915
39.350002,-120.549995,2018-01-04 00:00:00,0,3.9010928
39.350002,-120.45,2018-01-04 00:00:00,0,2.2239895
39.350002,-120.34999,2018-01-04 00:00:00,0,0.1946
39.350002,-120.25,2018-01-04 00:00:00,0,1.2222507
39.350002,-120.149994,2018-01-04 00:00:00,0,1.3457447
39.350002,-120.049995,2018-01-04 00:00:00,0,0.6382421
39.350002,-119.95,2018-01-04 00:00:00,0,0.0
39.350002,-119.84999,2018-01-04 00:00:00,0,0.0
39.350002,-119.75,2018-01-04 00:00:00,0,0.0
39.350002,-119.649994,2018-01-04 00:00:00,0,0.0
39.350002,-119.549995,2018-01-04 00:00:00,0,0.0
39.350002,-119.45,2018-01-04 00:00:00,0,0.0
39.350002,-119.34999,2018-01-04 00:00:00,0,0.0
39.350002,-119.25,2018-01-04 00:00:00,0,0.0
39.350002,-119.149994,2018-01-04 00:00:00,0,0.0
39.350002,-119.049995,2018-01-04 00:00:00,0,0.0
39.350002,-118.95,2018-01-04 00:00:00,0,0.0
39.350002,-118.84999,2018-01-04 00:00:00,0,0.0
39.350002,-118.75,2018-01-04 00:00:00,0,0.0
39.350002,-118.649994,2018-01-04 00:00:00,0,0.0
39.350002,-118.549995,2018-01-04 00:00:00,0,0.0
39.350002,-118.45,2018-01-04 00:00:00,0,0.0
39.350002,-118.34999,2018-01-04 00:00:00,0,0.0
39.350002,-118.25,2018-01-04 00:00:00,0,0.0
39.350002,-118.149994,2018-01-04 00:00:00,0,0.0
39.350002,-118.049995,2018-01-04 00:00:00,0,0.0
39.350002,-117.95,2018-01-04 00:00:00,0,0.0
39.350002,-117.84999,2018-01-04 00:00:00,0,0.0
39.350002,-117.75,2018-01-04 00:00:00,0,0.0
39.350002,-117.649994,2018-01-04 00:00:00,0,0.0
39.350002,-117.549995,2018-01-04 00:00:00,0,0.0
39.350002,-117.45,2018-01-04 00:00:00,0,0.0
39.350002,-117.34999,2018-01-04 00:00:00,0,0.0
39.350002,-117.25,2018-01-04 00:00:00,0,0.0
39.350002,-117.149994,2018-01-04 00:00:00,0,0.0
39.350002,-117.049995,2018-01-04 00:00:00,0,0.0
39.350002,-116.95,2018-01-04 00:00:00,0,0.0
39.350002,-116.84999,2018-01-04 00:00:00,0,0.0
39.350002,-116.75,2018-01-04 00:00:00,0,0.0
39.350002,-116.649994,2018-01-04 00:00:00,0,0.0
39.350002,-116.549995,2018-01-04 00:00:00,0,0.0
39.350002,-116.45,2018-01-04 00:00:00,0,0.0
39.350002,-116.34999,2018-01-04 00:00:00,0,0.0
39.350002,-116.25,2018-01-04 00:00:00,0,0.0
39.350002,-116.149994,2018-01-04 00:00:00,0,0.0
39.350002,-116.049995,2018-01-04 00:00:00,0,0.0
39.350002,-115.95,2018-01-04 00:00:00,0,0.0
39.350002,-115.85,2018-01-04 00:00:00,0,0.0
39.350002,-115.74999,2018-01-04 00:00:00,0,0.0
39.350002,-115.649994,2018-01-04 00:00:00,0,0.0
39.350002,-115.549995,2018-01-04 00:00:00,0,0.0
39.350002,-115.45,2018-01-04 00:00:00,0,0.0
39.350002,-115.35,2018-01-04 00:00:00,0,0.0
39.350002,-115.24999,2018-01-04 00:00:00,0,0.0
39.350002,-115.149994,2018-01-04 00:00:00,0,0.0
39.350002,-115.049995,2018-01-04 00:00:00,0,0.0
39.350002,-114.95,2018-01-04 00:00:00,0,0.0
39.350002,-114.85,2018-01-04 00:00:00,0,0.0
39.350002,-114.74999,2018-01-04 00:00:00,0,0.0
39.350002,-114.649994,2018-01-04 00:00:00,0,0.0
39.350002,-114.549995,2018-01-04 00:00:00,0,0.0
39.350002,-114.45,2018-01-04 00:00:00,0,0.0
39.350002,-114.35,2018-01-04 00:00:00,0,0.0
39.350002,-114.24999,2018-01-04 00:00:00,0,0.0
39.45001,-124.34999,2018-01-04 00:00:00,0,0.0
39.45001,-124.25,2018-01-04 00:00:00,0,0.0
39.45001,-124.149994,2018-01-04 00:00:00,0,0.0
39.45001,-124.049995,2018-01-04 00:00:00,0,0.0
39.45001,-123.95,2018-01-04 00:00:00,0,0.0
39.45001,-123.84999,2018-01-04 00:00:00,0,0.0
39.45001,-123.75,2018-01-04 00:00:00,0,1.7328304
39.45001,-123.649994,2018-01-04 00:00:00,0,0.5478359
39.45001,-123.549995,2018-01-04 00:00:00,0,0.42085326
39.45001,-123.45,2018-01-04 00:00:00,0,0.35785657
39.45001,-123.34999,2018-01-04 00:00:00,0,0.1484008
39.45001,-123.25,2018-01-04 00:00:00,0,0.0010017412
39.45001,-123.149994,2018-01-04 00:00:00,0,0.002551459
39.45001,-123.049995,2018-01-04 00:00:00,0,0.007289679
39.45001,-122.95,2018-01-04 00:00:00,0,0.037403803
39.45001,-122.84999,2018-01-04 00:00:00,0,0.05608744
39.45001,-122.75,2018-01-04 00:00:00,0,0.051618464
39.45001,-122.649994,2018-01-04 00:00:00,0,0.008349756
39.45001,-122.549995,2018-01-04 00:00:00,0,0.0
39.45001,-122.45,2018-01-04 00:00:00,0,0.0
39.45001,-122.34999,2018-01-04 00:00:00,0,0.8729533
39.45001,-122.25,2018-01-04 00:00:00,0,2.2274399
39.45001,-122.149994,2018-01-04 00:00:00,0,2.1649268
39.45001,-122.049995,2018-01-04 00:00:00,0,3.4295678
39.45001,-121.95,2018-01-04 00:00:00,0,2.1836338
39.45001,-121.84999,2018-01-04 00:00:00,0,0.17864224
39.45001,-121.75,2018-01-04 00:00:00,0,0.6236021
39.45001,-121.649994,2018-01-04 00:00:00,0,2.7829263
39.45001,-121.549995,2018-01-04 00:00:00,0,1.4289224
39.45001,-121.45,2018-01-04 00:00:00,0,1.3039316
39.45001,-121.34999,2018-01-04 00:00:00,0,4.51532
39.45001,-121.25,2018-01-04 00:00:00,0,10.038649
39.45001,-121.149994,2018-01-04 00:00:00,0,13.435885
39.45001,-121.049995,2018-01-04 00:00:00,0,7.794064
39.45001,-120.95,2018-01-04 00:00:00,0,5.2330265
39.45001,-120.84999,2018-01-04 00:00:00,0,6.5561028
39.45001,-120.75,2018-01-04 00:00:00,0,5.3048773
39.45001,-120.649994,2018-01-04 00:00:00,0,5.3733573
39.45001,-120.549995,2018-01-04 00:00:00,0,3.8051488
39.45001,-120.45,2018-01-04 00:00:00,0,1.7004925
39.45001,-120.34999,2018-01-04 00:00:00,0,0.1296
39.45001,-120.25,2018-01-04 00:00:00,0,1.1110741
39.45001,-120.149994,2018-01-04 00:00:00,0,0.92276055
39.45001,-120.049995,2018-01-04 00:00:00,0,0.42110226
39.45001,-119.95,2018-01-04 00:00:00,0,0.0
39.45001,-119.84999,2018-01-04 00:00:00,0,0.0
39.45001,-119.75,2018-01-04 00:00:00,0,0.0
39.45001,-119.649994,2018-01-04 00:00:00,0,0.0
39.45001,-119.549995,2018-01-04 00:00:00,0,0.0
39.45001,-119.45,2018-01-04 00:00:00,0,0.0
39.45001,-119.34999,2018-01-04 00:00:00,0,0.0
39.45001,-119.25,2018-01-04 00:00:00,0,0.0
39.45001,-119.149994,2018-01-04 00:00:00,0,0.0
39.45001,-119.049995,2018-01-04 00:00:00,0,0.0
39.45001,-118.95,2018-01-04 00:00:00,0,0.0
39.45001,-118.84999,2018-01-04 00:00:00,0,0.0
39.45001,-118.75,2018-01-04 00:00:00,0,0.0
39.45001,-118.649994,2018-01-04 00:00:00,0,0.0
39.45001,-118.549995,2018-01-04 00:00:00,0,0.0
39.45001,-118.45,2018-01-04 00:00:00,0,0.0
39.45001,-118.34999,2018-01-04 00:00:00,0,0.0
39.45001,-118.25,2018-01-04 00:00:00,0,0.0
39.45001,-118.149994,2018-01-04 00:00:00,0,0.0
39.45001,-118.049995,2018-01-04 00:00:00,0,0.0
39.45001,-117.95,2018-01-04 00:00:00,0,0.0
39.45001,-117.84999,2018-01-04 00:00:00,0,0.0
39.45001,-117.75,2018-01-04 00:00:00,0,0.0
39.45001,-117.649994,2018-01-04 00:00:00,0,0.0
39.45001,-117.549995,2018-01-04 00:00:00,0,0.0
39.45001,-117.45,2018-01-04 00:00:00,0,0.0
39.45001,-117.34999,2018-01-04 00:00:00,0,0.0
39.45001,-117.25,2018-01-04 00:00:00,0,0.0
39.45001,-117.149994,2018-01-04 00:00:00,0,0.0
39.45001,-117.049995,2018-01-04 00:00:00,0,0.0
39.45001,-116.95,2018-01-04 00:00:00,0,0.0
39.45001,-116.84999,2018-01-04 00:00:00,0,0.0
39.45001,-116.75,2018-01-04 00:00:00,0,0.0
39.45001,-116.649994,2018-01-04 00:00:00,0,0.0
39.45001,-116.549995,2018-01-04 00:00:00,0,0.0
39.45001,-116.45,2018-01-04 00:00:00,0,0.0
39.45001,-116.34999,2018-01-04 00:00:00,0,0.0
39.45001,-116.25,2018-01-04 00:00:00,0,0.0
39.45001,-116.149994,2018-01-04 00:00:00,0,0.0
39.45001,-116.049995,2018-01-04 00:00:00,0,0.0
39.45001,-115.95,2018-01-04 00:00:00,0,0.0
39.45001,-115.85,2018-01-04 00:00:00,0,0.0
39.45001,-115.74999,2018-01-04 00:00:00,0,0.0
39.45001,-115.649994,2018-01-04 00:00:00,0,0.0
39.45001,-115.549995,2018-01-04 00:00:00,0,0.0
39.45001,-115.45,2018-01-04 00:00:00,0,0.0
39.45001,-115.35,2018-01-04 00:00:00,0,0.0
39.45001,-115.24999,2018-01-04 00:00:00,0,0.0
39.45001,-115.149994,2018-01-04 00:00:00,0,0.0
39.45001,-115.049995,2018-01-04 00:00:00,0,0.0
39.45001,-114.95,2018-01-04 00:00:00,0,0.0
39.45001,-114.85,2018-01-04 00:00:00,0,0.0
39.45001,-114.74999,2018-01-04 00:00:00,0,0.0
39.45001,-114.649994,2018-01-04 00:00:00,0,0.0
39.45001,-114.549995,2018-01-04 00:00:00,0,0.0
39.45001,-114.45,2018-01-04 00:00:00,0,0.0
39.45001,-114.35,2018-01-04 00:00:00,0,0.0
39.45001,-114.24999,2018-01-04 00:00:00,0,0.0
39.55,-124.34999,2018-01-04 00:00:00,0,0.0
39.55,-124.25,2018-01-04 00:00:00,0,0.0
39.55,-124.149994,2018-01-04 00:00:00,0,0.0
39.55,-124.049995,2018-01-04 00:00:00,0,0.0
39.55,-123.95,2018-01-04 00:00:00,0,0.0
39.55,-123.84999,2018-01-04 00:00:00,0,0.0
39.55,-123.75,2018-01-04 00:00:00,0,2.6063507
39.55,-123.649994,2018-01-04 00:00:00,0,0.4255842
39.55,-123.549995,2018-01-04 00:00:00,0,0.4255379
39.55,-123.45,2018-01-04 00:00:00,0,0.39886832
39.55,-123.34999,2018-01-04 00:00:00,0,0.20929457
39.55,-123.25,2018-01-04 00:00:00,0,0.014372825
39.55,-123.149994,2018-01-04 00:00:00,0,0.0013436937
39.55,-123.049995,2018-01-04 00:00:00,0,0.021002596
39.55,-122.95,2018-01-04 00:00:00,0,0.029583327
39.55,-122.84999,2018-01-04 00:00:00,0,0.033303004
39.55,-122.75,2018-01-04 00:00:00,0,0.029975176
39.55,-122.649994,2018-01-04 00:00:00,0,0.0051744236
39.55,-122.549995,2018-01-04 00:00:00,0,0.007232535
39.55,-122.45,2018-01-04 00:00:00,0,0.0
39.55,-122.34999,2018-01-04 00:00:00,0,1.054267
39.55,-122.25,2018-01-04 00:00:00,0,2.9208586
39.55,-122.149994,2018-01-04 00:00:00,0,2.4703336
39.55,-122.049995,2018-01-04 00:00:00,0,3.6893375
39.55,-121.95,2018-01-04 00:00:00,0,2.3964372
39.55,-121.84999,2018-01-04 00:00:00,0,0.47634983
39.55,-121.75,2018-01-04 00:00:00,0,0.39311785
39.55,-121.649994,2018-01-04 00:00:00,0,1.0537765
39.55,-121.549995,2018-01-04 00:00:00,0,1.1444961
39.55,-121.45,2018-01-04 00:00:00,0,1.8046726
39.55,-121.34999,2018-01-04 00:00:00,0,4.38815
39.55,-121.25,2018-01-04 00:00:00,0,9.973791
39.55,-121.149994,2018-01-04 00:00:00,0,14.593479
39.55,-121.049995,2018-01-04 00:00:00,0,8.208165
39.55,-120.95,2018-01-04 00:00:00,0,4.4024105
39.55,-120.84999,2018-01-04 00:00:00,0,6.4758086
39.55,-120.75,2018-01-04 00:00:00,0,5.160961
39.55,-120.649994,2018-01-04 00:00:00,0,5.099788
39.55,-120.549995,2018-01-04 00:00:00,0,3.4065948
39.55,-120.45,2018-01-04 00:00:00,0,1.5491557
39.55,-120.34999,2018-01-04 00:00:00,0,0.95027673
39.55,-120.25,2018-01-04 00:00:00,0,0.5717235
39.55,-120.149994,2018-01-04 00:00:00,0,0.2396585
39.55,-120.049995,2018-01-04 00:00:00,0,0.7471756
39.55,-119.95,2018-01-04 00:00:00,0,0.0
39.55,-119.84999,2018-01-04 00:00:00,0,0.0
39.55,-119.75,2018-01-04 00:00:00,0,0.0
39.55,-119.649994,2018-01-04 00:00:00,0,0.0
39.55,-119.549995,2018-01-04 00:00:00,0,0.0
39.55,-119.45,2018-01-04 00:00:00,0,0.0
39.55,-119.34999,2018-01-04 00:00:00,0,0.0
39.55,-119.25,2018-01-04 00:00:00,0,0.0
39.55,-119.149994,2018-01-04 00:00:00,0,0.0
39.55,-119.049995,2018-01-04 00:00:00,0,0.0
39.55,-118.95,2018-01-04 00:00:00,0,0.0
39.55,-118.84999,2018-01-04 00:00:00,0,0.0
39.55,-118.75,2018-01-04 00:00:00,0,0.0
39.55,-118.649994,2018-01-04 00:00:00,0,0.0
39.55,-118.549995,2018-01-04 00:00:00,0,0.0
39.55,-118.45,2018-01-04 00:00:00,0,0.0
39.55,-118.34999,2018-01-04 00:00:00,0,0.0
39.55,-118.25,2018-01-04 00:00:00,0,0.0
39.55,-118.149994,2018-01-04 00:00:00,0,0.0
39.55,-118.049995,2018-01-04 00:00:00,0,0.0
39.55,-117.95,2018-01-04 00:00:00,0,0.0
39.55,-117.84999,2018-01-04 00:00:00,0,0.0
39.55,-117.75,2018-01-04 00:00:00,0,0.0
39.55,-117.649994,2018-01-04 00:00:00,0,0.0
39.55,-117.549995,2018-01-04 00:00:00,0,0.0
39.55,-117.45,2018-01-04 00:00:00,0,0.0
39.55,-117.34999,2018-01-04 00:00:00,0,0.0
39.55,-117.25,2018-01-04 00:00:00,0,0.0
39.55,-117.149994,2018-01-04 00:00:00,0,0.0
39.55,-117.049995,2018-01-04 00:00:00,0,0.0
39.55,-116.95,2018-01-04 00:00:00,0,0.0
39.55,-116.84999,2018-01-04 00:00:00,0,0.0
39.55,-116.75,2018-01-04 00:00:00,0,0.0
39.55,-116.649994,2018-01-04 00:00:00,0,0.0
39.55,-116.549995,2018-01-04 00:00:00,0,0.0
39.55,-116.45,2018-01-04 00:00:00,0,0.0
39.55,-116.34999,2018-01-04 00:00:00,0,0.0
39.55,-116.25,2018-01-04 00:00:00,0,0.0
39.55,-116.149994,2018-01-04 00:00:00,0,0.0
39.55,-116.049995,2018-01-04 00:00:00,0,0.0
39.55,-115.95,2018-01-04 00:00:00,0,0.0
39.55,-115.85,2018-01-04 00:00:00,0,0.0
39.55,-115.74999,2018-01-04 00:00:00,0,0.0
39.55,-115.649994,2018-01-04 00:00:00,0,0.0
39.55,-115.549995,2018-01-04 00:00:00,0,0.0
39.55,-115.45,2018-01-04 00:00:00,0,0.0
39.55,-115.35,2018-01-04 00:00:00,0,0.0
39.55,-115.24999,2018-01-04 00:00:00,0,0.0
39.55,-115.149994,2018-01-04 00:00:00,0,0.0
39.55,-115.049995,2018-01-04 00:00:00,0,0.0
39.55,-114.95,2018-01-04 00:00:00,0,0.0
39.55,-114.85,2018-01-04 00:00:00,0,0.0
39.55,-114.74999,2018-01-04 00:00:00,0,0.0
39.55,-114.649994,2018-01-04 00:00:00,0,0.0
39.55,-114.549995,2018-01-04 00:00:00,0,0.0
39.55,-114.45,2018-01-04 00:00:00,0,0.0
39.55,-114.35,2018-01-04 00:00:00,0,0.0
39.55,-114.24999,2018-01-04 00:00:00,0,0.0
39.650005,-124.34999,2018-01-04 00:00:00,0,0.0
39.650005,-124.25,2018-01-04 00:00:00,0,0.0
39.650005,-124.149994,2018-01-04 00:00:00,0,0.0
39.650005,-124.049995,2018-01-04 00:00:00,0,0.0
39.650005,-123.95,2018-01-04 00:00:00,0,0.0
39.650005,-123.84999,2018-01-04 00:00:00,0,0.0
39.650005,-123.75,2018-01-04 00:00:00,0,2.8626676
39.650005,-123.649994,2018-01-04 00:00:00,0,0.29446885
39.650005,-123.549995,2018-01-04 00:00:00,0,0.43042505
39.650005,-123.45,2018-01-04 00:00:00,0,0.3381668
39.650005,-123.34999,2018-01-04 00:00:00,0,0.2611636
39.650005,-123.25,2018-01-04 00:00:00,0,0.056681927
39.650005,-123.149994,2018-01-04 00:00:00,0,0.058262393
39.650005,-123.049995,2018-01-04 00:00:00,0,0.07683316
39.650005,-122.95,2018-01-04 00:00:00,0,0.19644219
39.650005,-122.84999,2018-01-04 00:00:00,0,0.0724634
39.650005,-122.75,2018-01-04 00:00:00,0,0.09301973
39.650005,-122.649994,2018-01-04 00:00:00,0,0.07553231
39.650005,-122.549995,2018-01-04 00:00:00,0,0.09339357
39.650005,-122.45,2018-01-04 00:00:00,0,0.27024356
39.650005,-122.34999,2018-01-04 00:00:00,0,1.0685253
39.650005,-122.25,2018-01-04 00:00:00,0,2.9590816
39.650005,-122.149994,2018-01-04 00:00:00,0,2.9328804
39.650005,-122.049995,2018-01-04 00:00:00,0,3.54472
39.650005,-121.95,2018-01-04 00:00:00,0,2.1671164
39.650005,-121.84999,2018-01-04 00:00:00,0,0.3787716
39.650005,-121.75,2018-01-04 00:00:00,0,0.27179933
39.650005,-121.649994,2018-01-04 00:00:00,0,0.3398335
39.650005,-121.549995,2018-01-04 00:00:00,0,1.6768401
39.650005,-121.45,2018-01-04 00:00:00,0,3.0648842
39.650005,-121.34999,2018-01-04 00:00:00,0,5.2415104
39.650005,-121.25,2018-01-04 00:00:00,0,8.208384
39.650005,-121.149994,2018-01-04 00:00:00,0,10.75532
39.650005,-121.049995,2018-01-04 00:00:00,0,8.50279
39.650005,-120.95,2018-01-04 00:00:00,0,3.9852498
39.650005,-120.84999,2018-01-04 00:00:00,0,6.3827147
39.650005,-120.75,2018-01-04 00:00:00,0,4.6224256
39.650005,-120.649994,2018-01-04 00:00:00,0,4.192714
39.650005,-120.549995,2018-01-04 00:00:00,0,2.506785
39.650005,-120.45,2018-01-04 00:00:00,0,0.68073595
39.650005,-120.34999,2018-01-04 00:00:00,0,0.56034404
39.650005,-120.25,2018-01-04 00:00:00,0,0.36440423
39.650005,-120.149994,2018-01-04 00:00:00,0,0.13445638
39.650005,-120.049995,2018-01-04 00:00:00,0,2.1925735
39.650005,-119.95,2018-01-04 00:00:00,0,0.0
39.650005,-119.84999,2018-01-04 00:00:00,0,0.0
39.650005,-119.75,2018-01-04 00:00:00,0,0.0
39.650005,-119.649994,2018-01-04 00:00:00,0,0.0
39.650005,-119.549995,2018-01-04 00:00:00,0,0.0
39.650005,-119.45,2018-01-04 00:00:00,0,0.0
39.650005,-119.34999,2018-01-04 00:00:00,0,0.0
39.650005,-119.25,2018-01-04 00:00:00,0,0.0
39.650005,-119.149994,2018-01-04 00:00:00,0,0.0
39.650005,-119.049995,2018-01-04 00:00:00,0,0.0
39.650005,-118.95,2018-01-04 00:00:00,0,0.0
39.650005,-118.84999,2018-01-04 00:00:00,0,0.0
39.650005,-118.75,2018-01-04 00:00:00,0,0.0
39.650005,-118.649994,2018-01-04 00:00:00,0,0.0
39.650005,-118.549995,2018-01-04 00:00:00,0,0.0
39.650005,-118.45,2018-01-04 00:00:00,0,0.0
39.650005,-118.34999,2018-01-04 00:00:00,0,0.0
39.650005,-118.25,2018-01-04 00:00:00,0,0.0
39.650005,-118.149994,2018-01-04 00:00:00,0,0.0
39.650005,-118.049995,2018-01-04 00:00:00,0,0.0
39.650005,-117.95,2018-01-04 00:00:00,0,0.0
39.650005,-117.84999,2018-01-04 00:00:00,0,0.0
39.650005,-117.75,2018-01-04 00:00:00,0,0.0
39.650005,-117.649994,2018-01-04 00:00:00,0,0.0
39.650005,-117.549995,2018-01-04 00:00:00,0,0.0
39.650005,-117.45,2018-01-04 00:00:00,0,0.0
39.650005,-117.34999,2018-01-04 00:00:00,0,0.0
39.650005,-117.25,2018-01-04 00:00:00,0,0.0
39.650005,-117.149994,2018-01-04 00:00:00,0,0.0
39.650005,-117.049995,2018-01-04 00:00:00,0,0.0
39.650005,-116.95,2018-01-04 00:00:00,0,0.0
39.650005,-116.84999,2018-01-04 00:00:00,0,0.0
39.650005,-116.75,2018-01-04 00:00:00,0,0.0
39.650005,-116.649994,2018-01-04 00:00:00,0,0.0
39.650005,-116.549995,2018-01-04 00:00:00,0,0.0
39.650005,-116.45,2018-01-04 00:00:00,0,0.0
39.650005,-116.34999,2018-01-04 00:00:00,0,0.0
39.650005,-116.25,2018-01-04 00:00:00,0,0.0
39.650005,-116.149994,2018-01-04 00:00:00,0,0.0
39.650005,-116.049995,2018-01-04 00:00:00,0,0.0
39.650005,-115.95,2018-01-04 00:00:00,0,0.0
39.650005,-115.85,2018-01-04 00:00:00,0,0.0
39.650005,-115.74999,2018-01-04 00:00:00,0,0.0
39.650005,-115.649994,2018-01-04 00:00:00,0,0.0
39.650005,-115.549995,2018-01-04 00:00:00,0,0.0
39.650005,-115.45,2018-01-04 00:00:00,0,0.0
39.650005,-115.35,2018-01-04 00:00:00,0,0.0
39.650005,-115.24999,2018-01-04 00:00:00,0,0.0
39.650005,-115.149994,2018-01-04 00:00:00,0,0.0
39.650005,-115.049995,2018-01-04 00:00:00,0,0.0
39.650005,-114.95,2018-01-04 00:00:00,0,0.0
39.650005,-114.85,2018-01-04 00:00:00,0,0.0
39.650005,-114.74999,2018-01-04 00:00:00,0,0.0
39.650005,-114.649994,2018-01-04 00:00:00,0,0.0
39.650005,-114.549995,2018-01-04 00:00:00,0,0.0
39.650005,-114.45,2018-01-04 00:00:00,0,0.0
39.650005,-114.35,2018-01-04 00:00:00,0,0.0
39.650005,-114.24999,2018-01-04 00:00:00,0,0.0
39.749996,-124.34999,2018-01-04 00:00:00,0,0.0
39.749996,-124.25,2018-01-04 00:00:00,0,0.0
39.749996,-124.149994,2018-01-04 00:00:00,0,0.0
39.749996,-124.049995,2018-01-04 00:00:00,0,0.0
39.749996,-123.95,2018-01-04 00:00:00,0,0.0
39.749996,-123.84999,2018-01-04 00:00:00,0,0.0
39.749996,-123.75,2018-01-04 00:00:00,0,4.0060515
39.749996,-123.649994,2018-01-04 00:00:00,0,0.20555204
39.749996,-123.549995,2018-01-04 00:00:00,0,0.1170018
39.749996,-123.45,2018-01-04 00:00:00,0,0.2790932
39.749996,-123.34999,2018-01-04 00:00:00,0,0.15346622
39.749996,-123.25,2018-01-04 00:00:00,0,0.05882233
39.749996,-123.149994,2018-01-04 00:00:00,0,0.08911909
39.749996,-123.049995,2018-01-04 00:00:00,0,0.185649
39.749996,-122.95,2018-01-04 00:00:00,0,0.35035193
39.749996,-122.84999,2018-01-04 00:00:00,0,0.22486217
39.749996,-122.75,2018-01-04 00:00:00,0,0.17238994
39.749996,-122.649994,2018-01-04 00:00:00,0,0.26581272
39.749996,-122.549995,2018-01-04 00:00:00,0,0.25652388
39.749996,-122.45,2018-01-04 00:00:00,0,0.69939286
39.749996,-122.34999,2018-01-04 00:00:00,0,1.1779065
39.749996,-122.25,2018-01-04 00:00:00,0,2.6668983
39.749996,-122.149994,2018-01-04 00:00:00,0,2.619352
39.749996,-122.049995,2018-01-04 00:00:00,0,2.5419257
39.749996,-121.95,2018-01-04 00:00:00,0,1.6263446
39.749996,-121.84999,2018-01-04 00:00:00,0,0.34389752
39.749996,-121.75,2018-01-04 00:00:00,0,0.3721055
39.749996,-121.649994,2018-01-04 00:00:00,0,0.46434525
39.749996,-121.549995,2018-01-04 00:00:00,0,2.4837236
39.749996,-121.45,2018-01-04 00:00:00,0,4.29442
39.749996,-121.34999,2018-01-04 00:00:00,0,6.2302513
39.749996,-121.25,2018-01-04 00:00:00,0,6.581292
39.749996,-121.149994,2018-01-04 00:00:00,0,5.5249004
39.749996,-121.049995,2018-01-04 00:00:00,0,7.9818516
39.749996,-120.95,2018-01-04 00:00:00,0,3.8443074
39.749996,-120.84999,2018-01-04 00:00:00,0,5.9127846
39.749996,-120.75,2018-01-04 00:00:00,0,3.6208107
39.749996,-120.649994,2018-01-04 00:00:00,0,3.0699725
39.749996,-120.549995,2018-01-04 00:00:00,0,1.6141748
39.749996,-120.45,2018-01-04 00:00:00,0,0.12878188
39.749996,-120.34999,2018-01-04 00:00:00,0,0.3476782
39.749996,-120.25,2018-01-04 00:00:00,0,0.29268682
39.749996,-120.149994,2018-01-04 00:00:00,0,0.2928714
39.749996,-120.049995,2018-01-04 00:00:00,0,0.76618445
39.749996,-119.95,2018-01-04 00:00:00,0,0.0
39.749996,-119.84999,2018-01-04 00:00:00,0,0.0
39.749996,-119.75,2018-01-04 00:00:00,0,0.0
39.749996,-119.649994,2018-01-04 00:00:00,0,0.0
39.749996,-119.549995,2018-01-04 00:00:00,0,0.0
39.749996,-119.45,2018-01-04 00:00:00,0,0.0
39.749996,-119.34999,2018-01-04 00:00:00,0,0.0
39.749996,-119.25,2018-01-04 00:00:00,0,0.0
39.749996,-119.149994,2018-01-04 00:00:00,0,0.0
39.749996,-119.049995,2018-01-04 00:00:00,0,0.0
39.749996,-118.95,2018-01-04 00:00:00,0,0.0
39.749996,-118.84999,2018-01-04 00:00:00,0,0.0
39.749996,-118.75,2018-01-04 00:00:00,0,0.0
39.749996,-118.649994,2018-01-04 00:00:00,0,0.0
39.749996,-118.549995,2018-01-04 00:00:00,0,0.0
39.749996,-118.45,2018-01-04 00:00:00,0,0.0
39.749996,-118.34999,2018-01-04 00:00:00,0,0.0
39.749996,-118.25,2018-01-04 00:00:00,0,0.0
39.749996,-118.149994,2018-01-04 00:00:00,0,0.0
39.749996,-118.049995,2018-01-04 00:00:00,0,0.0
39.749996,-117.95,2018-01-04 00:00:00,0,0.0
39.749996,-117.84999,2018-01-04 00:00:00,0,0.0
39.749996,-117.75,2018-01-04 00:00:00,0,0.0
39.749996,-117.649994,2018-01-04 00:00:00,0,0.0
39.749996,-117.549995,2018-01-04 00:00:00,0,0.0
39.749996,-117.45,2018-01-04 00:00:00,0,0.0
39.749996,-117.34999,2018-01-04 00:00:00,0,0.0
39.749996,-117.25,2018-01-04 00:00:00,0,0.0
39.749996,-117.149994,2018-01-04 00:00:00,0,0.0
39.749996,-117.049995,2018-01-04 00:00:00,0,0.0
39.749996,-116.95,2018-01-04 00:00:00,0,0.0
39.749996,-116.84999,2018-01-04 00:00:00,0,0.0
39.749996,-116.75,2018-01-04 00:00:00,0,0.0
39.749996,-116.649994,2018-01-04 00:00:00,0,0.0
39.749996,-116.549995,2018-01-04 00:00:00,0,0.0
39.749996,-116.45,2018-01-04 00:00:00,0,0.0
39.749996,-116.34999,2018-01-04 00:00:00,0,0.0
39.749996,-116.25,2018-01-04 00:00:00,0,0.0
39.749996,-116.149994,2018-01-04 00:00:00,0,0.0
39.749996,-116.049995,2018-01-04 00:00:00,0,0.0
39.749996,-115.95,2018-01-04 00:00:00,0,0.0
39.749996,-115.85,2018-01-04 00:00:00,0,0.0
39.749996,-115.74999,2018-01-04 00:00:00,0,0.0
39.749996,-115.649994,2018-01-04 00:00:00,0,0.0
39.749996,-115.549995,2018-01-04 00:00:00,0,0.0
39.749996,-115.45,2018-01-04 00:00:00,0,0.0
39.749996,-115.35,2018-01-04 00:00:00,0,0.0
39.749996,-115.24999,2018-01-04 00:00:00,0,0.0
39.749996,-115.149994,2018-01-04 00:00:00,0,0.0
39.749996,-115.049995,2018-01-04 00:00:00,0,0.0
39.749996,-114.95,2018-01-04 00:00:00,0,0.0
39.749996,-114.85,2018-01-04 00:00:00,0,0.0
39.749996,-114.74999,2018-01-04 00:00:00,0,0.0
39.749996,-114.649994,2018-01-04 00:00:00,0,0.0
39.749996,-114.549995,2018-01-04 00:00:00,0,0.0
39.749996,-114.45,2018-01-04 00:00:00,0,0.0
39.749996,-114.35,2018-01-04 00:00:00,0,0.0
39.749996,-114.24999,2018-01-04 00:00:00,0,0.0
39.850002,-124.34999,2018-01-04 00:00:00,0,0.0
39.850002,-124.25,2018-01-04 00:00:00,0,0.0
39.850002,-124.149994,2018-01-04 00:00:00,0,0.0
39.850002,-124.049995,2018-01-04 00:00:00,0,0.0
39.850002,-123.95,2018-01-04 00:00:00,0,0.0
39.850002,-123.84999,2018-01-04 00:00:00,0,4.323031
39.850002,-123.75,2018-01-04 00:00:00,0,2.6981053
39.850002,-123.649994,2018-01-04 00:00:00,0,0.11930785
39.850002,-123.549995,2018-01-04 00:00:00,0,0.0074600824
39.850002,-123.45,2018-01-04 00:00:00,0,0.13496062
39.850002,-123.34999,2018-01-04 00:00:00,0,0.17537986
39.850002,-123.25,2018-01-04 00:00:00,0,0.073043145
39.850002,-123.149994,2018-01-04 00:00:00,0,0.99904656
39.850002,-123.049995,2018-01-04 00:00:00,0,0.30791882
39.850002,-122.95,2018-01-04 00:00:00,0,0.5631338
39.850002,-122.84999,2018-01-04 00:00:00,0,0.28084785
39.850002,-122.75,2018-01-04 00:00:00,0,0.23161638
39.850002,-122.649994,2018-01-04 00:00:00,0,0.37616536
39.850002,-122.549995,2018-01-04 00:00:00,0,0.31095222
39.850002,-122.45,2018-01-04 00:00:00,0,1.3027637
39.850002,-122.34999,2018-01-04 00:00:00,0,1.7438492
39.850002,-122.25,2018-01-04 00:00:00,0,2.6537714
39.850002,-122.149994,2018-01-04 00:00:00,0,2.055622
39.850002,-122.049995,2018-01-04 00:00:00,0,1.842773
39.850002,-121.95,2018-01-04 00:00:00,0,1.3015586
39.850002,-121.84999,2018-01-04 00:00:00,0,0.29540592
39.850002,-121.75,2018-01-04 00:00:00,0,0.5055507
39.850002,-121.649994,2018-01-04 00:00:00,0,0.6164102
39.850002,-121.549995,2018-01-04 00:00:00,0,3.267843
39.850002,-121.45,2018-01-04 00:00:00,0,5.356849
39.850002,-121.34999,2018-01-04 00:00:00,0,6.9604053
39.850002,-121.25,2018-01-04 00:00:00,0,5.744635
39.850002,-121.149994,2018-01-04 00:00:00,0,4.0913935
39.850002,-121.049995,2018-01-04 00:00:00,0,4.978044
39.850002,-120.95,2018-01-04 00:00:00,0,3.2891765
39.850002,-120.84999,2018-01-04 00:00:00,0,3.723129
39.850002,-120.75,2018-01-04 00:00:00,0,2.183111
39.850002,-120.649994,2018-01-04 00:00:00,0,1.9189061
39.850002,-120.549995,2018-01-04 00:00:00,0,0.85149866
39.850002,-120.45,2018-01-04 00:00:00,0,0.26292446
39.850002,-120.34999,2018-01-04 00:00:00,0,0.6402243
39.850002,-120.25,2018-01-04 00:00:00,0,0.022703145
39.850002,-120.149994,2018-01-04 00:00:00,0,0.11714575
39.850002,-120.049995,2018-01-04 00:00:00,0,0.50078756
39.850002,-119.95,2018-01-04 00:00:00,0,0.0
39.850002,-119.84999,2018-01-04 00:00:00,0,0.0
39.850002,-119.75,2018-01-04 00:00:00,0,0.0
39.850002,-119.649994,2018-01-04 00:00:00,0,0.0
39.850002,-119.549995,2018-01-04 00:00:00,0,0.0
39.850002,-119.45,2018-01-04 00:00:00,0,0.0
39.850002,-119.34999,2018-01-04 00:00:00,0,0.0
39.850002,-119.25,2018-01-04 00:00:00,0,0.0
39.850002,-119.149994,2018-01-04 00:00:00,0,0.0
39.850002,-119.049995,2018-01-04 00:00:00,0,0.0
39.850002,-118.95,2018-01-04 00:00:00,0,0.0
39.850002,-118.84999,2018-01-04 00:00:00,0,0.0
39.850002,-118.75,2018-01-04 00:00:00,0,0.0
39.850002,-118.649994,2018-01-04 00:00:00,0,0.0
39.850002,-118.549995,2018-01-04 00:00:00,0,0.0
39.850002,-118.45,2018-01-04 00:00:00,0,0.0
39.850002,-118.34999,2018-01-04 00:00:00,0,0.0
39.850002,-118.25,2018-01-04 00:00:00,0,0.0
39.850002,-118.149994,2018-01-04 00:00:00,0,0.0
39.850002,-118.049995,2018-01-04 00:00:00,0,0.0
39.850002,-117.95,2018-01-04 00:00:00,0,0.0
39.850002,-117.84999,2018-01-04 00:00:00,0,0.0
39.850002,-117.75,2018-01-04 00:00:00,0,0.0
39.850002,-117.649994,2018-01-04 00:00:00,0,0.0
39.850002,-117.549995,2018-01-04 00:00:00,0,0.0
39.850002,-117.45,2018-01-04 00:00:00,0,0.0
39.850002,-117.34999,2018-01-04 00:00:00,0,0.0
39.850002,-117.25,2018-01-04 00:00:00,0,0.0
39.850002,-117.149994,2018-01-04 00:00:00,0,0.0
39.850002,-117.049995,2018-01-04 00:00:00,0,0.0
39.850002,-116.95,2018-01-04 00:00:00,0,0.0
39.850002,-116.84999,2018-01-04 00:00:00,0,0.0
39.850002,-116.75,2018-01-04 00:00:00,0,0.0
39.850002,-116.649994,2018-01-04 00:00:00,0,0.0
39.850002,-116.549995,2018-01-04 00:00:00,0,0.0
39.850002,-116.45,2018-01-04 00:00:00,0,0.0
39.850002,-116.34999,2018-01-04 00:00:00,0,0.0
39.850002,-116.25,2018-01-04 00:00:00,0,0.0
39.850002,-116.149994,2018-01-04 00:00:00,0,0.0
39.850002,-116.049995,2018-01-04 00:00:00,0,0.0
39.850002,-115.95,2018-01-04 00:00:00,0,0.0
39.850002,-115.85,2018-01-04 00:00:00,0,0.0
39.850002,-115.74999,2018-01-04 00:00:00,0,0.0
39.850002,-115.649994,2018-01-04 00:00:00,0,0.0
39.850002,-115.549995,2018-01-04 00:00:00,0,0.0
39.850002,-115.45,2018-01-04 00:00:00,0,0.0
39.850002,-115.35,2018-01-04 00:00:00,0,0.0
39.850002,-115.24999,2018-01-04 00:00:00,0,0.0
39.850002,-115.149994,2018-01-04 00:00:00,0,0.0
39.850002,-115.049995,2018-01-04 00:00:00,0,0.0
39.850002,-114.95,2018-01-04 00:00:00,0,0.0
39.850002,-114.85,2018-01-04 00:00:00,0,0.0
39.850002,-114.74999,2018-01-04 00:00:00,0,0.0
39.850002,-114.649994,2018-01-04 00:00:00,0,0.0
39.850002,-114.549995,2018-01-04 00:00:00,0,0.0
39.850002,-114.45,2018-01-04 00:00:00,0,0.0
39.850002,-114.35,2018-01-04 00:00:00,0,0.0
39.850002,-114.24999,2018-01-04 00:00:00,0,0.0
39.95001,-124.34999,2018-01-04 00:00:00,0,0.0
39.95001,-124.25,2018-01-04 00:00:00,0,0.0
39.95001,-124.149994,2018-01-04 00:00:00,0,0.0
39.95001,-124.049995,2018-01-04 00:00:00,0,0.0
39.95001,-123.95,2018-01-04 00:00:00,0,6.270629
39.95001,-123.84999,2018-01-04 00:00:00,0,3.8427477
39.95001,-123.75,2018-01-04 00:00:00,0,3.1544166
39.95001,-123.649994,2018-01-04 00:00:00,0,0.045125335
39.95001,-123.549995,2018-01-04 00:00:00,0,0.052749857
39.95001,-123.45,2018-01-04 00:00:00,0,0.39026752
39.95001,-123.34999,2018-01-04 00:00:00,0,0.87036324
39.95001,-123.25,2018-01-04 00:00:00,0,0.8214385
39.95001,-123.149994,2018-01-04 00:00:00,0,1.6255568
39.95001,-123.049995,2018-01-04 00:00:00,0,0.59927744
39.95001,-122.95,2018-01-04 00:00:00,0,0.7696756
39.95001,-122.84999,2018-01-04 00:00:00,0,0.34392515
39.95001,-122.75,2018-01-04 00:00:00,0,0.20992118
39.95001,-122.649994,2018-01-04 00:00:00,0,0.47008756
39.95001,-122.549995,2018-01-04 00:00:00,0,0.3603507
39.95001,-122.45,2018-01-04 00:00:00,0,1.5142049
39.95001,-122.34999,2018-01-04 00:00:00,0,2.136033
39.95001,-122.25,2018-01-04 00:00:00,0,2.8652146
39.95001,-122.149994,2018-01-04 00:00:00,0,1.6204268
39.95001,-122.049995,2018-01-04 00:00:00,0,1.228239
39.95001,-121.95,2018-01-04 00:00:00,0,0.9306472
39.95001,-121.84999,2018-01-04 00:00:00,0,0.37348723
39.95001,-121.75,2018-01-04 00:00:00,0,0.67014277
39.95001,-121.649994,2018-01-04 00:00:00,0,0.77883464
39.95001,-121.549995,2018-01-04 00:00:00,0,4.0721426
39.95001,-121.45,2018-01-04 00:00:00,0,6.1067944
39.95001,-121.34999,2018-01-04 00:00:00,0,7.653161
39.95001,-121.25,2018-01-04 00:00:00,0,5.127047
39.95001,-121.149994,2018-01-04 00:00:00,0,0.48860002
39.95001,-121.049995,2018-01-04 00:00:00,0,2.7629097
39.95001,-120.95,2018-01-04 00:00:00,0,2.0152419
39.95001,-120.84999,2018-01-04 00:00:00,0,1.4649775
39.95001,-120.75,2018-01-04 00:00:00,0,0.7628486
39.95001,-120.649994,2018-01-04 00:00:00,0,0.92181414
39.95001,-120.549995,2018-01-04 00:00:00,0,0.45111114
39.95001,-120.45,2018-01-04 00:00:00,0,0.9101332
39.95001,-120.34999,2018-01-04 00:00:00,0,1.5805194
39.95001,-120.25,2018-01-04 00:00:00,0,0.095607385
39.95001,-120.149994,2018-01-04 00:00:00,0,0.1672506
39.95001,-120.049995,2018-01-04 00:00:00,0,0.44735095
39.95001,-119.95,2018-01-04 00:00:00,0,0.0
39.95001,-119.84999,2018-01-04 00:00:00,0,0.0
39.95001,-119.75,2018-01-04 00:00:00,0,0.0
39.95001,-119.649994,2018-01-04 00:00:00,0,0.0
39.95001,-119.549995,2018-01-04 00:00:00,0,0.0
39.95001,-119.45,2018-01-04 00:00:00,0,0.0
39.95001,-119.34999,2018-01-04 00:00:00,0,0.0
39.95001,-119.25,2018-01-04 00:00:00,0,0.0
39.95001,-119.149994,2018-01-04 00:00:00,0,0.0
39.95001,-119.049995,2018-01-04 00:00:00,0,0.0
39.95001,-118.95,2018-01-04 00:00:00,0,0.0
39.95001,-118.84999,2018-01-04 00:00:00,0,0.0
39.95001,-118.75,2018-01-04 00:00:00,0,0.0
39.95001,-118.649994,2018-01-04 00:00:00,0,0.0
39.95001,-118.549995,2018-01-04 00:00:00,0,0.0
39.95001,-118.45,2018-01-04 00:00:00,0,0.0
39.95001,-118.34999,2018-01-04 00:00:00,0,0.0
39.95001,-118.25,2018-01-04 00:00:00,0,0.0
39.95001,-118.149994,2018-01-04 00:00:00,0,0.0
39.95001,-118.049995,2018-01-04 00:00:00,0,0.0
39.95001,-117.95,2018-01-04 00:00:00,0,0.0
39.95001,-117.84999,2018-01-04 00:00:00,0,0.0
39.95001,-117.75,2018-01-04 00:00:00,0,0.0
39.95001,-117.649994,2018-01-04 00:00:00,0,0.0
39.95001,-117.549995,2018-01-04 00:00:00,0,0.0
39.95001,-117.45,2018-01-04 00:00:00,0,0.0
39.95001,-117.34999,2018-01-04 00:00:00,0,0.0
39.95001,-117.25,2018-01-04 00:00:00,0,0.0
39.95001,-117.149994,2018-01-04 00:00:00,0,0.0
39.95001,-117.049995,2018-01-04 00:00:00,0,0.0
39.95001,-116.95,2018-01-04 00:00:00,0,0.0
39.95001,-116.84999,2018-01-04 00:00:00,0,0.0
39.95001,-116.75,2018-01-04 00:00:00,0,0.0
39.95001,-116.649994,2018-01-04 00:00:00,0,0.0
39.95001,-116.549995,2018-01-04 00:00:00,0,0.0
39.95001,-116.45,2018-01-04 00:00:00,0,0.0
39.95001,-116.34999,2018-01-04 00:00:00,0,0.0
39.95001,-116.25,2018-01-04 00:00:00,0,0.0
39.95001,-116.149994,2018-01-04 00:00:00,0,0.0
39.95001,-116.049995,2018-01-04 00:00:00,0,0.0
39.95001,-115.95,2018-01-04 00:00:00,0,0.0
39.95001,-115.85,2018-01-04 00:00:00,0,0.0
39.95001,-115.74999,2018-01-04 00:00:00,0,0.0
39.95001,-115.649994,2018-01-04 00:00:00,0,0.0
39.95001,-115.549995,2018-01-04 00:00:00,0,0.0
39.95001,-115.45,2018-01-04 00:00:00,0,0.0
39.95001,-115.35,2018-01-04 00:00:00,0,0.0
39.95001,-115.24999,2018-01-04 00:00:00,0,0.0
39.95001,-115.149994,2018-01-04 00:00:00,0,0.0
39.95001,-115.049995,2018-01-04 00:00:00,0,0.0
39.95001,-114.95,2018-01-04 00:00:00,0,0.0
39.95001,-114.85,2018-01-04 00:00:00,0,0.0
39.95001,-114.74999,2018-01-04 00:00:00,0,0.0
39.95001,-114.649994,2018-01-04 00:00:00,0,0.0
39.95001,-114.549995,2018-01-04 00:00:00,0,0.0
39.95001,-114.45,2018-01-04 00:00:00,0,0.0
39.95001,-114.35,2018-01-04 00:00:00,0,0.0
39.95001,-114.24999,2018-01-04 00:00:00,0,0.0
40.05,-124.34999,2018-01-04 00:00:00,0,0.0
40.05,-124.25,2018-01-04 00:00:00,0,0.0
40.05,-124.149994,2018-01-04 00:00:00,0,0.0
40.05,-124.049995,2018-01-04 00:00:00,0,6.6210613
40.05,-123.95,2018-01-04 00:00:00,0,5.5872827
40.05,-123.84999,2018-01-04 00:00:00,0,3.9886434
40.05,-123.75,2018-01-04 00:00:00,0,2.2598133
40.05,-123.649994,2018-01-04 00:00:00,0,0.3028268
40.05,-123.549995,2018-01-04 00:00:00,0,0.14923522
40.05,-123.45,2018-01-04 00:00:00,0,0.5507744
40.05,-123.34999,2018-01-04 00:00:00,0,1.3437828
40.05,-123.25,2018-01-04 00:00:00,0,1.3273302
40.05,-123.149994,2018-01-04 00:00:00,0,1.7705225
40.05,-123.049995,2018-01-04 00:00:00,0,0.6980974
40.05,-122.95,2018-01-04 00:00:00,0,0.8015077
40.05,-122.84999,2018-01-04 00:00:00,0,0.36274648
40.05,-122.75,2018-01-04 00:00:00,0,0.1417244
40.05,-122.649994,2018-01-04 00:00:00,0,0.46581587
40.05,-122.549995,2018-01-04 00:00:00,0,0.4133231
40.05,-122.45,2018-01-04 00:00:00,0,1.7765961
40.05,-122.34999,2018-01-04 00:00:00,0,2.6311843
40.05,-122.25,2018-01-04 00:00:00,0,3.2122552
40.05,-122.149994,2018-01-04 00:00:00,0,1.5821834
40.05,-122.049995,2018-01-04 00:00:00,0,0.60086
40.05,-121.95,2018-01-04 00:00:00,0,0.5763008
40.05,-121.84999,2018-01-04 00:00:00,0,0.27085552
40.05,-121.75,2018-01-04 00:00:00,0,0.8628405
40.05,-121.649994,2018-01-04 00:00:00,0,0.96798867
40.05,-121.549995,2018-01-04 00:00:00,0,3.9075646
40.05,-121.45,2018-01-04 00:00:00,0,6.0692887
40.05,-121.34999,2018-01-04 00:00:00,0,7.322464
40.05,-121.25,2018-01-04 00:00:00,0,4.331294
40.05,-121.149994,2018-01-04 00:00:00,0,2.884671
40.05,-121.049995,2018-01-04 00:00:00,0,0.3294
40.05,-120.95,2018-01-04 00:00:00,0,0.8187291
40.05,-120.84999,2018-01-04 00:00:00,0,0.67531157
40.05,-120.75,2018-01-04 00:00:00,0,0.13561858
40.05,-120.649994,2018-01-04 00:00:00,0,0.2738
40.05,-120.549995,2018-01-04 00:00:00,0,0.3258
40.05,-120.45,2018-01-04 00:00:00,0,0.37219998
40.05,-120.34999,2018-01-04 00:00:00,0,2.4295044
40.05,-120.25,2018-01-04 00:00:00,0,0.101725936
40.05,-120.149994,2018-01-04 00:00:00,0,0.15918526
40.05,-120.049995,2018-01-04 00:00:00,0,0.17863129
40.05,-119.95,2018-01-04 00:00:00,0,0.0
40.05,-119.84999,2018-01-04 00:00:00,0,0.0
40.05,-119.75,2018-01-04 00:00:00,0,0.0
40.05,-119.649994,2018-01-04 00:00:00,0,0.0
40.05,-119.549995,2018-01-04 00:00:00,0,0.0
40.05,-119.45,2018-01-04 00:00:00,0,0.0
40.05,-119.34999,2018-01-04 00:00:00,0,0.0
40.05,-119.25,2018-01-04 00:00:00,0,0.0
40.05,-119.149994,2018-01-04 00:00:00,0,0.0
40.05,-119.049995,2018-01-04 00:00:00,0,0.0
40.05,-118.95,2018-01-04 00:00:00,0,0.0
40.05,-118.84999,2018-01-04 00:00:00,0,0.0
40.05,-118.75,2018-01-04 00:00:00,0,0.0
40.05,-118.649994,2018-01-04 00:00:00,0,0.0
40.05,-118.549995,2018-01-04 00:00:00,0,0.0
40.05,-118.45,2018-01-04 00:00:00,0,0.0
40.05,-118.34999,2018-01-04 00:00:00,0,0.0
40.05,-118.25,2018-01-04 00:00:00,0,0.0
40.05,-118.149994,2018-01-04 00:00:00,0,0.0
40.05,-118.049995,2018-01-04 00:00:00,0,0.0
40.05,-117.95,2018-01-04 00:00:00,0,0.0
40.05,-117.84999,2018-01-04 00:00:00,0,0.0
40.05,-117.75,2018-01-04 00:00:00,0,0.0
40.05,-117.649994,2018-01-04 00:00:00,0,0.0
40.05,-117.549995,2018-01-04 00:00:00,0,0.0
40.05,-117.45,2018-01-04 00:00:00,0,0.0
40.05,-117.34999,2018-01-04 00:00:00,0,0.0
40.05,-117.25,2018-01-04 00:00:00,0,0.0
40.05,-117.149994,2018-01-04 00:00:00,0,0.0
40.05,-117.049995,2018-01-04 00:00:00,0,0.0
40.05,-116.95,2018-01-04 00:00:00,0,0.0
40.05,-116.84999,2018-01-04 00:00:00,0,0.0
40.05,-116.75,2018-01-04 00:00:00,0,0.0
40.05,-116.649994,2018-01-04 00:00:00,0,0.0
40.05,-116.549995,2018-01-04 00:00:00,0,0.0
40.05,-116.45,2018-01-04 00:00:00,0,0.0
40.05,-116.34999,2018-01-04 00:00:00,0,0.0
40.05,-116.25,2018-01-04 00:00:00,0,0.0
40.05,-116.149994,2018-01-04 00:00:00,0,0.0
40.05,-116.049995,2018-01-04 00:00:00,0,0.0
40.05,-115.95,2018-01-04 00:00:00,0,0.0
40.05,-115.85,2018-01-04 00:00:00,0,0.0
40.05,-115.74999,2018-01-04 00:00:00,0,0.0
40.05,-115.649994,2018-01-04 00:00:00,0,0.0
40.05,-115.549995,2018-01-04 00:00:00,0,0.0
40.05,-115.45,2018-01-04 00:00:00,0,0.0
40.05,-115.35,2018-01-04 00:00:00,0,0.0
40.05,-115.24999,2018-01-04 00:00:00,0,0.0
40.05,-115.149994,2018-01-04 00:00:00,0,0.0
40.05,-115.049995,2018-01-04 00:00:00,0,0.0
40.05,-114.95,2018-01-04 00:00:00,0,0.0
40.05,-114.85,2018-01-04 00:00:00,0,0.0
40.05,-114.74999,2018-01-04 00:00:00,0,0.0
40.05,-114.649994,2018-01-04 00:00:00,0,0.0
40.05,-114.549995,2018-01-04 00:00:00,0,0.0
40.05,-114.45,2018-01-04 00:00:00,0,0.0
40.05,-114.35,2018-01-04 00:00:00,0,0.0
40.05,-114.24999,2018-01-04 00:00:00,0,0.0
40.150005,-124.34999,2018-01-04 00:00:00,0,0.0
40.150005,-124.25,2018-01-04 00:00:00,0,0.0
40.150005,-124.149994,2018-01-04 00:00:00,0,5.77024
40.150005,-124.049995,2018-01-04 00:00:00,0,5.9387674
40.150005,-123.95,2018-01-04 00:00:00,0,4.043197
40.150005,-123.84999,2018-01-04 00:00:00,0,3.3638155
40.150005,-123.75,2018-01-04 00:00:00,0,1.6103172
40.150005,-123.649994,2018-01-04 00:00:00,0,0.46398246
40.150005,-123.549995,2018-01-04 00:00:00,0,0.19609575
40.150005,-123.45,2018-01-04 00:00:00,0,0.533989
40.150005,-123.34999,2018-01-04 00:00:00,0,1.100145
40.150005,-123.25,2018-01-04 00:00:00,0,1.0568229
40.150005,-123.149994,2018-01-04 00:00:00,0,1.2925999
40.150005,-123.049995,2018-01-04 00:00:00,0,0.66509956
40.150005,-122.95,2018-01-04 00:00:00,0,0.83081853
40.150005,-122.84999,2018-01-04 00:00:00,0,0.3755649
40.150005,-122.75,2018-01-04 00:00:00,0,0.08893656
40.150005,-122.649994,2018-01-04 00:00:00,0,0.46476334
40.150005,-122.549995,2018-01-04 00:00:00,0,0.3386939
40.150005,-122.45,2018-01-04 00:00:00,0,2.0730233
40.150005,-122.34999,2018-01-04 00:00:00,0,3.0782533
40.150005,-122.25,2018-01-04 00:00:00,0,3.378529
40.150005,-122.149994,2018-01-04 00:00:00,0,1.9122648
40.150005,-122.049995,2018-01-04 00:00:00,0,0.53210014
40.150005,-121.95,2018-01-04 00:00:00,0,0.5722936
40.150005,-121.84999,2018-01-04 00:00:00,0,0.4255004
40.150005,-121.75,2018-01-04 00:00:00,0,0.87891847
40.150005,-121.649994,2018-01-04 00:00:00,0,0.822168
40.150005,-121.549995,2018-01-04 00:00:00,0,3.2543147
40.150005,-121.45,2018-01-04 00:00:00,0,5.2943525
40.150005,-121.34999,2018-01-04 00:00:00,0,6.4102635
40.150005,-121.25,2018-01-04 00:00:00,0,3.108677
40.150005,-121.149994,2018-01-04 00:00:00,0,2.070282
40.150005,-121.049995,2018-01-04 00:00:00,0,1.7456263
40.150005,-120.95,2018-01-04 00:00:00,0,0.2612757
40.150005,-120.84999,2018-01-04 00:00:00,0,0.24244675
40.150005,-120.75,2018-01-04 00:00:00,0,0.037062556
40.150005,-120.649994,2018-01-04 00:00:00,0,0.3926
40.150005,-120.549995,2018-01-04 00:00:00,0,1.3033537
40.150005,-120.45,2018-01-04 00:00:00,0,0.4222
40.150005,-120.34999,2018-01-04 00:00:00,0,0.35439998
40.150005,-120.25,2018-01-04 00:00:00,0,0.3305825
40.150005,-120.149994,2018-01-04 00:00:00,0,0.3912008
40.150005,-120.049995,2018-01-04 00:00:00,0,0.10242169
40.150005,-119.95,2018-01-04 00:00:00,0,0.0
40.150005,-119.84999,2018-01-04 00:00:00,0,0.0
40.150005,-119.75,2018-01-04 00:00:00,0,0.0
40.150005,-119.649994,2018-01-04 00:00:00,0,0.0
40.150005,-119.549995,2018-01-04 00:00:00,0,0.0
40.150005,-119.45,2018-01-04 00:00:00,0,0.0
40.150005,-119.34999,2018-01-04 00:00:00,0,0.0
40.150005,-119.25,2018-01-04 00:00:00,0,0.0
40.150005,-119.149994,2018-01-04 00:00:00,0,0.0
40.150005,-119.049995,2018-01-04 00:00:00,0,0.0
40.150005,-118.95,2018-01-04 00:00:00,0,0.0
40.150005,-118.84999,2018-01-04 00:00:00,0,0.0
40.150005,-118.75,2018-01-04 00:00:00,0,0.0
40.150005,-118.649994,2018-01-04 00:00:00,0,0.0
40.150005,-118.549995,2018-01-04 00:00:00,0,0.0
40.150005,-118.45,2018-01-04 00:00:00,0,0.0
40.150005,-118.34999,2018-01-04 00:00:00,0,0.0
40.150005,-118.25,2018-01-04 00:00:00,0,0.0
40.150005,-118.149994,2018-01-04 00:00:00,0,0.0
40.150005,-118.049995,2018-01-04 00:00:00,0,0.0
40.150005,-117.95,2018-01-04 00:00:00,0,0.0
40.150005,-117.84999,2018-01-04 00:00:00,0,0.0
40.150005,-117.75,2018-01-04 00:00:00,0,0.0
40.150005,-117.649994,2018-01-04 00:00:00,0,0.0
40.150005,-117.549995,2018-01-04 00:00:00,0,0.0
40.150005,-117.45,2018-01-04 00:00:00,0,0.0
40.150005,-117.34999,2018-01-04 00:00:00,0,0.0
40.150005,-117.25,2018-01-04 00:00:00,0,0.0
40.150005,-117.149994,2018-01-04 00:00:00,0,0.0
40.150005,-117.049995,2018-01-04 00:00:00,0,0.0
40.150005,-116.95,2018-01-04 00:00:00,0,0.0
40.150005,-116.84999,2018-01-04 00:00:00,0,0.0
40.150005,-116.75,2018-01-04 00:00:00,0,0.0
40.150005,-116.649994,2018-01-04 00:00:00,0,0.0
40.150005,-116.549995,2018-01-04 00:00:00,0,0.0
40.150005,-116.45,2018-01-04 00:00:00,0,0.0
40.150005,-116.34999,2018-01-04 00:00:00,0,0.0
40.150005,-116.25,2018-01-04 00:00:00,0,0.0
40.150005,-116.149994,2018-01-04 00:00:00,0,0.0
40.150005,-116.049995,2018-01-04 00:00:00,0,0.0
40.150005,-115.95,2018-01-04 00:00:00,0,0.0
40.150005,-115.85,2018-01-04 00:00:00,0,0.0
40.150005,-115.74999,2018-01-04 00:00:00,0,0.0
40.150005,-115.649994,2018-01-04 00:00:00,0,0.0
40.150005,-115.549995,2018-01-04 00:00:00,0,0.0
40.150005,-115.45,2018-01-04 00:00:00,0,0.0
40.150005,-115.35,2018-01-04 00:00:00,0,0.0
40.150005,-115.24999,2018-01-04 00:00:00,0,0.0
40.150005,-115.149994,2018-01-04 00:00:00,0,0.0
40.150005,-115.049995,2018-01-04 00:00:00,0,0.0
40.150005,-114.95,2018-01-04 00:00:00,0,0.0
40.150005,-114.85,2018-01-04 00:00:00,0,0.0
40.150005,-114.74999,2018-01-04 00:00:00,0,0.0
40.150005,-114.649994,2018-01-04 00:00:00,0,0.0
40.150005,-114.549995,2018-01-04 00:00:00,0,0.0
40.150005,-114.45,2018-01-04 00:00:00,0,0.0
40.150005,-114.35,2018-01-04 00:00:00,0,0.0
40.150005,-114.24999,2018-01-04 00:00:00,0,0.0
40.249996,-124.34999,2018-01-04 00:00:00,0,9.40214
40.249996,-124.25,2018-01-04 00:00:00,0,6.2153306
40.249996,-124.149994,2018-01-04 00:00:00,0,3.594485
40.249996,-124.049995,2018-01-04 00:00:00,0,4.8093905
40.249996,-123.95,2018-01-04 00:00:00,0,3.1951392
40.249996,-123.84999,2018-01-04 00:00:00,0,2.7765229
40.249996,-123.75,2018-01-04 00:00:00,0,1.3402358
40.249996,-123.649994,2018-01-04 00:00:00,0,0.44989032
40.249996,-123.549995,2018-01-04 00:00:00,0,0.22685523
40.249996,-123.45,2018-01-04 00:00:00,0,0.7108971
40.249996,-123.34999,2018-01-04 00:00:00,0,1.0498524
40.249996,-123.25,2018-01-04 00:00:00,0,1.4719636
40.249996,-123.149994,2018-01-04 00:00:00,0,1.4542073
40.249996,-123.049995,2018-01-04 00:00:00,0,1.1372929
40.249996,-122.95,2018-01-04 00:00:00,0,0.84024155
40.249996,-122.84999,2018-01-04 00:00:00,0,0.39488366
40.249996,-122.75,2018-01-04 00:00:00,0,0.10110292
40.249996,-122.649994,2018-01-04 00:00:00,0,0.5073128
40.249996,-122.549995,2018-01-04 00:00:00,0,0.41069186
40.249996,-122.45,2018-01-04 00:00:00,0,2.4999604
40.249996,-122.34999,2018-01-04 00:00:00,0,3.6715446
40.249996,-122.25,2018-01-04 00:00:00,0,2.9231071
40.249996,-122.149994,2018-01-04 00:00:00,0,2.4227715
40.249996,-122.049995,2018-01-04 00:00:00,0,0.43815744
40.249996,-121.95,2018-01-04 00:00:00,0,0.77270985
40.249996,-121.84999,2018-01-04 00:00:00,0,0.6338462
40.249996,-121.75,2018-01-04 00:00:00,0,0.8363573
40.249996,-121.649994,2018-01-04 00:00:00,0,0.67779166
40.249996,-121.549995,2018-01-04 00:00:00,0,2.740331
40.249996,-121.45,2018-01-04 00:00:00,0,4.5840364
40.249996,-121.34999,2018-01-04 00:00:00,0,4.9485583
40.249996,-121.25,2018-01-04 00:00:00,0,1.7364789
40.249996,-121.149994,2018-01-04 00:00:00,0,1.0319463
40.249996,-121.049995,2018-01-04 00:00:00,0,1.1362777
40.249996,-120.95,2018-01-04 00:00:00,0,0.32239997
40.249996,-120.84999,2018-01-04 00:00:00,0,0.3324
40.249996,-120.75,2018-01-04 00:00:00,0,0.41899997
40.249996,-120.649994,2018-01-04 00:00:00,0,0.46940002
40.249996,-120.549995,2018-01-04 00:00:00,0,0.43160003
40.249996,-120.45,2018-01-04 00:00:00,0,0.2956
40.249996,-120.34999,2018-01-04 00:00:00,0,0.20299998
40.249996,-120.25,2018-01-04 00:00:00,0,0.15779999
40.249996,-120.149994,2018-01-04 00:00:00,0,0.212
40.249996,-120.049995,2018-01-04 00:00:00,0,0.12961923
40.249996,-119.95,2018-01-04 00:00:00,0,0.0
40.249996,-119.84999,2018-01-04 00:00:00,0,0.0
40.249996,-119.75,2018-01-04 00:00:00,0,0.0
40.249996,-119.649994,2018-01-04 00:00:00,0,0.0
40.249996,-119.549995,2018-01-04 00:00:00,0,0.0
40.249996,-119.45,2018-01-04 00:00:00,0,0.0
40.249996,-119.34999,2018-01-04 00:00:00,0,0.0
40.249996,-119.25,2018-01-04 00:00:00,0,0.0
40.249996,-119.149994,2018-01-04 00:00:00,0,0.0
40.249996,-119.049995,2018-01-04 00:00:00,0,0.0
40.249996,-118.95,2018-01-04 00:00:00,0,0.0
40.249996,-118.84999,2018-01-04 00:00:00,0,0.0
40.249996,-118.75,2018-01-04 00:00:00,0,0.0
40.249996,-118.649994,2018-01-04 00:00:00,0,0.0
40.249996,-118.549995,2018-01-04 00:00:00,0,0.0
40.249996,-118.45,2018-01-04 00:00:00,0,0.0
40.249996,-118.34999,2018-01-04 00:00:00,0,0.0
40.249996,-118.25,2018-01-04 00:00:00,0,0.0
40.249996,-118.149994,2018-01-04 00:00:00,0,0.0
40.249996,-118.049995,2018-01-04 00:00:00,0,0.0
40.249996,-117.95,2018-01-04 00:00:00,0,0.0
40.249996,-117.84999,2018-01-04 00:00:00,0,0.0
40.249996,-117.75,2018-01-04 00:00:00,0,0.0
40.249996,-117.649994,2018-01-04 00:00:00,0,0.0
40.249996,-117.549995,2018-01-04 00:00:00,0,0.0
40.249996,-117.45,2018-01-04 00:00:00,0,0.0
40.249996,-117.34999,2018-01-04 00:00:00,0,0.0
40.249996,-117.25,2018-01-04 00:00:00,0,0.0
40.249996,-117.149994,2018-01-04 00:00:00,0,0.0
40.249996,-117.049995,2018-01-04 00:00:00,0,0.0
40.249996,-116.95,2018-01-04 00:00:00,0,0.0
40.249996,-116.84999,2018-01-04 00:00:00,0,0.0
40.249996,-116.75,2018-01-04 00:00:00,0,0.0
40.249996,-116.649994,2018-01-04 00:00:00,0,0.0
40.249996,-116.549995,2018-01-04 00:00:00,0,0.0
40.249996,-116.45,2018-01-04 00:00:00,0,0.0
40.249996,-116.34999,2018-01-04 00:00:00,0,0.0
40.249996,-116.25,2018-01-04 00:00:00,0,0.0
40.249996,-116.149994,2018-01-04 00:00:00,0,0.0
40.249996,-116.049995,2018-01-04 00:00:00,0,0.0
40.249996,-115.95,2018-01-04 00:00:00,0,0.0
40.249996,-115.85,2018-01-04 00:00:00,0,0.0
40.249996,-115.74999,2018-01-04 00:00:00,0,0.0
40.249996,-115.649994,2018-01-04 00:00:00,0,0.0
40.249996,-115.549995,2018-01-04 00:00:00,0,0.0
40.249996,-115.45,2018-01-04 00:00:00,0,0.0
40.249996,-115.35,2018-01-04 00:00:00,0,0.0
40.249996,-115.24999,2018-01-04 00:00:00,0,0.0
40.249996,-115.149994,2018-01-04 00:00:00,0,0.0
40.249996,-115.049995,2018-01-04 00:00:00,0,0.0
40.249996,-114.95,2018-01-04 00:00:00,0,0.0
40.249996,-114.85,2018-01-04 00:00:00,0,0.0
40.249996,-114.74999,2018-01-04 00:00:00,0,0.0
40.249996,-114.649994,2018-01-04 00:00:00,0,0.0
40.249996,-114.549995,2018-01-04 00:00:00,0,0.0
40.249996,-114.45,2018-01-04 00:00:00,0,0.0
40.249996,-114.35,2018-01-04 00:00:00,0,0.0
40.249996,-114.24999,2018-01-04 00:00:00,0,0.0
40.350002,-124.34999,2018-01-04 00:00:00,0,6.0858207
40.350002,-124.25,2018-01-04 00:00:00,0,5.673019
40.350002,-124.149994,2018-01-04 00:00:00,0,4.312013
40.350002,-124.049995,2018-01-04 00:00:00,0,4.5123553
40.350002,-123.95,2018-01-04 00:00:00,0,2.2997482
40.350002,-123.84999,2018-01-04 00:00:00,0,2.6912208
40.350002,-123.75,2018-01-04 00:00:00,0,0.98069304
40.350002,-123.649994,2018-01-04 00:00:00,0,0.5263873
40.350002,-123.549995,2018-01-04 00:00:00,0,0.32011384
40.350002,-123.45,2018-01-04 00:00:00,0,0.79527783
40.350002,-123.34999,2018-01-04 00:00:00,0,0.8248373
40.350002,-123.25,2018-01-04 00:00:00,0,1.1311996
40.350002,-123.149994,2018-01-04 00:00:00,0,1.0550069
40.350002,-123.049995,2018-01-04 00:00:00,0,0.8682525
40.350002,-122.95,2018-01-04 00:00:00,0,0.7867834
40.350002,-122.84999,2018-01-04 00:00:00,0,0.4090561
40.350002,-122.75,2018-01-04 00:00:00,0,0.23919466
40.350002,-122.649994,2018-01-04 00:00:00,0,0.84164053
40.350002,-122.549995,2018-01-04 00:00:00,0,0.6139251
40.350002,-122.45,2018-01-04 00:00:00,0,2.993094
40.350002,-122.34999,2018-01-04 00:00:00,0,3.2179568
40.350002,-122.25,2018-01-04 00:00:00,0,1.4485608
40.350002,-122.149994,2018-01-04 00:00:00,0,2.2602193
40.350002,-122.049995,2018-01-04 00:00:00,0,0.8404106
40.350002,-121.95,2018-01-04 00:00:00,0,1.3714008
40.350002,-121.84999,2018-01-04 00:00:00,0,1.030281
40.350002,-121.75,2018-01-04 00:00:00,0,0.9346991
40.350002,-121.649994,2018-01-04 00:00:00,0,0.9058895
40.350002,-121.549995,2018-01-04 00:00:00,0,2.348749
40.350002,-121.45,2018-01-04 00:00:00,0,3.2646506
40.350002,-121.34999,2018-01-04 00:00:00,0,3.1442869
40.350002,-121.25,2018-01-04 00:00:00,0,0.75167054
40.350002,-121.149994,2018-01-04 00:00:00,0,0.46048185
40.350002,-121.049995,2018-01-04 00:00:00,0,0.8489938
40.350002,-120.95,2018-01-04 00:00:00,0,0.3243832
40.350002,-120.84999,2018-01-04 00:00:00,0,0.8446365
40.350002,-120.75,2018-01-04 00:00:00,0,0.9346233
40.350002,-120.649994,2018-01-04 00:00:00,0,0.22259998
40.350002,-120.549995,2018-01-04 00:00:00,0,1.2271724
40.350002,-120.45,2018-01-04 00:00:00,0,1.8099177
40.350002,-120.34999,2018-01-04 00:00:00,0,1.456884
40.350002,-120.25,2018-01-04 00:00:00,0,0.28179997
40.350002,-120.149994,2018-01-04 00:00:00,0,0.33221045
40.350002,-120.049995,2018-01-04 00:00:00,0,0.25171843
40.350002,-119.95,2018-01-04 00:00:00,0,0.0
40.350002,-119.84999,2018-01-04 00:00:00,0,0.0
40.350002,-119.75,2018-01-04 00:00:00,0,0.0
40.350002,-119.649994,2018-01-04 00:00:00,0,0.0
40.350002,-119.549995,2018-01-04 00:00:00,0,0.0
40.350002,-119.45,2018-01-04 00:00:00,0,0.0
40.350002,-119.34999,2018-01-04 00:00:00,0,0.0
40.350002,-119.25,2018-01-04 00:00:00,0,0.0
40.350002,-119.149994,2018-01-04 00:00:00,0,0.0
40.350002,-119.049995,2018-01-04 00:00:00,0,0.0
40.350002,-118.95,2018-01-04 00:00:00,0,0.0
40.350002,-118.84999,2018-01-04 00:00:00,0,0.0
40.350002,-118.75,2018-01-04 00:00:00,0,0.0
40.350002,-118.649994,2018-01-04 00:00:00,0,0.0
40.350002,-118.549995,2018-01-04 00:00:00,0,0.0
40.350002,-118.45,2018-01-04 00:00:00,0,0.0
40.350002,-118.34999,2018-01-04 00:00:00,0,0.0
40.350002,-118.25,2018-01-04 00:00:00,0,0.0
40.350002,-118.149994,2018-01-04 00:00:00,0,0.0
40.350002,-118.049995,2018-01-04 00:00:00,0,0.0
40.350002,-117.95,2018-01-04 00:00:00,0,0.0
40.350002,-117.84999,2018-01-04 00:00:00,0,0.0
40.350002,-117.75,2018-01-04 00:00:00,0,0.0
40.350002,-117.649994,2018-01-04 00:00:00,0,0.0
40.350002,-117.549995,2018-01-04 00:00:00,0,0.0
40.350002,-117.45,2018-01-04 00:00:00,0,0.0
40.350002,-117.34999,2018-01-04 00:00:00,0,0.0
40.350002,-117.25,2018-01-04 00:00:00,0,0.0
40.350002,-117.149994,2018-01-04 00:00:00,0,0.0
40.350002,-117.049995,2018-01-04 00:00:00,0,0.0
40.350002,-116.95,2018-01-04 00:00:00,0,0.0
40.350002,-116.84999,2018-01-04 00:00:00,0,0.0
40.350002,-116.75,2018-01-04 00:00:00,0,0.0
40.350002,-116.649994,2018-01-04 00:00:00,0,0.0
40.350002,-116.549995,2018-01-04 00:00:00,0,0.0
40.350002,-116.45,2018-01-04 00:00:00,0,0.0
40.350002,-116.34999,2018-01-04 00:00:00,0,0.0
40.350002,-116.25,2018-01-04 00:00:00,0,0.0
40.350002,-116.149994,2018-01-04 00:00:00,0,0.0
40.350002,-116.049995,2018-01-04 00:00:00,0,0.0
40.350002,-115.95,2018-01-04 00:00:00,0,0.0
40.350002,-115.85,2018-01-04 00:00:00,0,0.0
40.350002,-115.74999,2018-01-04 00:00:00,0,0.0
40.350002,-115.649994,2018-01-04 00:00:00,0,0.0
40.350002,-115.549995,2018-01-04 00:00:00,0,0.0
40.350002,-115.45,2018-01-04 00:00:00,0,0.0
40.350002,-115.35,2018-01-04 00:00:00,0,0.0
40.350002,-115.24999,2018-01-04 00:00:00,0,0.0
40.350002,-115.149994,2018-01-04 00:00:00,0,0.0
40.350002,-115.049995,2018-01-04 00:00:00,0,0.0
40.350002,-114.95,2018-01-04 00:00:00,0,0.0
40.350002,-114.85,2018-01-04 00:00:00,0,0.0
40.350002,-114.74999,2018-01-04 00:00:00,0,0.0
40.350002,-114.649994,2018-01-04 00:00:00,0,0.0
40.350002,-114.549995,2018-01-04 00:00:00,0,0.0
40.350002,-114.45,2018-01-04 00:00:00,0,0.0
40.350002,-114.35,2018-01-04 00:00:00,0,0.0
40.350002,-114.24999,2018-01-04 00:00:00,0,0.0
40.45001,-124.34999,2018-01-04 00:00:00,0,4.470344
40.45001,-124.25,2018-01-04 00:00:00,0,3.837548
40.45001,-124.149994,2018-01-04 00:00:00,0,2.6473262
40.45001,-124.049995,2018-01-04 00:00:00,0,3.774924
40.45001,-123.95,2018-01-04 00:00:00,0,1.9916185
40.45001,-123.84999,2018-01-04 00:00:00,0,2.0412076
40.45001,-123.75,2018-01-04 00:00:00,0,1.0847924
40.45001,-123.649994,2018-01-04 00:00:00,0,0.75483686
40.45001,-123.549995,2018-01-04 00:00:00,0,0.4981402
40.45001,-123.45,2018-01-04 00:00:00,0,0.8064121
40.45001,-123.34999,2018-01-04 00:00:00,0,0.63243693
40.45001,-123.25,2018-01-04 00:00:00,0,0.9018579
40.45001,-123.149994,2018-01-04 00:00:00,0,0.92262495
40.45001,-123.049995,2018-01-04 00:00:00,0,0.7123909
40.45001,-122.95,2018-01-04 00:00:00,0,0.80938107
40.45001,-122.84999,2018-01-04 00:00:00,0,0.7050457
40.45001,-122.75,2018-01-04 00:00:00,0,0.52563727
40.45001,-122.649994,2018-01-04 00:00:00,0,0.9902514
40.45001,-122.549995,2018-01-04 00:00:00,0,0.76784116
40.45001,-122.45,2018-01-04 00:00:00,0,2.5323927
40.45001,-122.34999,2018-01-04 00:00:00,0,1.7542297
40.45001,-122.25,2018-01-04 00:00:00,0,0.92190635
40.45001,-122.149994,2018-01-04 00:00:00,0,1.935105
40.45001,-122.049995,2018-01-04 00:00:00,0,1.5327219
40.45001,-121.95,2018-01-04 00:00:00,0,1.8373597
40.45001,-121.84999,2018-01-04 00:00:00,0,1.3750271
40.45001,-121.75,2018-01-04 00:00:00,0,1.1022557
40.45001,-121.649994,2018-01-04 00:00:00,0,1.0262318
40.45001,-121.549995,2018-01-04 00:00:00,0,0.174
40.45001,-121.45,2018-01-04 00:00:00,0,1.6924392
40.45001,-121.34999,2018-01-04 00:00:00,0,2.1221585
40.45001,-121.25,2018-01-04 00:00:00,0,0.52673656
40.45001,-121.149994,2018-01-04 00:00:00,0,0.48354802
40.45001,-121.049995,2018-01-04 00:00:00,0,0.6323396
40.45001,-120.95,2018-01-04 00:00:00,0,0.3244
40.45001,-120.84999,2018-01-04 00:00:00,0,1.4048501
40.45001,-120.75,2018-01-04 00:00:00,0,1.7176149
40.45001,-120.649994,2018-01-04 00:00:00,0,0.51960695
40.45001,-120.549995,2018-01-04 00:00:00,0,0.99832314
40.45001,-120.45,2018-01-04 00:00:00,0,1.3116206
40.45001,-120.34999,2018-01-04 00:00:00,0,1.1790515
40.45001,-120.25,2018-01-04 00:00:00,0,0.66808826
40.45001,-120.149994,2018-01-04 00:00:00,0,0.43962964
40.45001,-120.049995,2018-01-04 00:00:00,0,0.46959558
40.45001,-119.95,2018-01-04 00:00:00,0,0.0
40.45001,-119.84999,2018-01-04 00:00:00,0,0.0
40.45001,-119.75,2018-01-04 00:00:00,0,0.0
40.45001,-119.649994,2018-01-04 00:00:00,0,0.0
40.45001,-119.549995,2018-01-04 00:00:00,0,0.0
40.45001,-119.45,2018-01-04 00:00:00,0,0.0
40.45001,-119.34999,2018-01-04 00:00:00,0,0.0
40.45001,-119.25,2018-01-04 00:00:00,0,0.0
40.45001,-119.149994,2018-01-04 00:00:00,0,0.0
40.45001,-119.049995,2018-01-04 00:00:00,0,0.0
40.45001,-118.95,2018-01-04 00:00:00,0,0.0
40.45001,-118.84999,2018-01-04 00:00:00,0,0.0
40.45001,-118.75,2018-01-04 00:00:00,0,0.0
40.45001,-118.649994,2018-01-04 00:00:00,0,0.0
40.45001,-118.549995,2018-01-04 00:00:00,0,0.0
40.45001,-118.45,2018-01-04 00:00:00,0,0.0
40.45001,-118.34999,2018-01-04 00:00:00,0,0.0
40.45001,-118.25,2018-01-04 00:00:00,0,0.0
40.45001,-118.149994,2018-01-04 00:00:00,0,0.0
40.45001,-118.049995,2018-01-04 00:00:00,0,0.0
40.45001,-117.95,2018-01-04 00:00:00,0,0.0
40.45001,-117.84999,2018-01-04 00:00:00,0,0.0
40.45001,-117.75,2018-01-04 00:00:00,0,0.0
40.45001,-117.649994,2018-01-04 00:00:00,0,0.0
40.45001,-117.549995,2018-01-04 00:00:00,0,0.0
40.45001,-117.45,2018-01-04 00:00:00,0,0.0
40.45001,-117.34999,2018-01-04 00:00:00,0,0.0
40.45001,-117.25,2018-01-04 00:00:00,0,0.0
40.45001,-117.149994,2018-01-04 00:00:00,0,0.0
40.45001,-117.049995,2018-01-04 00:00:00,0,0.0
40.45001,-116.95,2018-01-04 00:00:00,0,0.0
40.45001,-116.84999,2018-01-04 00:00:00,0,0.0
40.45001,-116.75,2018-01-04 00:00:00,0,0.0
40.45001,-116.649994,2018-01-04 00:00:00,0,0.0
40.45001,-116.549995,2018-01-04 00:00:00,0,0.0
40.45001,-116.45,2018-01-04 00:00:00,0,0.0
40.45001,-116.34999,2018-01-04 00:00:00,0,0.0
40.45001,-116.25,2018-01-04 00:00:00,0,0.0
40.45001,-116.149994,2018-01-04 00:00:00,0,0.0
40.45001,-116.049995,2018-01-04 00:00:00,0,0.0
40.45001,-115.95,2018-01-04 00:00:00,0,0.0
40.45001,-115.85,2018-01-04 00:00:00,0,0.0
40.45001,-115.74999,2018-01-04 00:00:00,0,0.0
40.45001,-115.649994,2018-01-04 00:00:00,0,0.0
40.45001,-115.549995,2018-01-04 00:00:00,0,0.0
40.45001,-115.45,2018-01-04 00:00:00,0,0.0
40.45001,-115.35,2018-01-04 00:00:00,0,0.0
40.45001,-115.24999,2018-01-04 00:00:00,0,0.0
40.45001,-115.149994,2018-01-04 00:00:00,0,0.0
40.45001,-115.049995,2018-01-04 00:00:00,0,0.0
40.45001,-114.95,2018-01-04 00:00:00,0,0.0
40.45001,-114.85,2018-01-04 00:00:00,0,0.0
40.45001,-114.74999,2018-01-04 00:00:00,0,0.0
40.45001,-114.649994,2018-01-04 00:00:00,0,0.0
40.45001,-114.549995,2018-01-04 00:00:00,0,0.0
40.45001,-114.45,2018-01-04 00:00:00,0,0.0
40.45001,-114.35,2018-01-04 00:00:00,0,0.0
40.45001,-114.24999,2018-01-04 00:00:00,0,0.0
40.55,-124.34999,2018-01-04 00:00:00,0,5.5237155
40.55,-124.25,2018-01-04 00:00:00,0,3.5757327
40.55,-124.149994,2018-01-04 00:00:00,0,2.7234378
40.55,-124.049995,2018-01-04 00:00:00,0,2.5727093
40.55,-123.95,2018-01-04 00:00:00,0,1.5541291
40.55,-123.84999,2018-01-04 00:00:00,0,2.1783113
40.55,-123.75,2018-01-04 00:00:00,0,1.1187608
40.55,-123.649994,2018-01-04 00:00:00,0,1.1712689
40.55,-123.549995,2018-01-04 00:00:00,0,0.7928186
40.55,-123.45,2018-01-04 00:00:00,0,1.1300533
40.55,-123.34999,2018-01-04 00:00:00,0,0.68193734
40.55,-123.25,2018-01-04 00:00:00,0,0.9779047
40.55,-123.149994,2018-01-04 00:00:00,0,1.0640047
40.55,-123.049995,2018-01-04 00:00:00,0,0.7711381
40.55,-122.95,2018-01-04 00:00:00,0,0.6675579
40.55,-122.84999,2018-01-04 00:00:00,0,0.64573586
40.55,-122.75,2018-01-04 00:00:00,0,0.540768
40.55,-122.649994,2018-01-04 00:00:00,0,0.74478006
40.55,-122.549995,2018-01-04 00:00:00,0,0.7949228
40.55,-122.45,2018-01-04 00:00:00,0,1.2701414
40.55,-122.34999,2018-01-04 00:00:00,0,0.8699684
40.55,-122.25,2018-01-04 00:00:00,0,1.5063671
40.55,-122.149994,2018-01-04 00:00:00,0,2.2855706
40.55,-122.049995,2018-01-04 00:00:00,0,2.5092783
40.55,-121.95,2018-01-04 00:00:00,0,2.2846901
40.55,-121.84999,2018-01-04 00:00:00,0,1.7337182
40.55,-121.75,2018-01-04 00:00:00,0,1.0552562
40.55,-121.649994,2018-01-04 00:00:00,0,1.0708395
40.55,-121.549995,2018-01-04 00:00:00,0,1.0125101
40.55,-121.45,2018-01-04 00:00:00,0,0.9309205
40.55,-121.34999,2018-01-04 00:00:00,0,1.1125432
40.55,-121.25,2018-01-04 00:00:00,0,0.41939998
40.55,-121.149994,2018-01-04 00:00:00,0,0.8649397
40.55,-121.049995,2018-01-04 00:00:00,0,0.9923587
40.55,-120.95,2018-01-04 00:00:00,0,0.6750167
40.55,-120.84999,2018-01-04 00:00:00,0,1.4354866
40.55,-120.75,2018-01-04 00:00:00,0,1.8759973
40.55,-120.649994,2018-01-04 00:00:00,0,0.9087205
40.55,-120.549995,2018-01-04 00:00:00,0,1.1795368
40.55,-120.45,2018-01-04 00:00:00,0,1.1747038
40.55,-120.34999,2018-01-04 00:00:00,0,1.1152903
40.55,-120.25,2018-01-04 00:00:00,0,0.84773755
40.55,-120.149994,2018-01-04 00:00:00,0,0.4813092
40.55,-120.049995,2018-01-04 00:00:00,0,0.57725495
40.55,-119.95,2018-01-04 00:00:00,0,0.0
40.55,-119.84999,2018-01-04 00:00:00,0,0.0
40.55,-119.75,2018-01-04 00:00:00,0,0.0
40.55,-119.649994,2018-01-04 00:00:00,0,0.0
40.55,-119.549995,2018-01-04 00:00:00,0,0.0
40.55,-119.45,2018-01-04 00:00:00,0,0.0
40.55,-119.34999,2018-01-04 00:00:00,0,0.0
40.55,-119.25,2018-01-04 00:00:00,0,0.0
40.55,-119.149994,2018-01-04 00:00:00,0,0.0
40.55,-119.049995,2018-01-04 00:00:00,0,0.0
40.55,-118.95,2018-01-04 00:00:00,0,0.0
40.55,-118.84999,2018-01-04 00:00:00,0,0.0
40.55,-118.75,2018-01-04 00:00:00,0,0.0
40.55,-118.649994,2018-01-04 00:00:00,0,0.0
40.55,-118.549995,2018-01-04 00:00:00,0,0.0
40.55,-118.45,2018-01-04 00:00:00,0,0.0
40.55,-118.34999,2018-01-04 00:00:00,0,0.0
40.55,-118.25,2018-01-04 00:00:00,0,0.0
40.55,-118.149994,2018-01-04 00:00:00,0,0.0
40.55,-118.049995,2018-01-04 00:00:00,0,0.0
40.55,-117.95,2018-01-04 00:00:00,0,0.0
40.55,-117.84999,2018-01-04 00:00:00,0,0.0
40.55,-117.75,2018-01-04 00:00:00,0,0.0
40.55,-117.649994,2018-01-04 00:00:00,0,0.0
40.55,-117.549995,2018-01-04 00:00:00,0,0.0
40.55,-117.45,2018-01-04 00:00:00,0,0.0
40.55,-117.34999,2018-01-04 00:00:00,0,0.0
40.55,-117.25,2018-01-04 00:00:00,0,0.0
40.55,-117.149994,2018-01-04 00:00:00,0,0.0
40.55,-117.049995,2018-01-04 00:00:00,0,0.0
40.55,-116.95,2018-01-04 00:00:00,0,0.0
40.55,-116.84999,2018-01-04 00:00:00,0,0.0
40.55,-116.75,2018-01-04 00:00:00,0,0.0
40.55,-116.649994,2018-01-04 00:00:00,0,0.0
40.55,-116.549995,2018-01-04 00:00:00,0,0.0
40.55,-116.45,2018-01-04 00:00:00,0,0.0
40.55,-116.34999,2018-01-04 00:00:00,0,0.0
40.55,-116.25,2018-01-04 00:00:00,0,0.0
40.55,-116.149994,2018-01-04 00:00:00,0,0.0
40.55,-116.049995,2018-01-04 00:00:00,0,0.0
40.55,-115.95,2018-01-04 00:00:00,0,0.0
40.55,-115.85,2018-01-04 00:00:00,0,0.0
40.55,-115.74999,2018-01-04 00:00:00,0,0.0
40.55,-115.649994,2018-01-04 00:00:00,0,0.0
40.55,-115.549995,2018-01-04 00:00:00,0,0.0
40.55,-115.45,2018-01-04 00:00:00,0,0.0
40.55,-115.35,2018-01-04 00:00:00,0,0.0
40.55,-115.24999,2018-01-04 00:00:00,0,0.0
40.55,-115.149994,2018-01-04 00:00:00,0,0.0
40.55,-115.049995,2018-01-04 00:00:00,0,0.0
40.55,-114.95,2018-01-04 00:00:00,0,0.0
40.55,-114.85,2018-01-04 00:00:00,0,0.0
40.55,-114.74999,2018-01-04 00:00:00,0,0.0
40.55,-114.649994,2018-01-04 00:00:00,0,0.0
40.55,-114.549995,2018-01-04 00:00:00,0,0.0
40.55,-114.45,2018-01-04 00:00:00,0,0.0
40.55,-114.35,2018-01-04 00:00:00,0,0.0
40.55,-114.24999,2018-01-04 00:00:00,0,0.0
40.650005,-124.34999,2018-01-04 00:00:00,0,0.0
40.650005,-124.25,2018-01-04 00:00:00,0,3.4959855
40.650005,-124.149994,2018-01-04 00:00:00,0,2.7798672
40.650005,-124.049995,2018-01-04 00:00:00,0,3.1273253
40.650005,-123.95,2018-01-04 00:00:00,0,1.7706075
40.650005,-123.84999,2018-01-04 00:00:00,0,2.016083
40.650005,-123.75,2018-01-04 00:00:00,0,1.6942716
40.650005,-123.649994,2018-01-04 00:00:00,0,1.9957542
40.650005,-123.549995,2018-01-04 00:00:00,0,1.1996067
40.650005,-123.45,2018-01-04 00:00:00,0,1.553366
40.650005,-123.34999,2018-01-04 00:00:00,0,0.8869642
40.650005,-123.25,2018-01-04 00:00:00,0,1.0840906
40.650005,-123.149994,2018-01-04 00:00:00,0,1.1813183
40.650005,-123.049995,2018-01-04 00:00:00,0,0.60760385
40.650005,-122.95,2018-01-04 00:00:00,0,0.54221785
40.650005,-122.84999,2018-01-04 00:00:00,0,0.524102
40.650005,-122.75,2018-01-04 00:00:00,0,0.4006811
40.650005,-122.649994,2018-01-04 00:00:00,0,0.5996298
40.650005,-122.549995,2018-01-04 00:00:00,0,0.76653284
40.650005,-122.45,2018-01-04 00:00:00,0,0.7782226
40.650005,-122.34999,2018-01-04 00:00:00,0,0.8394023
40.650005,-122.25,2018-01-04 00:00:00,0,2.1684773
40.650005,-122.149994,2018-01-04 00:00:00,0,2.566497
40.650005,-122.049995,2018-01-04 00:00:00,0,3.3683853
40.650005,-121.95,2018-01-04 00:00:00,0,2.400798
40.650005,-121.84999,2018-01-04 00:00:00,0,1.1894804
40.650005,-121.75,2018-01-04 00:00:00,0,1.1138885
40.650005,-121.649994,2018-01-04 00:00:00,0,0.76553684
40.650005,-121.549995,2018-01-04 00:00:00,0,0.6150247
40.650005,-121.45,2018-01-04 00:00:00,0,0.9028504
40.650005,-121.34999,2018-01-04 00:00:00,0,0.78341687
40.650005,-121.25,2018-01-04 00:00:00,0,0.8659474
40.650005,-121.149994,2018-01-04 00:00:00,0,1.6394737
40.650005,-121.049995,2018-01-04 00:00:00,0,1.7054363
40.650005,-120.95,2018-01-04 00:00:00,0,0.58051264
40.650005,-120.84999,2018-01-04 00:00:00,0,1.4376274
40.650005,-120.75,2018-01-04 00:00:00,0,2.2306225
40.650005,-120.649994,2018-01-04 00:00:00,0,1.4669489
40.650005,-120.549995,2018-01-04 00:00:00,0,1.2220811
40.650005,-120.45,2018-01-04 00:00:00,0,0.86828226
40.650005,-120.34999,2018-01-04 00:00:00,0,1.03987
40.650005,-120.25,2018-01-04 00:00:00,0,1.0631199
40.650005,-120.149994,2018-01-04 00:00:00,0,0.5539426
40.650005,-120.049995,2018-01-04 00:00:00,0,0.83188117
40.650005,-119.95,2018-01-04 00:00:00,0,0.0
40.650005,-119.84999,2018-01-04 00:00:00,0,0.0
40.650005,-119.75,2018-01-04 00:00:00,0,0.0
40.650005,-119.649994,2018-01-04 00:00:00,0,0.0
40.650005,-119.549995,2018-01-04 00:00:00,0,0.0
40.650005,-119.45,2018-01-04 00:00:00,0,0.0
40.650005,-119.34999,2018-01-04 00:00:00,0,0.0
40.650005,-119.25,2018-01-04 00:00:00,0,0.0
40.650005,-119.149994,2018-01-04 00:00:00,0,0.0
40.650005,-119.049995,2018-01-04 00:00:00,0,0.0
40.650005,-118.95,2018-01-04 00:00:00,0,0.0
40.650005,-118.84999,2018-01-04 00:00:00,0,0.0
40.650005,-118.75,2018-01-04 00:00:00,0,0.0
40.650005,-118.649994,2018-01-04 00:00:00,0,0.0
40.650005,-118.549995,2018-01-04 00:00:00,0,0.0
40.650005,-118.45,2018-01-04 00:00:00,0,0.0
40.650005,-118.34999,2018-01-04 00:00:00,0,0.0
40.650005,-118.25,2018-01-04 00:00:00,0,0.0
40.650005,-118.149994,2018-01-04 00:00:00,0,0.0
40.650005,-118.049995,2018-01-04 00:00:00,0,0.0
40.650005,-117.95,2018-01-04 00:00:00,0,0.0
40.650005,-117.84999,2018-01-04 00:00:00,0,0.0
40.650005,-117.75,2018-01-04 00:00:00,0,0.0
40.650005,-117.649994,2018-01-04 00:00:00,0,0.0
40.650005,-117.549995,2018-01-04 00:00:00,0,0.0
40.650005,-117.45,2018-01-04 00:00:00,0,0.0
40.650005,-117.34999,2018-01-04 00:00:00,0,0.0
40.650005,-117.25,2018-01-04 00:00:00,0,0.0
40.650005,-117.149994,2018-01-04 00:00:00,0,0.0
40.650005,-117.049995,2018-01-04 00:00:00,0,0.0
40.650005,-116.95,2018-01-04 00:00:00,0,0.0
40.650005,-116.84999,2018-01-04 00:00:00,0,0.0
40.650005,-116.75,2018-01-04 00:00:00,0,0.0
40.650005,-116.649994,2018-01-04 00:00:00,0,0.0
40.650005,-116.549995,2018-01-04 00:00:00,0,0.0
40.650005,-116.45,2018-01-04 00:00:00,0,0.0
40.650005,-116.34999,2018-01-04 00:00:00,0,0.0
40.650005,-116.25,2018-01-04 00:00:00,0,0.0
40.650005,-116.149994,2018-01-04 00:00:00,0,0.0
40.650005,-116.049995,2018-01-04 00:00:00,0,0.0
40.650005,-115.95,2018-01-04 00:00:00,0,0.0
40.650005,-115.85,2018-01-04 00:00:00,0,0.0
40.650005,-115.74999,2018-01-04 00:00:00,0,0.0
40.650005,-115.649994,2018-01-04 00:00:00,0,0.0
40.650005,-115.549995,2018-01-04 00:00:00,0,0.0
40.650005,-115.45,2018-01-04 00:00:00,0,0.0
40.650005,-115.35,2018-01-04 00:00:00,0,0.0
40.650005,-115.24999,2018-01-04 00:00:00,0,0.0
40.650005,-115.149994,2018-01-04 00:00:00,0,0.0
40.650005,-115.049995,2018-01-04 00:00:00,0,0.0
40.650005,-114.95,2018-01-04 00:00:00,0,0.0
40.650005,-114.85,2018-01-04 00:00:00,0,0.0
40.650005,-114.74999,2018-01-04 00:00:00,0,0.0
40.650005,-114.649994,2018-01-04 00:00:00,0,0.0
40.650005,-114.549995,2018-01-04 00:00:00,0,0.0
40.650005,-114.45,2018-01-04 00:00:00,0,0.0
40.650005,-114.35,2018-01-04 00:00:00,0,0.0
40.650005,-114.24999,2018-01-04 00:00:00,0,0.0
40.749996,-124.34999,2018-01-04 00:00:00,0,0.0
40.749996,-124.25,2018-01-04 00:00:00,0,0.0
40.749996,-124.149994,2018-01-04 00:00:00,0,3.5918968
40.749996,-124.049995,2018-01-04 00:00:00,0,3.3248024
40.749996,-123.95,2018-01-04 00:00:00,0,3.1233208
40.749996,-123.84999,2018-01-04 00:00:00,0,2.4279425
40.749996,-123.75,2018-01-04 00:00:00,0,1.747621
40.749996,-123.649994,2018-01-04 00:00:00,0,2.861591
40.749996,-123.549995,2018-01-04 00:00:00,0,1.9457407
40.749996,-123.45,2018-01-04 00:00:00,0,2.3599482
40.749996,-123.34999,2018-01-04 00:00:00,0,1.2293329
40.749996,-123.25,2018-01-04 00:00:00,0,1.2602416
40.749996,-123.149994,2018-01-04 00:00:00,0,1.4333465
40.749996,-123.049995,2018-01-04 00:00:00,0,0.7846157
40.749996,-122.95,2018-01-04 00:00:00,0,0.6005612
40.749996,-122.84999,2018-01-04 00:00:00,0,0.54377234
40.749996,-122.75,2018-01-04 00:00:00,0,0.47829357
40.749996,-122.649994,2018-01-04 00:00:00,0,0.65641993
40.749996,-122.549995,2018-01-04 00:00:00,0,0.91443086
40.749996,-122.45,2018-01-04 00:00:00,0,1.1651037
40.749996,-122.34999,2018-01-04 00:00:00,0,2.1515534
40.749996,-122.25,2018-01-04 00:00:00,0,3.856012
40.749996,-122.149994,2018-01-04 00:00:00,0,3.9768596
40.749996,-122.049995,2018-01-04 00:00:00,0,4.833461
40.749996,-121.95,2018-01-04 00:00:00,0,1.9068292
40.749996,-121.84999,2018-01-04 00:00:00,0,0.8647338
40.749996,-121.75,2018-01-04 00:00:00,0,0.49024662
40.749996,-121.649994,2018-01-04 00:00:00,0,0.55625993
40.749996,-121.549995,2018-01-04 00:00:00,0,0.8226906
40.749996,-121.45,2018-01-04 00:00:00,0,0.7918923
40.749996,-121.34999,2018-01-04 00:00:00,0,0.93778485
40.749996,-121.25,2018-01-04 00:00:00,0,0.75592524
40.749996,-121.149994,2018-01-04 00:00:00,0,1.655534
40.749996,-121.049995,2018-01-04 00:00:00,0,1.8460349
40.749996,-120.95,2018-01-04 00:00:00,0,0.6725983
40.749996,-120.84999,2018-01-04 00:00:00,0,1.4436977
40.749996,-120.75,2018-01-04 00:00:00,0,2.3578043
40.749996,-120.649994,2018-01-04 00:00:00,0,1.7578756
40.749996,-120.549995,2018-01-04 00:00:00,0,1.6546311
40.749996,-120.45,2018-01-04 00:00:00,0,1.4291207
40.749996,-120.34999,2018-01-04 00:00:00,0,1.1062034
40.749996,-120.25,2018-01-04 00:00:00,0,1.3832151
40.749996,-120.149994,2018-01-04 00:00:00,0,0.6179234
40.749996,-120.049995,2018-01-04 00:00:00,0,0.96958673
40.749996,-119.95,2018-01-04 00:00:00,0,0.0
40.749996,-119.84999,2018-01-04 00:00:00,0,0.0
40.749996,-119.75,2018-01-04 00:00:00,0,0.0
40.749996,-119.649994,2018-01-04 00:00:00,0,0.0
40.749996,-119.549995,2018-01-04 00:00:00,0,0.0
40.749996,-119.45,2018-01-04 00:00:00,0,0.0
40.749996,-119.34999,2018-01-04 00:00:00,0,0.0
40.749996,-119.25,2018-01-04 00:00:00,0,0.0
40.749996,-119.149994,2018-01-04 00:00:00,0,0.0
40.749996,-119.049995,2018-01-04 00:00:00,0,0.0
40.749996,-118.95,2018-01-04 00:00:00,0,0.0
40.749996,-118.84999,2018-01-04 00:00:00,0,0.0
40.749996,-118.75,2018-01-04 00:00:00,0,0.0
40.749996,-118.649994,2018-01-04 00:00:00,0,0.0
40.749996,-118.549995,2018-01-04 00:00:00,0,0.0
40.749996,-118.45,2018-01-04 00:00:00,0,0.0
40.749996,-118.34999,2018-01-04 00:00:00,0,0.0
40.749996,-118.25,2018-01-04 00:00:00,0,0.0
40.749996,-118.149994,2018-01-04 00:00:00,0,0.0
40.749996,-118.049995,2018-01-04 00:00:00,0,0.0
40.749996,-117.95,2018-01-04 00:00:00,0,0.0
40.749996,-117.84999,2018-01-04 00:00:00,0,0.0
40.749996,-117.75,2018-01-04 00:00:00,0,0.0
40.749996,-117.649994,2018-01-04 00:00:00,0,0.0
40.749996,-117.549995,2018-01-04 00:00:00,0,0.0
40.749996,-117.45,2018-01-04 00:00:00,0,0.0
40.749996,-117.34999,2018-01-04 00:00:00,0,0.0
40.749996,-117.25,2018-01-04 00:00:00,0,0.0
40.749996,-117.149994,2018-01-04 00:00:00,0,0.0
40.749996,-117.049995,2018-01-04 00:00:00,0,0.0
40.749996,-116.95,2018-01-04 00:00:00,0,0.0
40.749996,-116.84999,2018-01-04 00:00:00,0,0.0
40.749996,-116.75,2018-01-04 00:00:00,0,0.0
40.749996,-116.649994,2018-01-04 00:00:00,0,0.0
40.749996,-116.549995,2018-01-04 00:00:00,0,0.0
40.749996,-116.45,2018-01-04 00:00:00,0,0.0
40.749996,-116.34999,2018-01-04 00:00:00,0,0.0
40.749996,-116.25,2018-01-04 00:00:00,0,0.0
40.749996,-116.149994,2018-01-04 00:00:00,0,0.0
40.749996,-116.049995,2018-01-04 00:00:00,0,0.0
40.749996,-115.95,2018-01-04 00:00:00,0,0.0
40.749996,-115.85,2018-01-04 00:00:00,0,0.0
40.749996,-115.74999,2018-01-04 00:00:00,0,0.0
40.749996,-115.649994,2018-01-04 00:00:00,0,0.0
40.749996,-115.549995,2018-01-04 00:00:00,0,0.0
40.749996,-115.45,2018-01-04 00:00:00,0,0.0
40.749996,-115.35,2018-01-04 00:00:00,0,0.0
40.749996,-115.24999,2018-01-04 00:00:00,0,0.0
40.749996,-115.149994,2018-01-04 00:00:00,0,0.0
40.749996,-115.049995,2018-01-04 00:00:00,0,0.0
40.749996,-114.95,2018-01-04 00:00:00,0,0.0
40.749996,-114.85,2018-01-04 00:00:00,0,0.0
40.749996,-114.74999,2018-01-04 00:00:00,0,0.0
40.749996,-114.649994,2018-01-04 00:00:00,0,0.0
40.749996,-114.549995,2018-01-04 00:00:00,0,0.0
40.749996,-114.45,2018-01-04 00:00:00,0,0.0
40.749996,-114.35,2018-01-04 00:00:00,0,0.0
40.749996,-114.24999,2018-01-04 00:00:00,0,0.0
40.850002,-124.34999,2018-01-04 00:00:00,0,0.0
40.850002,-124.25,2018-01-04 00:00:00,0,0.0
40.850002,-124.149994,2018-01-04 00:00:00,0,3.9168143
40.850002,-124.049995,2018-01-04 00:00:00,0,4.3920984
40.850002,-123.95,2018-01-04 00:00:00,0,3.7175248
40.850002,-123.84999,2018-01-04 00:00:00,0,2.5490527
40.850002,-123.75,2018-01-04 00:00:00,0,2.4214077
40.850002,-123.649994,2018-01-04 00:00:00,0,3.2995956
40.850002,-123.549995,2018-01-04 00:00:00,0,2.2889721
40.850002,-123.45,2018-01-04 00:00:00,0,2.5573897
40.850002,-123.34999,2018-01-04 00:00:00,0,1.5017897
40.850002,-123.25,2018-01-04 00:00:00,0,1.452606
40.850002,-123.149994,2018-01-04 00:00:00,0,1.6467894
40.850002,-123.049995,2018-01-04 00:00:00,0,0.8226756
40.850002,-122.95,2018-01-04 00:00:00,0,0.73607135
40.850002,-122.84999,2018-01-04 00:00:00,0,0.67962503
40.850002,-122.75,2018-01-04 00:00:00,0,0.6117284
40.850002,-122.649994,2018-01-04 00:00:00,0,0.82964617
40.850002,-122.549995,2018-01-04 00:00:00,0,1.20368
40.850002,-122.45,2018-01-04 00:00:00,0,1.6167262
40.850002,-122.34999,2018-01-04 00:00:00,0,3.5426543
40.850002,-122.25,2018-01-04 00:00:00,0,5.2275414
40.850002,-122.149994,2018-01-04 00:00:00,0,4.4832983
40.850002,-122.049995,2018-01-04 00:00:00,0,4.710098
40.850002,-121.95,2018-01-04 00:00:00,0,1.4760879
40.850002,-121.84999,2018-01-04 00:00:00,0,0.42240375
40.850002,-121.75,2018-01-04 00:00:00,0,0.38966104
40.850002,-121.649994,2018-01-04 00:00:00,0,0.44372055
40.850002,-121.549995,2018-01-04 00:00:00,0,0.9390596
40.850002,-121.45,2018-01-04 00:00:00,0,1.4141097
40.850002,-121.34999,2018-01-04 00:00:00,0,1.0724509
40.850002,-121.25,2018-01-04 00:00:00,0,0.76204395
40.850002,-121.149994,2018-01-04 00:00:00,0,1.4394408
40.850002,-121.049995,2018-01-04 00:00:00,0,1.6933619
40.850002,-120.95,2018-01-04 00:00:00,0,0.7651686
40.850002,-120.84999,2018-01-04 00:00:00,0,1.4568806
40.850002,-120.75,2018-01-04 00:00:00,0,2.6156013
40.850002,-120.649994,2018-01-04 00:00:00,0,2.1017797
40.850002,-120.549995,2018-01-04 00:00:00,0,2.013413
40.850002,-120.45,2018-01-04 00:00:00,0,1.8508145
40.850002,-120.34999,2018-01-04 00:00:00,0,1.494053
40.850002,-120.25,2018-01-04 00:00:00,0,1.6044796
40.850002,-120.149994,2018-01-04 00:00:00,0,0.92908776
40.850002,-120.049995,2018-01-04 00:00:00,0,0.396
40.850002,-119.95,2018-01-04 00:00:00,0,0.0
40.850002,-119.84999,2018-01-04 00:00:00,0,0.0
40.850002,-119.75,2018-01-04 00:00:00,0,0.0
40.850002,-119.649994,2018-01-04 00:00:00,0,0.0
40.850002,-119.549995,2018-01-04 00:00:00,0,0.0
40.850002,-119.45,2018-01-04 00:00:00,0,0.0
40.850002,-119.34999,2018-01-04 00:00:00,0,0.0
40.850002,-119.25,2018-01-04 00:00:00,0,0.0
40.850002,-119.149994,2018-01-04 00:00:00,0,0.0
40.850002,-119.049995,2018-01-04 00:00:00,0,0.0
40.850002,-118.95,2018-01-04 00:00:00,0,0.0
40.850002,-118.84999,2018-01-04 00:00:00,0,0.0
40.850002,-118.75,2018-01-04 00:00:00,0,0.0
40.850002,-118.649994,2018-01-04 00:00:00,0,0.0
40.850002,-118.549995,2018-01-04 00:00:00,0,0.0
40.850002,-118.45,2018-01-04 00:00:00,0,0.0
40.850002,-118.34999,2018-01-04 00:00:00,0,0.0
40.850002,-118.25,2018-01-04 00:00:00,0,0.0
40.850002,-118.149994,2018-01-04 00:00:00,0,0.0
40.850002,-118.049995,2018-01-04 00:00:00,0,0.0
40.850002,-117.95,2018-01-04 00:00:00,0,0.0
40.850002,-117.84999,2018-01-04 00:00:00,0,0.0
40.850002,-117.75,2018-01-04 00:00:00,0,0.0
40.850002,-117.649994,2018-01-04 00:00:00,0,0.0
40.850002,-117.549995,2018-01-04 00:00:00,0,0.0
40.850002,-117.45,2018-01-04 00:00:00,0,0.0
40.850002,-117.34999,2018-01-04 00:00:00,0,0.0
40.850002,-117.25,2018-01-04 00:00:00,0,0.0
40.850002,-117.149994,2018-01-04 00:00:00,0,0.0
40.850002,-117.049995,2018-01-04 00:00:00,0,0.0
40.850002,-116.95,2018-01-04 00:00:00,0,0.0
40.850002,-116.84999,2018-01-04 00:00:00,0,0.0
40.850002,-116.75,2018-01-04 00:00:00,0,0.0
40.850002,-116.649994,2018-01-04 00:00:00,0,0.0
40.850002,-116.549995,2018-01-04 00:00:00,0,0.0
40.850002,-116.45,2018-01-04 00:00:00,0,0.0
40.850002,-116.34999,2018-01-04 00:00:00,0,0.0
40.850002,-116.25,2018-01-04 00:00:00,0,0.0
40.850002,-116.149994,2018-01-04 00:00:00,0,0.0
40.850002,-116.049995,2018-01-04 00:00:00,0,0.0
40.850002,-115.95,2018-01-04 00:00:00,0,0.0
40.850002,-115.85,2018-01-04 00:00:00,0,0.0
40.850002,-115.74999,2018-01-04 00:00:00,0,0.0
40.850002,-115.649994,2018-01-04 00:00:00,0,0.0
40.850002,-115.549995,2018-01-04 00:00:00,0,0.0
40.850002,-115.45,2018-01-04 00:00:00,0,0.0
40.850002,-115.35,2018-01-04 00:00:00,0,0.0
40.850002,-115.24999,2018-01-04 00:00:00,0,0.0
40.850002,-115.149994,2018-01-04 00:00:00,0,0.0
40.850002,-115.049995,2018-01-04 00:00:00,0,0.0
40.850002,-114.95,2018-01-04 00:00:00,0,0.0
40.850002,-114.85,2018-01-04 00:00:00,0,0.0
40.850002,-114.74999,2018-01-04 00:00:00,0,0.0
40.850002,-114.649994,2018-01-04 00:00:00,0,0.0
40.850002,-114.549995,2018-01-04 00:00:00,0,0.0
40.850002,-114.45,2018-01-04 00:00:00,0,0.0
40.850002,-114.35,2018-01-04 00:00:00,0,0.0
40.850002,-114.24999,2018-01-04 00:00:00,0,0.0
40.95001,-124.34999,2018-01-04 00:00:00,0,0.0
40.95001,-124.25,2018-01-04 00:00:00,0,0.0
40.95001,-124.149994,2018-01-04 00:00:00,0,0.0
40.95001,-124.049995,2018-01-04 00:00:00,0,5.1610904
40.95001,-123.95,2018-01-04 00:00:00,0,3.701481
40.95001,-123.84999,2018-01-04 00:00:00,0,3.4677598
40.95001,-123.75,2018-01-04 00:00:00,0,2.6168244
40.95001,-123.649994,2018-01-04 00:00:00,0,3.3587134
40.95001,-123.549995,2018-01-04 00:00:00,0,2.3700793
40.95001,-123.45,2018-01-04 00:00:00,0,2.9338264
40.95001,-123.34999,2018-01-04 00:00:00,0,1.6924227
40.95001,-123.25,2018-01-04 00:00:00,0,1.5205114
40.95001,-123.149994,2018-01-04 00:00:00,0,2.0490148
40.95001,-123.049995,2018-01-04 00:00:00,0,1.2180282
40.95001,-122.95,2018-01-04 00:00:00,0,1.1120872
40.95001,-122.84999,2018-01-04 00:00:00,0,0.90028155
40.95001,-122.75,2018-01-04 00:00:00,0,0.8239087
40.95001,-122.649994,2018-01-04 00:00:00,0,1.1935416
40.95001,-122.549995,2018-01-04 00:00:00,0,1.5686948
40.95001,-122.45,2018-01-04 00:00:00,0,2.1057904
40.95001,-122.34999,2018-01-04 00:00:00,0,4.730598
40.95001,-122.25,2018-01-04 00:00:00,0,5.1987543
40.95001,-122.149994,2018-01-04 00:00:00,0,3.9677637
40.95001,-122.049995,2018-01-04 00:00:00,0,4.3479776
40.95001,-121.95,2018-01-04 00:00:00,0,2.1938646
40.95001,-121.84999,2018-01-04 00:00:00,0,0.2712954
40.95001,-121.75,2018-01-04 00:00:00,0,0.3954008
40.95001,-121.649994,2018-01-04 00:00:00,0,0.44011992
40.95001,-121.549995,2018-01-04 00:00:00,0,1.7611675
40.95001,-121.45,2018-01-04 00:00:00,0,2.1914172
40.95001,-121.34999,2018-01-04 00:00:00,0,0.78904
40.95001,-121.25,2018-01-04 00:00:00,0,0.68972373
40.95001,-121.149994,2018-01-04 00:00:00,0,1.1692452
40.95001,-121.049995,2018-01-04 00:00:00,0,1.634048
40.95001,-120.95,2018-01-04 00:00:00,0,0.99345493
40.95001,-120.84999,2018-01-04 00:00:00,0,1.5357411
40.95001,-120.75,2018-01-04 00:00:00,0,2.8474293
40.95001,-120.649994,2018-01-04 00:00:00,0,2.3817196
40.95001,-120.549995,2018-01-04 00:00:00,0,2.6086116
40.95001,-120.45,2018-01-04 00:00:00,0,2.478842
40.95001,-120.34999,2018-01-04 00:00:00,0,1.7872056
40.95001,-120.25,2018-01-04 00:00:00,0,1.534352
40.95001,-120.149994,2018-01-04 00:00:00,0,1.1237292
40.95001,-120.049995,2018-01-04 00:00:00,0,1.1026647
40.95001,-119.95,2018-01-04 00:00:00,0,0.0
40.95001,-119.84999,2018-01-04 00:00:00,0,0.0
40.95001,-119.75,2018-01-04 00:00:00,0,0.0
40.95001,-119.649994,2018-01-04 00:00:00,0,0.0
40.95001,-119.549995,2018-01-04 00:00:00,0,0.0
40.95001,-119.45,2018-01-04 00:00:00,0,0.0
40.95001,-119.34999,2018-01-04 00:00:00,0,0.0
40.95001,-119.25,2018-01-04 00:00:00,0,0.0
40.95001,-119.149994,2018-01-04 00:00:00,0,0.0
40.95001,-119.049995,2018-01-04 00:00:00,0,0.0
40.95001,-118.95,2018-01-04 00:00:00,0,0.0
40.95001,-118.84999,2018-01-04 00:00:00,0,0.0
40.95001,-118.75,2018-01-04 00:00:00,0,0.0
40.95001,-118.649994,2018-01-04 00:00:00,0,0.0
40.95001,-118.549995,2018-01-04 00:00:00,0,0.0
40.95001,-118.45,2018-01-04 00:00:00,0,0.0
40.95001,-118.34999,2018-01-04 00:00:00,0,0.0
40.95001,-118.25,2018-01-04 00:00:00,0,0.0
40.95001,-118.149994,2018-01-04 00:00:00,0,0.0
40.95001,-118.049995,2018-01-04 00:00:00,0,0.0
40.95001,-117.95,2018-01-04 00:00:00,0,0.0
40.95001,-117.84999,2018-01-04 00:00:00,0,0.0
40.95001,-117.75,2018-01-04 00:00:00,0,0.0
40.95001,-117.649994,2018-01-04 00:00:00,0,0.0
40.95001,-117.549995,2018-01-04 00:00:00,0,0.0
40.95001,-117.45,2018-01-04 00:00:00,0,0.0
40.95001,-117.34999,2018-01-04 00:00:00,0,0.0
40.95001,-117.25,2018-01-04 00:00:00,0,0.0
40.95001,-117.149994,2018-01-04 00:00:00,0,0.0
40.95001,-117.049995,2018-01-04 00:00:00,0,0.0
40.95001,-116.95,2018-01-04 00:00:00,0,0.0
40.95001,-116.84999,2018-01-04 00:00:00,0,0.0
40.95001,-116.75,2018-01-04 00:00:00,0,0.0
40.95001,-116.649994,2018-01-04 00:00:00,0,0.0
40.95001,-116.549995,2018-01-04 00:00:00,0,0.0
40.95001,-116.45,2018-01-04 00:00:00,0,0.0
40.95001,-116.34999,2018-01-04 00:00:00,0,0.0
40.95001,-116.25,2018-01-04 00:00:00,0,0.0
40.95001,-116.149994,2018-01-04 00:00:00,0,0.0
40.95001,-116.049995,2018-01-04 00:00:00,0,0.0
40.95001,-115.95,2018-01-04 00:00:00,0,0.0
40.95001,-115.85,2018-01-04 00:00:00,0,0.0
40.95001,-115.74999,2018-01-04 00:00:00,0,0.0
40.95001,-115.649994,2018-01-04 00:00:00,0,0.0
40.95001,-115.549995,2018-01-04 00:00:00,0,0.0
40.95001,-115.45,2018-01-04 00:00:00,0,0.0
40.95001,-115.35,2018-01-04 00:00:00,0,0.0
40.95001,-115.24999,2018-01-04 00:00:00,0,0.0
40.95001,-115.149994,2018-01-04 00:00:00,0,0.0
40.95001,-115.049995,2018-01-04 00:00:00,0,0.0
40.95001,-114.95,2018-01-04 00:00:00,0,0.0
40.95001,-114.85,2018-01-04 00:00:00,0,0.0
40.95001,-114.74999,2018-01-04 00:00:00,0,0.0
40.95001,-114.649994,2018-01-04 00:00:00,0,0.0
40.95001,-114.549995,2018-01-04 00:00:00,0,0.0
40.95001,-114.45,2018-01-04 00:00:00,0,0.0
40.95001,-114.35,2018-01-04 00:00:00,0,0.0
40.95001,-114.24999,2018-01-04 00:00:00,0,0.0
41.05,-124.34999,2018-01-04 00:00:00,0,0.0
41.05,-124.25,2018-01-04 00:00:00,0,0.0
41.05,-124.149994,2018-01-04 00:00:00,0,0.0
41.05,-124.049995,2018-01-04 00:00:00,0,5.8604627
41.05,-123.95,2018-01-04 00:00:00,0,5.2144156
41.05,-123.84999,2018-01-04 00:00:00,0,3.4567769
41.05,-123.75,2018-01-04 00:00:00,0,3.997383
41.05,-123.649994,2018-01-04 00:00:00,0,3.9925003
41.05,-123.549995,2018-01-04 00:00:00,0,2.6713824
41.05,-123.45,2018-01-04 00:00:00,0,2.9640474
41.05,-123.34999,2018-01-04 00:00:00,0,2.087365
41.05,-123.25,2018-01-04 00:00:00,0,2.0407827
41.05,-123.149994,2018-01-04 00:00:00,0,2.5985935
41.05,-123.049995,2018-01-04 00:00:00,0,1.6892538
41.05,-122.95,2018-01-04 00:00:00,0,1.5566139
41.05,-122.84999,2018-01-04 00:00:00,0,1.3518795
41.05,-122.75,2018-01-04 00:00:00,0,1.4664806
41.05,-122.649994,2018-01-04 00:00:00,0,1.7514766
41.05,-122.549995,2018-01-04 00:00:00,0,1.9904386
41.05,-122.45,2018-01-04 00:00:00,0,2.7178278
41.05,-122.34999,2018-01-04 00:00:00,0,4.777442
41.05,-122.25,2018-01-04 00:00:00,0,4.2713275
41.05,-122.149994,2018-01-04 00:00:00,0,3.1642148
41.05,-122.049995,2018-01-04 00:00:00,0,3.6542609
41.05,-121.95,2018-01-04 00:00:00,0,2.9834929
41.05,-121.84999,2018-01-04 00:00:00,0,0.28680626
41.05,-121.75,2018-01-04 00:00:00,0,0.8288
41.05,-121.649994,2018-01-04 00:00:00,0,0.5984
41.05,-121.549995,2018-01-04 00:00:00,0,1.6644008
41.05,-121.45,2018-01-04 00:00:00,0,2.1650057
41.05,-121.34999,2018-01-04 00:00:00,0,0.5848165
41.05,-121.25,2018-01-04 00:00:00,0,0.6226966
41.05,-121.149994,2018-01-04 00:00:00,0,0.77263314
41.05,-121.049995,2018-01-04 00:00:00,0,1.3822782
41.05,-120.95,2018-01-04 00:00:00,0,1.2930452
41.05,-120.84999,2018-01-04 00:00:00,0,1.8497056
41.05,-120.75,2018-01-04 00:00:00,0,3.5444844
41.05,-120.649994,2018-01-04 00:00:00,0,2.7098618
41.05,-120.549995,2018-01-04 00:00:00,0,2.7516637
41.05,-120.45,2018-01-04 00:00:00,0,2.6600296
41.05,-120.34999,2018-01-04 00:00:00,0,1.5065159
41.05,-120.25,2018-01-04 00:00:00,0,1.385185
41.05,-120.149994,2018-01-04 00:00:00,0,1.0849255
41.05,-120.049995,2018-01-04 00:00:00,0,0.9936215
41.05,-119.95,2018-01-04 00:00:00,0,0.0
41.05,-119.84999,2018-01-04 00:00:00,0,0.0
41.05,-119.75,2018-01-04 00:00:00,0,0.0
41.05,-119.649994,2018-01-04 00:00:00,0,0.0
41.05,-119.549995,2018-01-04 00:00:00,0,0.0
41.05,-119.45,2018-01-04 00:00:00,0,0.0
41.05,-119.34999,2018-01-04 00:00:00,0,0.0
41.05,-119.25,2018-01-04 00:00:00,0,0.0
41.05,-119.149994,2018-01-04 00:00:00,0,0.0
41.05,-119.049995,2018-01-04 00:00:00,0,0.0
41.05,-118.95,2018-01-04 00:00:00,0,0.0
41.05,-118.84999,2018-01-04 00:00:00,0,0.0
41.05,-118.75,2018-01-04 00:00:00,0,0.0
41.05,-118.649994,2018-01-04 00:00:00,0,0.0
41.05,-118.549995,2018-01-04 00:00:00,0,0.0
41.05,-118.45,2018-01-04 00:00:00,0,0.0
41.05,-118.34999,2018-01-04 00:00:00,0,0.0
41.05,-118.25,2018-01-04 00:00:00,0,0.0
41.05,-118.149994,2018-01-04 00:00:00,0,0.0
41.05,-118.049995,2018-01-04 00:00:00,0,0.0
41.05,-117.95,2018-01-04 00:00:00,0,0.0
41.05,-117.84999,2018-01-04 00:00:00,0,0.0
41.05,-117.75,2018-01-04 00:00:00,0,0.0
41.05,-117.649994,2018-01-04 00:00:00,0,0.0
41.05,-117.549995,2018-01-04 00:00:00,0,0.0
41.05,-117.45,2018-01-04 00:00:00,0,0.0
41.05,-117.34999,2018-01-04 00:00:00,0,0.0
41.05,-117.25,2018-01-04 00:00:00,0,0.0
41.05,-117.149994,2018-01-04 00:00:00,0,0.0
41.05,-117.049995,2018-01-04 00:00:00,0,0.0
41.05,-116.95,2018-01-04 00:00:00,0,0.0
41.05,-116.84999,2018-01-04 00:00:00,0,0.0
41.05,-116.75,2018-01-04 00:00:00,0,0.0
41.05,-116.649994,2018-01-04 00:00:00,0,0.0
41.05,-116.549995,2018-01-04 00:00:00,0,0.0
41.05,-116.45,2018-01-04 00:00:00,0,0.0
41.05,-116.34999,2018-01-04 00:00:00,0,0.0
41.05,-116.25,2018-01-04 00:00:00,0,0.0
41.05,-116.149994,2018-01-04 00:00:00,0,0.0
41.05,-116.049995,2018-01-04 00:00:00,0,0.0
41.05,-115.95,2018-01-04 00:00:00,0,0.0
41.05,-115.85,2018-01-04 00:00:00,0,0.0
41.05,-115.74999,2018-01-04 00:00:00,0,0.0
41.05,-115.649994,2018-01-04 00:00:00,0,0.0
41.05,-115.549995,2018-01-04 00:00:00,0,0.0
41.05,-115.45,2018-01-04 00:00:00,0,0.0
41.05,-115.35,2018-01-04 00:00:00,0,0.0
41.05,-115.24999,2018-01-04 00:00:00,0,0.0
41.05,-115.149994,2018-01-04 00:00:00,0,0.0
41.05,-115.049995,2018-01-04 00:00:00,0,0.0
41.05,-114.95,2018-01-04 00:00:00,0,0.0
41.05,-114.85,2018-01-04 00:00:00,0,0.0
41.05,-114.74999,2018-01-04 00:00:00,0,0.0
41.05,-114.649994,2018-01-04 00:00:00,0,0.0
41.05,-114.549995,2018-01-04 00:00:00,0,0.0
41.05,-114.45,2018-01-04 00:00:00,0,0.0
41.05,-114.35,2018-01-04 00:00:00,0,0.0
41.05,-114.24999,2018-01-04 00:00:00,0,0.0
41.150005,-124.34999,2018-01-04 00:00:00,0,0.0
41.150005,-124.25,2018-01-04 00:00:00,0,0.0
41.150005,-124.149994,2018-01-04 00:00:00,0,0.0
41.150005,-124.049995,2018-01-04 00:00:00,0,4.8551807
41.150005,-123.95,2018-01-04 00:00:00,0,4.698314
41.150005,-123.84999,2018-01-04 00:00:00,0,3.1212769
41.150005,-123.75,2018-01-04 00:00:00,0,3.7280633
41.150005,-123.649994,2018-01-04 00:00:00,0,3.795422
41.150005,-123.549995,2018-01-04 00:00:00,0,3.260331
41.150005,-123.45,2018-01-04 00:00:00,0,3.6050327
41.150005,-123.34999,2018-01-04 00:00:00,0,2.6566284
41.150005,-123.25,2018-01-04 00:00:00,0,2.8937087
41.150005,-123.149994,2018-01-04 00:00:00,0,2.9821978
41.150005,-123.049995,2018-01-04 00:00:00,0,2.3330772
41.150005,-122.95,2018-01-04 00:00:00,0,2.0920084
41.150005,-122.84999,2018-01-04 00:00:00,0,1.7805593
41.150005,-122.75,2018-01-04 00:00:00,0,2.1901886
41.150005,-122.649994,2018-01-04 00:00:00,0,1.716417
41.150005,-122.549995,2018-01-04 00:00:00,0,1.932157
41.150005,-122.45,2018-01-04 00:00:00,0,2.620661
41.150005,-122.34999,2018-01-04 00:00:00,0,4.905537
41.150005,-122.25,2018-01-04 00:00:00,0,3.4431195
41.150005,-122.149994,2018-01-04 00:00:00,0,3.0011997
41.150005,-122.049995,2018-01-04 00:00:00,0,2.7108178
41.150005,-121.95,2018-01-04 00:00:00,0,2.380403
41.150005,-121.84999,2018-01-04 00:00:00,0,0.52166176
41.150005,-121.75,2018-01-04 00:00:00,0,0.19787666
41.150005,-121.649994,2018-01-04 00:00:00,0,0.31399998
41.150005,-121.549995,2018-01-04 00:00:00,0,0.31440002
41.150005,-121.45,2018-01-04 00:00:00,0,1.4060429
41.150005,-121.34999,2018-01-04 00:00:00,0,0.39062005
41.150005,-121.25,2018-01-04 00:00:00,0,0.55715287
41.150005,-121.149994,2018-01-04 00:00:00,0,0.6767356
41.150005,-121.049995,2018-01-04 00:00:00,0,1.6020783
41.150005,-120.95,2018-01-04 00:00:00,0,1.7307005
41.150005,-120.84999,2018-01-04 00:00:00,0,2.4097686
41.150005,-120.75,2018-01-04 00:00:00,0,3.8806858
41.150005,-120.649994,2018-01-04 00:00:00,0,2.7498832
41.150005,-120.549995,2018-01-04 00:00:00,0,2.6666849
41.150005,-120.45,2018-01-04 00:00:00,0,2.6340282
41.150005,-120.34999,2018-01-04 00:00:00,0,1.2281481
41.150005,-120.25,2018-01-04 00:00:00,0,1.1416198
41.150005,-120.149994,2018-01-04 00:00:00,0,0.099199995
41.150005,-120.049995,2018-01-04 00:00:00,0,0.9378624
41.150005,-119.95,2018-01-04 00:00:00,0,0.0
41.150005,-119.84999,2018-01-04 00:00:00,0,0.0
41.150005,-119.75,2018-01-04 00:00:00,0,0.0
41.150005,-119.649994,2018-01-04 00:00:00,0,0.0
41.150005,-119.549995,2018-01-04 00:00:00,0,0.0
41.150005,-119.45,2018-01-04 00:00:00,0,0.0
41.150005,-119.34999,2018-01-04 00:00:00,0,0.0
41.150005,-119.25,2018-01-04 00:00:00,0,0.0
41.150005,-119.149994,2018-01-04 00:00:00,0,0.0
41.150005,-119.049995,2018-01-04 00:00:00,0,0.0
41.150005,-118.95,2018-01-04 00:00:00,0,0.0
41.150005,-118.84999,2018-01-04 00:00:00,0,0.0
41.150005,-118.75,2018-01-04 00:00:00,0,0.0
41.150005,-118.649994,2018-01-04 00:00:00,0,0.0
41.150005,-118.549995,2018-01-04 00:00:00,0,0.0
41.150005,-118.45,2018-01-04 00:00:00,0,0.0
41.150005,-118.34999,2018-01-04 00:00:00,0,0.0
41.150005,-118.25,2018-01-04 00:00:00,0,0.0
41.150005,-118.149994,2018-01-04 00:00:00,0,0.0
41.150005,-118.049995,2018-01-04 00:00:00,0,0.0
41.150005,-117.95,2018-01-04 00:00:00,0,0.0
41.150005,-117.84999,2018-01-04 00:00:00,0,0.0
41.150005,-117.75,2018-01-04 00:00:00,0,0.0
41.150005,-117.649994,2018-01-04 00:00:00,0,0.0
41.150005,-117.549995,2018-01-04 00:00:00,0,0.0
41.150005,-117.45,2018-01-04 00:00:00,0,0.0
41.150005,-117.34999,2018-01-04 00:00:00,0,0.0
41.150005,-117.25,2018-01-04 00:00:00,0,0.0
41.150005,-117.149994,2018-01-04 00:00:00,0,0.0
41.150005,-117.049995,2018-01-04 00:00:00,0,0.0
41.150005,-116.95,2018-01-04 00:00:00,0,0.0
41.150005,-116.84999,2018-01-04 00:00:00,0,0.0
41.150005,-116.75,2018-01-04 00:00:00,0,0.0
41.150005,-116.649994,2018-01-04 00:00:00,0,0.0
41.150005,-116.549995,2018-01-04 00:00:00,0,0.0
41.150005,-116.45,2018-01-04 00:00:00,0,0.0
41.150005,-116.34999,2018-01-04 00:00:00,0,0.0
41.150005,-116.25,2018-01-04 00:00:00,0,0.0
41.150005,-116.149994,2018-01-04 00:00:00,0,0.0
41.150005,-116.049995,2018-01-04 00:00:00,0,0.0
41.150005,-115.95,2018-01-04 00:00:00,0,0.0
41.150005,-115.85,2018-01-04 00:00:00,0,0.0
41.150005,-115.74999,2018-01-04 00:00:00,0,0.0
41.150005,-115.649994,2018-01-04 00:00:00,0,0.0
41.150005,-115.549995,2018-01-04 00:00:00,0,0.0
41.150005,-115.45,2018-01-04 00:00:00,0,0.0
41.150005,-115.35,2018-01-04 00:00:00,0,0.0
41.150005,-115.24999,2018-01-04 00:00:00,0,0.0
41.150005,-115.149994,2018-01-04 00:00:00,0,0.0
41.150005,-115.049995,2018-01-04 00:00:00,0,0.0
41.150005,-114.95,2018-01-04 00:00:00,0,0.0
41.150005,-114.85,2018-01-04 00:00:00,0,0.0
41.150005,-114.74999,2018-01-04 00:00:00,0,0.0
41.150005,-114.649994,2018-01-04 00:00:00,0,0.0
41.150005,-114.549995,2018-01-04 00:00:00,0,0.0
41.150005,-114.45,2018-01-04 00:00:00,0,0.0
41.150005,-114.35,2018-01-04 00:00:00,0,0.0
41.150005,-114.24999,2018-01-04 00:00:00,0,0.0
41.249996,-124.34999,2018-01-04 00:00:00,0,0.0
41.249996,-124.25,2018-01-04 00:00:00,0,0.0
41.249996,-124.149994,2018-01-04 00:00:00,0,0.0
41.249996,-124.049995,2018-01-04 00:00:00,0,5.3445344
41.249996,-123.95,2018-01-04 00:00:00,0,5.0713034
41.249996,-123.84999,2018-01-04 00:00:00,0,3.5917072
41.249996,-123.75,2018-01-04 00:00:00,0,4.2724385
41.249996,-123.649994,2018-01-04 00:00:00,0,4.9669914
41.249996,-123.549995,2018-01-04 00:00:00,0,4.1593227
41.249996,-123.45,2018-01-04 00:00:00,0,4.592498
41.249996,-123.34999,2018-01-04 00:00:00,0,3.5936348
41.249996,-123.25,2018-01-04 00:00:00,0,3.7337646
41.249996,-123.149994,2018-01-04 00:00:00,0,3.547213
41.249996,-123.049995,2018-01-04 00:00:00,0,2.6822917
41.249996,-122.95,2018-01-04 00:00:00,0,2.6807
41.249996,-122.84999,2018-01-04 00:00:00,0,2.4342268
41.249996,-122.75,2018-01-04 00:00:00,0,2.657757
41.249996,-122.649994,2018-01-04 00:00:00,0,2.121932
41.249996,-122.549995,2018-01-04 00:00:00,0,2.8234599
41.249996,-122.45,2018-01-04 00:00:00,0,3.2104397
41.249996,-122.34999,2018-01-04 00:00:00,0,4.2324824
41.249996,-122.25,2018-01-04 00:00:00,0,2.4255335
41.249996,-122.149994,2018-01-04 00:00:00,0,2.4965403
41.249996,-122.049995,2018-01-04 00:00:00,0,2.5910907
41.249996,-121.95,2018-01-04 00:00:00,0,2.3133967
41.249996,-121.84999,2018-01-04 00:00:00,0,0.9138645
41.249996,-121.75,2018-01-04 00:00:00,0,0.21146022
41.249996,-121.649994,2018-01-04 00:00:00,0,0.27021644
41.249996,-121.549995,2018-01-04 00:00:00,0,0.2513968
41.249996,-121.45,2018-01-04 00:00:00,0,0.7606783
41.249996,-121.34999,2018-01-04 00:00:00,0,0.2558801
41.249996,-121.25,2018-01-04 00:00:00,0,0.69951785
41.249996,-121.149994,2018-01-04 00:00:00,0,0.6665196
41.249996,-121.049995,2018-01-04 00:00:00,0,1.6404395
41.249996,-120.95,2018-01-04 00:00:00,0,2.0318089
41.249996,-120.84999,2018-01-04 00:00:00,0,2.6806757
41.249996,-120.75,2018-01-04 00:00:00,0,3.9956114
41.249996,-120.649994,2018-01-04 00:00:00,0,2.3315644
41.249996,-120.549995,2018-01-04 00:00:00,0,2.2642772
41.249996,-120.45,2018-01-04 00:00:00,0,2.1921988
41.249996,-120.34999,2018-01-04 00:00:00,0,0.95022976
41.249996,-120.25,2018-01-04 00:00:00,0,0.8875155
41.249996,-120.149994,2018-01-04 00:00:00,0,0.0676
41.249996,-120.049995,2018-01-04 00:00:00,0,0.94020534
41.249996,-119.95,2018-01-04 00:00:00,0,0.0
41.249996,-119.84999,2018-01-04 00:00:00,0,0.0
41.249996,-119.75,2018-01-04 00:00:00,0,0.0
41.249996,-119.649994,2018-01-04 00:00:00,0,0.0
41.249996,-119.549995,2018-01-04 00:00:00,0,0.0
41.249996,-119.45,2018-01-04 00:00:00,0,0.0
41.249996,-119.34999,2018-01-04 00:00:00,0,0.0
41.249996,-119.25,2018-01-04 00:00:00,0,0.0
41.249996,-119.149994,2018-01-04 00:00:00,0,0.0
41.249996,-119.049995,2018-01-04 00:00:00,0,0.0
41.249996,-118.95,2018-01-04 00:00:00,0,0.0
41.249996,-118.84999,2018-01-04 00:00:00,0,0.0
41.249996,-118.75,2018-01-04 00:00:00,0,0.0
41.249996,-118.649994,2018-01-04 00:00:00,0,0.0
41.249996,-118.549995,2018-01-04 00:00:00,0,0.0
41.249996,-118.45,2018-01-04 00:00:00,0,0.0
41.249996,-118.34999,2018-01-04 00:00:00,0,0.0
41.249996,-118.25,2018-01-04 00:00:00,0,0.0
41.249996,-118.149994,2018-01-04 00:00:00,0,0.0
41.249996,-118.049995,2018-01-04 00:00:00,0,0.0
41.249996,-117.95,2018-01-04 00:00:00,0,0.0
41.249996,-117.84999,2018-01-04 00:00:00,0,0.0
41.249996,-117.75,2018-01-04 00:00:00,0,0.0
41.249996,-117.649994,2018-01-04 00:00:00,0,0.0
41.249996,-117.549995,2018-01-04 00:00:00,0,0.0
41.249996,-117.45,2018-01-04 00:00:00,0,0.0
41.249996,-117.34999,2018-01-04 00:00:00,0,0.0
41.249996,-117.25,2018-01-04 00:00:00,0,0.0
41.249996,-117.149994,2018-01-04 00:00:00,0,0.0
41.249996,-117.049995,2018-01-04 00:00:00,0,0.0
41.249996,-116.95,2018-01-04 00:00:00,0,0.0
41.249996,-116.84999,2018-01-04 00:00:00,0,0.0
41.249996,-116.75,2018-01-04 00:00:00,0,0.0
41.249996,-116.649994,2018-01-04 00:00:00,0,0.0
41.249996,-116.549995,2018-01-04 00:00:00,0,0.0
41.249996,-116.45,2018-01-04 00:00:00,0,0.0
41.249996,-116.34999,2018-01-04 00:00:00,0,0.0
41.249996,-116.25,2018-01-04 00:00:00,0,0.0
41.249996,-116.149994,2018-01-04 00:00:00,0,0.0
41.249996,-116.049995,2018-01-04 00:00:00,0,0.0
41.249996,-115.95,2018-01-04 00:00:00,0,0.0
41.249996,-115.85,2018-01-04 00:00:00,0,0.0
41.249996,-115.74999,2018-01-04 00:00:00,0,0.0
41.249996,-115.649994,2018-01-04 00:00:00,0,0.0
41.249996,-115.549995,2018-01-04 00:00:00,0,0.0
41.249996,-115.45,2018-01-04 00:00:00,0,0.0
41.249996,-115.35,2018-01-04 00:00:00,0,0.0
41.249996,-115.24999,2018-01-04 00:00:00,0,0.0
41.249996,-115.149994,2018-01-04 00:00:00,0,0.0
41.249996,-115.049995,2018-01-04 00:00:00,0,0.0
41.249996,-114.95,2018-01-04 00:00:00,0,0.0
41.249996,-114.85,2018-01-04 00:00:00,0,0.0
41.249996,-114.74999,2018-01-04 00:00:00,0,0.0
41.249996,-114.649994,2018-01-04 00:00:00,0,0.0
41.249996,-114.549995,2018-01-04 00:00:00,0,0.0
41.249996,-114.45,2018-01-04 00:00:00,0,0.0
41.249996,-114.35,2018-01-04 00:00:00,0,0.0
41.249996,-114.24999,2018-01-04 00:00:00,0,0.0
41.350002,-124.34999,2018-01-04 00:00:00,0,0.0
41.350002,-124.25,2018-01-04 00:00:00,0,0.0
41.350002,-124.149994,2018-01-04 00:00:00,0,0.0
41.350002,-124.049995,2018-01-04 00:00:00,0,5.4509044
41.350002,-123.95,2018-01-04 00:00:00,0,4.596588
41.350002,-123.84999,2018-01-04 00:00:00,0,3.0266244
41.350002,-123.75,2018-01-04 00:00:00,0,3.3015647
41.350002,-123.649994,2018-01-04 00:00:00,0,4.422559
41.350002,-123.549995,2018-01-04 00:00:00,0,4.601991
41.350002,-123.45,2018-01-04 00:00:00,0,5.9071245
41.350002,-123.34999,2018-01-04 00:00:00,0,4.912993
41.350002,-123.25,2018-01-04 00:00:00,0,4.9352813
41.350002,-123.149994,2018-01-04 00:00:00,0,4.217989
41.350002,-123.049995,2018-01-04 00:00:00,0,4.0326357
41.350002,-122.95,2018-01-04 00:00:00,0,3.5033965
41.350002,-122.84999,2018-01-04 00:00:00,0,2.97336
41.350002,-122.75,2018-01-04 00:00:00,0,3.0510402
41.350002,-122.649994,2018-01-04 00:00:00,0,2.707811
41.350002,-122.549995,2018-01-04 00:00:00,0,3.163036
41.350002,-122.45,2018-01-04 00:00:00,0,3.351793
41.350002,-122.34999,2018-01-04 00:00:00,0,3.5904703
41.350002,-122.25,2018-01-04 00:00:00,0,2.4429963
41.350002,-122.149994,2018-01-04 00:00:00,0,2.735226
41.350002,-122.049995,2018-01-04 00:00:00,0,2.8144827
41.350002,-121.95,2018-01-04 00:00:00,0,2.1651366
41.350002,-121.84999,2018-01-04 00:00:00,0,1.4257969
41.350002,-121.75,2018-01-04 00:00:00,0,0.36163595
41.350002,-121.649994,2018-01-04 00:00:00,0,0.44394055
41.350002,-121.549995,2018-01-04 00:00:00,0,0.38616547
41.350002,-121.45,2018-01-04 00:00:00,0,0.42865944
41.350002,-121.34999,2018-01-04 00:00:00,0,0.14275095
41.350002,-121.25,2018-01-04 00:00:00,0,0.7614699
41.350002,-121.149994,2018-01-04 00:00:00,0,0.7270181
41.350002,-121.049995,2018-01-04 00:00:00,0,1.6874282
41.350002,-120.95,2018-01-04 00:00:00,0,2.1577246
41.350002,-120.84999,2018-01-04 00:00:00,0,2.4041305
41.350002,-120.75,2018-01-04 00:00:00,0,3.4426694
41.350002,-120.649994,2018-01-04 00:00:00,0,1.8405454
41.350002,-120.549995,2018-01-04 00:00:00,0,1.7848412
41.350002,-120.45,2018-01-04 00:00:00,0,1.724457
41.350002,-120.34999,2018-01-04 00:00:00,0,0.6812731
41.350002,-120.25,2018-01-04 00:00:00,0,0.6766598
41.350002,-120.149994,2018-01-04 00:00:00,0,0.19119999
41.350002,-120.049995,2018-01-04 00:00:00,0,0.50039995
41.350002,-119.95,2018-01-04 00:00:00,0,0.0
41.350002,-119.84999,2018-01-04 00:00:00,0,0.0
41.350002,-119.75,2018-01-04 00:00:00,0,0.0
41.350002,-119.649994,2018-01-04 00:00:00,0,0.0
41.350002,-119.549995,2018-01-04 00:00:00,0,0.0
41.350002,-119.45,2018-01-04 00:00:00,0,0.0
41.350002,-119.34999,2018-01-04 00:00:00,0,0.0
41.350002,-119.25,2018-01-04 00:00:00,0,0.0
41.350002,-119.149994,2018-01-04 00:00:00,0,0.0
41.350002,-119.049995,2018-01-04 00:00:00,0,0.0
41.350002,-118.95,2018-01-04 00:00:00,0,0.0
41.350002,-118.84999,2018-01-04 00:00:00,0,0.0
41.350002,-118.75,2018-01-04 00:00:00,0,0.0
41.350002,-118.649994,2018-01-04 00:00:00,0,0.0
41.350002,-118.549995,2018-01-04 00:00:00,0,0.0
41.350002,-118.45,2018-01-04 00:00:00,0,0.0
41.350002,-118.34999,2018-01-04 00:00:00,0,0.0
41.350002,-118.25,2018-01-04 00:00:00,0,0.0
41.350002,-118.149994,2018-01-04 00:00:00,0,0.0
41.350002,-118.049995,2018-01-04 00:00:00,0,0.0
41.350002,-117.95,2018-01-04 00:00:00,0,0.0
41.350002,-117.84999,2018-01-04 00:00:00,0,0.0
41.350002,-117.75,2018-01-04 00:00:00,0,0.0
41.350002,-117.649994,2018-01-04 00:00:00,0,0.0
41.350002,-117.549995,2018-01-04 00:00:00,0,0.0
41.350002,-117.45,2018-01-04 00:00:00,0,0.0
41.350002,-117.34999,2018-01-04 00:00:00,0,0.0
41.350002,-117.25,2018-01-04 00:00:00,0,0.0
41.350002,-117.149994,2018-01-04 00:00:00,0,0.0
41.350002,-117.049995,2018-01-04 00:00:00,0,0.0
41.350002,-116.95,2018-01-04 00:00:00,0,0.0
41.350002,-116.84999,2018-01-04 00:00:00,0,0.0
41.350002,-116.75,2018-01-04 00:00:00,0,0.0
41.350002,-116.649994,2018-01-04 00:00:00,0,0.0
41.350002,-116.549995,2018-01-04 00:00:00,0,0.0
41.350002,-116.45,2018-01-04 00:00:00,0,0.0
41.350002,-116.34999,2018-01-04 00:00:00,0,0.0
41.350002,-116.25,2018-01-04 00:00:00,0,0.0
41.350002,-116.149994,2018-01-04 00:00:00,0,0.0
41.350002,-116.049995,2018-01-04 00:00:00,0,0.0
41.350002,-115.95,2018-01-04 00:00:00,0,0.0
41.350002,-115.85,2018-01-04 00:00:00,0,0.0
41.350002,-115.74999,2018-01-04 00:00:00,0,0.0
41.350002,-115.649994,2018-01-04 00:00:00,0,0.0
41.350002,-115.549995,2018-01-04 00:00:00,0,0.0
41.350002,-115.45,2018-01-04 00:00:00,0,0.0
41.350002,-115.35,2018-01-04 00:00:00,0,0.0
41.350002,-115.24999,2018-01-04 00:00:00,0,0.0
41.350002,-115.149994,2018-01-04 00:00:00,0,0.0
41.350002,-115.049995,2018-01-04 00:00:00,0,0.0
41.350002,-114.95,2018-01-04 00:00:00,0,0.0
41.350002,-114.85,2018-01-04 00:00:00,0,0.0
41.350002,-114.74999,2018-01-04 00:00:00,0,0.0
41.350002,-114.649994,2018-01-04 00:00:00,0,0.0
41.350002,-114.549995,2018-01-04 00:00:00,0,0.0
41.350002,-114.45,2018-01-04 00:00:00,0,0.0
41.350002,-114.35,2018-01-04 00:00:00,0,0.0
41.350002,-114.24999,2018-01-04 00:00:00,0,0.0
41.45001,-124.34999,2018-01-04 00:00:00,0,0.0
41.45001,-124.25,2018-01-04 00:00:00,0,0.0
41.45001,-124.149994,2018-01-04 00:00:00,0,0.0
41.45001,-124.049995,2018-01-04 00:00:00,0,5.510024
41.45001,-123.95,2018-01-04 00:00:00,0,5.163905
41.45001,-123.84999,2018-01-04 00:00:00,0,3.549917
41.45001,-123.75,2018-01-04 00:00:00,0,3.5953693
41.45001,-123.649994,2018-01-04 00:00:00,0,4.6494513
41.45001,-123.549995,2018-01-04 00:00:00,0,5.0638037
41.45001,-123.45,2018-01-04 00:00:00,0,5.5290275
41.45001,-123.34999,2018-01-04 00:00:00,0,4.5075197
41.45001,-123.25,2018-01-04 00:00:00,0,5.6691747
41.45001,-123.149994,2018-01-04 00:00:00,0,5.01543
41.45001,-123.049995,2018-01-04 00:00:00,0,4.4690604
41.45001,-122.95,2018-01-04 00:00:00,0,3.99441
41.45001,-122.84999,2018-01-04 00:00:00,0,4.3028083
41.45001,-122.75,2018-01-04 00:00:00,0,4.4458303
41.45001,-122.649994,2018-01-04 00:00:00,0,3.8884635
41.45001,-122.549995,2018-01-04 00:00:00,0,3.9956622
41.45001,-122.45,2018-01-04 00:00:00,0,3.9663646
41.45001,-122.34999,2018-01-04 00:00:00,0,3.3405252
41.45001,-122.25,2018-01-04 00:00:00,0,2.4305608
41.45001,-122.149994,2018-01-04 00:00:00,0,3.5507832
41.45001,-122.049995,2018-01-04 00:00:00,0,2.4853609
41.45001,-121.95,2018-01-04 00:00:00,0,2.5196912
41.45001,-121.84999,2018-01-04 00:00:00,0,2.0268166
41.45001,-121.75,2018-01-04 00:00:00,0,0.4866479
41.45001,-121.649994,2018-01-04 00:00:00,0,0.57457536
41.45001,-121.549995,2018-01-04 00:00:00,0,0.46809614
41.45001,-121.45,2018-01-04 00:00:00,0,0.54600704
41.45001,-121.34999,2018-01-04 00:00:00,0,0.11495757
41.45001,-121.25,2018-01-04 00:00:00,0,0.6356574
41.45001,-121.149994,2018-01-04 00:00:00,0,0.61493915
41.45001,-121.049995,2018-01-04 00:00:00,0,1.4105033
41.45001,-120.95,2018-01-04 00:00:00,0,2.1113484
41.45001,-120.84999,2018-01-04 00:00:00,0,1.9549819
41.45001,-120.75,2018-01-04 00:00:00,0,2.900975
41.45001,-120.649994,2018-01-04 00:00:00,0,1.3910637
41.45001,-120.549995,2018-01-04 00:00:00,0,1.2980652
41.45001,-120.45,2018-01-04 00:00:00,0,1.2420763
41.45001,-120.34999,2018-01-04 00:00:00,0,0.42804247
41.45001,-120.25,2018-01-04 00:00:00,0,0.39865756
41.45001,-120.149994,2018-01-04 00:00:00,0,0.45317903
41.45001,-120.049995,2018-01-04 00:00:00,0,0.21599998
41.45001,-119.95,2018-01-04 00:00:00,0,0.0
41.45001,-119.84999,2018-01-04 00:00:00,0,0.0
41.45001,-119.75,2018-01-04 00:00:00,0,0.0
41.45001,-119.649994,2018-01-04 00:00:00,0,0.0
41.45001,-119.549995,2018-01-04 00:00:00,0,0.0
41.45001,-119.45,2018-01-04 00:00:00,0,0.0
41.45001,-119.34999,2018-01-04 00:00:00,0,0.0
41.45001,-119.25,2018-01-04 00:00:00,0,0.0
41.45001,-119.149994,2018-01-04 00:00:00,0,0.0
41.45001,-119.049995,2018-01-04 00:00:00,0,0.0
41.45001,-118.95,2018-01-04 00:00:00,0,0.0
41.45001,-118.84999,2018-01-04 00:00:00,0,0.0
41.45001,-118.75,2018-01-04 00:00:00,0,0.0
41.45001,-118.649994,2018-01-04 00:00:00,0,0.0
41.45001,-118.549995,2018-01-04 00:00:00,0,0.0
41.45001,-118.45,2018-01-04 00:00:00,0,0.0
41.45001,-118.34999,2018-01-04 00:00:00,0,0.0
41.45001,-118.25,2018-01-04 00:00:00,0,0.0
41.45001,-118.149994,2018-01-04 00:00:00,0,0.0
41.45001,-118.049995,2018-01-04 00:00:00,0,0.0
41.45001,-117.95,2018-01-04 00:00:00,0,0.0
41.45001,-117.84999,2018-01-04 00:00:00,0,0.0
41.45001,-117.75,2018-01-04 00:00:00,0,0.0
41.45001,-117.649994,2018-01-04 00:00:00,0,0.0
41.45001,-117.549995,2018-01-04 00:00:00,0,0.0
41.45001,-117.45,2018-01-04 00:00:00,0,0.0
41.45001,-117.34999,2018-01-04 00:00:00,0,0.0
41.45001,-117.25,2018-01-04 00:00:00,0,0.0
41.45001,-117.149994,2018-01-04 00:00:00,0,0.0
41.45001,-117.049995,2018-01-04 00:00:00,0,0.0
41.45001,-116.95,2018-01-04 00:00:00,0,0.0
41.45001,-116.84999,2018-01-04 00:00:00,0,0.0
41.45001,-116.75,2018-01-04 00:00:00,0,0.0
41.45001,-116.649994,2018-01-04 00:00:00,0,0.0
41.45001,-116.549995,2018-01-04 00:00:00,0,0.0
41.45001,-116.45,2018-01-04 00:00:00,0,0.0
41.45001,-116.34999,2018-01-04 00:00:00,0,0.0
41.45001,-116.25,2018-01-04 00:00:00,0,0.0
41.45001,-116.149994,2018-01-04 00:00:00,0,0.0
41.45001,-116.049995,2018-01-04 00:00:00,0,0.0
41.45001,-115.95,2018-01-04 00:00:00,0,0.0
41.45001,-115.85,2018-01-04 00:00:00,0,0.0
41.45001,-115.74999,2018-01-04 00:00:00,0,0.0
41.45001,-115.649994,2018-01-04 00:00:00,0,0.0
41.45001,-115.549995,2018-01-04 00:00:00,0,0.0
41.45001,-115.45,2018-01-04 00:00:00,0,0.0
41.45001,-115.35,2018-01-04 00:00:00,0,0.0
41.45001,-115.24999,2018-01-04 00:00:00,0,0.0
41.45001,-115.149994,2018-01-04 00:00:00,0,0.0
41.45001,-115.049995,2018-01-04 00:00:00,0,0.0
41.45001,-114.95,2018-01-04 00:00:00,0,0.0
41.45001,-114.85,2018-01-04 00:00:00,0,0.0
41.45001,-114.74999,2018-01-04 00:00:00,0,0.0
41.45001,-114.649994,2018-01-04 00:00:00,0,0.0
41.45001,-114.549995,2018-01-04 00:00:00,0,0.0
41.45001,-114.45,2018-01-04 00:00:00,0,0.0
41.45001,-114.35,2018-01-04 00:00:00,0,0.0
41.45001,-114.24999,2018-01-04 00:00:00,0,0.0
41.55,-124.34999,2018-01-04 00:00:00,0,0.0
41.55,-124.25,2018-01-04 00:00:00,0,0.0
41.55,-124.149994,2018-01-04 00:00:00,0,0.0
41.55,-124.049995,2018-01-04 00:00:00,0,5.474307
41.55,-123.95,2018-01-04 00:00:00,0,4.910733
41.55,-123.84999,2018-01-04 00:00:00,0,2.8079174
41.55,-123.75,2018-01-04 00:00:00,0,3.3709638
41.55,-123.649994,2018-01-04 00:00:00,0,2.854755
41.55,-123.549995,2018-01-04 00:00:00,0,3.694342
41.55,-123.45,2018-01-04 00:00:00,0,5.8415527
41.55,-123.34999,2018-01-04 00:00:00,0,5.168474
41.55,-123.25,2018-01-04 00:00:00,0,5.746233
41.55,-123.149994,2018-01-04 00:00:00,0,5.087339
41.55,-123.049995,2018-01-04 00:00:00,0,5.190591
41.55,-122.95,2018-01-04 00:00:00,0,4.663736
41.55,-122.84999,2018-01-04 00:00:00,0,5.033599
41.55,-122.75,2018-01-04 00:00:00,0,4.8044558
41.55,-122.649994,2018-01-04 00:00:00,0,4.839429
41.55,-122.549995,2018-01-04 00:00:00,0,1.9156
41.55,-122.45,2018-01-04 00:00:00,0,4.79197
41.55,-122.34999,2018-01-04 00:00:00,0,3.4584503
41.55,-122.25,2018-01-04 00:00:00,0,2.6047862
41.55,-122.149994,2018-01-04 00:00:00,0,4.398463
41.55,-122.049995,2018-01-04 00:00:00,0,2.5772462
41.55,-121.95,2018-01-04 00:00:00,0,2.6540132
41.55,-121.84999,2018-01-04 00:00:00,0,2.4629111
41.55,-121.75,2018-01-04 00:00:00,0,0.666926
41.55,-121.649994,2018-01-04 00:00:00,0,0.73087674
41.55,-121.549995,2018-01-04 00:00:00,0,0.8892
41.55,-121.45,2018-01-04 00:00:00,0,0.715657
41.55,-121.34999,2018-01-04 00:00:00,0,0.09935176
41.55,-121.25,2018-01-04 00:00:00,0,0.5308106
41.55,-121.149994,2018-01-04 00:00:00,0,0.5249675
41.55,-121.049995,2018-01-04 00:00:00,0,1.1572263
41.55,-120.95,2018-01-04 00:00:00,0,1.7388848
41.55,-120.84999,2018-01-04 00:00:00,0,1.5401967
41.55,-120.75,2018-01-04 00:00:00,0,2.1820266
41.55,-120.649994,2018-01-04 00:00:00,0,0.9535022
41.55,-120.549995,2018-01-04 00:00:00,0,0.8855056
41.55,-120.45,2018-01-04 00:00:00,0,1.1092991
41.55,-120.34999,2018-01-04 00:00:00,0,0.20813423
41.55,-120.25,2018-01-04 00:00:00,0,0.19875427
41.55,-120.149994,2018-01-04 00:00:00,0,0.31364268
41.55,-120.049995,2018-01-04 00:00:00,0,0.20877233
41.55,-119.95,2018-01-04 00:00:00,0,0.0
41.55,-119.84999,2018-01-04 00:00:00,0,0.0
41.55,-119.75,2018-01-04 00:00:00,0,0.0
41.55,-119.649994,2018-01-04 00:00:00,0,0.0
41.55,-119.549995,2018-01-04 00:00:00,0,0.0
41.55,-119.45,2018-01-04 00:00:00,0,0.0
41.55,-119.34999,2018-01-04 00:00:00,0,0.0
41.55,-119.25,2018-01-04 00:00:00,0,0.0
41.55,-119.149994,2018-01-04 00:00:00,0,0.0
41.55,-119.049995,2018-01-04 00:00:00,0,0.0
41.55,-118.95,2018-01-04 00:00:00,0,0.0
41.55,-118.84999,2018-01-04 00:00:00,0,0.0
41.55,-118.75,2018-01-04 00:00:00,0,0.0
41.55,-118.649994,2018-01-04 00:00:00,0,0.0
41.55,-118.549995,2018-01-04 00:00:00,0,0.0
41.55,-118.45,2018-01-04 00:00:00,0,0.0
41.55,-118.34999,2018-01-04 00:00:00,0,0.0
41.55,-118.25,2018-01-04 00:00:00,0,0.0
41.55,-118.149994,2018-01-04 00:00:00,0,0.0
41.55,-118.049995,2018-01-04 00:00:00,0,0.0
41.55,-117.95,2018-01-04 00:00:00,0,0.0
41.55,-117.84999,2018-01-04 00:00:00,0,0.0
41.55,-117.75,2018-01-04 00:00:00,0,0.0
41.55,-117.649994,2018-01-04 00:00:00,0,0.0
41.55,-117.549995,2018-01-04 00:00:00,0,0.0
41.55,-117.45,2018-01-04 00:00:00,0,0.0
41.55,-117.34999,2018-01-04 00:00:00,0,0.0
41.55,-117.25,2018-01-04 00:00:00,0,0.0
41.55,-117.149994,2018-01-04 00:00:00,0,0.0
41.55,-117.049995,2018-01-04 00:00:00,0,0.0
41.55,-116.95,2018-01-04 00:00:00,0,0.0
41.55,-116.84999,2018-01-04 00:00:00,0,0.0
41.55,-116.75,2018-01-04 00:00:00,0,0.0
41.55,-116.649994,2018-01-04 00:00:00,0,0.0
41.55,-116.549995,2018-01-04 00:00:00,0,0.0
41.55,-116.45,2018-01-04 00:00:00,0,0.0
41.55,-116.34999,2018-01-04 00:00:00,0,0.0
41.55,-116.25,2018-01-04 00:00:00,0,0.0
41.55,-116.149994,2018-01-04 00:00:00,0,0.0
41.55,-116.049995,2018-01-04 00:00:00,0,0.0
41.55,-115.95,2018-01-04 00:00:00,0,0.0
41.55,-115.85,2018-01-04 00:00:00,0,0.0
41.55,-115.74999,2018-01-04 00:00:00,0,0.0
41.55,-115.649994,2018-01-04 00:00:00,0,0.0
41.55,-115.549995,2018-01-04 00:00:00,0,0.0
41.55,-115.45,2018-01-04 00:00:00,0,0.0
41.55,-115.35,2018-01-04 00:00:00,0,0.0
41.55,-115.24999,2018-01-04 00:00:00,0,0.0
41.55,-115.149994,2018-01-04 00:00:00,0,0.0
41.55,-115.049995,2018-01-04 00:00:00,0,0.0
41.55,-114.95,2018-01-04 00:00:00,0,0.0
41.55,-114.85,2018-01-04 00:00:00,0,0.0
41.55,-114.74999,2018-01-04 00:00:00,0,0.0
41.55,-114.649994,2018-01-04 00:00:00,0,0.0
41.55,-114.549995,2018-01-04 00:00:00,0,0.0
41.55,-114.45,2018-01-04 00:00:00,0,0.0
41.55,-114.35,2018-01-04 00:00:00,0,0.0
41.55,-114.24999,2018-01-04 00:00:00,0,0.0
41.650005,-124.34999,2018-01-04 00:00:00,0,0.0
41.650005,-124.25,2018-01-04 00:00:00,0,0.0
41.650005,-124.149994,2018-01-04 00:00:00,0,0.0
41.650005,-124.049995,2018-01-04 00:00:00,0,5.4426537
41.650005,-123.95,2018-01-04 00:00:00,0,4.8752007
41.650005,-123.84999,2018-01-04 00:00:00,0,3.4075642
41.650005,-123.75,2018-01-04 00:00:00,0,3.0889945
41.650005,-123.649994,2018-01-04 00:00:00,0,3.0057414
41.650005,-123.549995,2018-01-04 00:00:00,0,3.0432465
41.650005,-123.45,2018-01-04 00:00:00,0,4.3362746
41.650005,-123.34999,2018-01-04 00:00:00,0,4.317052
41.650005,-123.25,2018-01-04 00:00:00,0,5.298582
41.650005,-123.149994,2018-01-04 00:00:00,0,4.747129
41.650005,-123.049995,2018-01-04 00:00:00,0,4.912459
41.650005,-122.95,2018-01-04 00:00:00,0,4.7685227
41.650005,-122.84999,2018-01-04 00:00:00,0,5.29129
41.650005,-122.75,2018-01-04 00:00:00,0,4.9389153
41.650005,-122.649994,2018-01-04 00:00:00,0,5.4144683
41.650005,-122.549995,2018-01-04 00:00:00,0,5.908648
41.650005,-122.45,2018-01-04 00:00:00,0,5.300533
41.650005,-122.34999,2018-01-04 00:00:00,0,3.5821123
41.650005,-122.25,2018-01-04 00:00:00,0,3.0376844
41.650005,-122.149994,2018-01-04 00:00:00,0,1.3286
41.650005,-122.049995,2018-01-04 00:00:00,0,2.8682032
41.650005,-121.95,2018-01-04 00:00:00,0,2.8693657
41.650005,-121.84999,2018-01-04 00:00:00,0,2.587914
41.650005,-121.75,2018-01-04 00:00:00,0,0.8425807
41.650005,-121.649994,2018-01-04 00:00:00,0,0.87707144
41.650005,-121.549995,2018-01-04 00:00:00,0,0.5514931
41.650005,-121.45,2018-01-04 00:00:00,0,0.75014186
41.650005,-121.34999,2018-01-04 00:00:00,0,0.057024922
41.650005,-121.25,2018-01-04 00:00:00,0,0.26061404
41.650005,-121.149994,2018-01-04 00:00:00,0,1.7232001
41.650005,-121.049995,2018-01-04 00:00:00,0,0.87088424
41.650005,-120.95,2018-01-04 00:00:00,0,1.3481389
41.650005,-120.84999,2018-01-04 00:00:00,0,1.0946372
41.650005,-120.75,2018-01-04 00:00:00,0,1.537352
41.650005,-120.649994,2018-01-04 00:00:00,0,0.6773916
41.650005,-120.549995,2018-01-04 00:00:00,0,0.56200594
41.650005,-120.45,2018-01-04 00:00:00,0,1.067197
41.650005,-120.34999,2018-01-04 00:00:00,0,0.029867683
41.650005,-120.25,2018-01-04 00:00:00,0,0.121599995
41.650005,-120.149994,2018-01-04 00:00:00,0,0.2511504
41.650005,-120.049995,2018-01-04 00:00:00,0,0.12991023
41.650005,-119.95,2018-01-04 00:00:00,0,0.0
41.650005,-119.84999,2018-01-04 00:00:00,0,0.0
41.650005,-119.75,2018-01-04 00:00:00,0,0.0
41.650005,-119.649994,2018-01-04 00:00:00,0,0.0
41.650005,-119.549995,2018-01-04 00:00:00,0,0.0
41.650005,-119.45,2018-01-04 00:00:00,0,0.0
41.650005,-119.34999,2018-01-04 00:00:00,0,0.0
41.650005,-119.25,2018-01-04 00:00:00,0,0.0
41.650005,-119.149994,2018-01-04 00:00:00,0,0.0
41.650005,-119.049995,2018-01-04 00:00:00,0,0.0
41.650005,-118.95,2018-01-04 00:00:00,0,0.0
41.650005,-118.84999,2018-01-04 00:00:00,0,0.0
41.650005,-118.75,2018-01-04 00:00:00,0,0.0
41.650005,-118.649994,2018-01-04 00:00:00,0,0.0
41.650005,-118.549995,2018-01-04 00:00:00,0,0.0
41.650005,-118.45,2018-01-04 00:00:00,0,0.0
41.650005,-118.34999,2018-01-04 00:00:00,0,0.0
41.650005,-118.25,2018-01-04 00:00:00,0,0.0
41.650005,-118.149994,2018-01-04 00:00:00,0,0.0
41.650005,-118.049995,2018-01-04 00:00:00,0,0.0
41.650005,-117.95,2018-01-04 00:00:00,0,0.0
41.650005,-117.84999,2018-01-04 00:00:00,0,0.0
41.650005,-117.75,2018-01-04 00:00:00,0,0.0
41.650005,-117.649994,2018-01-04 00:00:00,0,0.0
41.650005,-117.549995,2018-01-04 00:00:00,0,0.0
41.650005,-117.45,2018-01-04 00:00:00,0,0.0
41.650005,-117.34999,2018-01-04 00:00:00,0,0.0
41.650005,-117.25,2018-01-04 00:00:00,0,0.0
41.650005,-117.149994,2018-01-04 00:00:00,0,0.0
41.650005,-117.049995,2018-01-04 00:00:00,0,0.0
41.650005,-116.95,2018-01-04 00:00:00,0,0.0
41.650005,-116.84999,2018-01-04 00:00:00,0,0.0
41.650005,-116.75,2018-01-04 00:00:00,0,0.0
41.650005,-116.649994,2018-01-04 00:00:00,0,0.0
41.650005,-116.549995,2018-01-04 00:00:00,0,0.0
41.650005,-116.45,2018-01-04 00:00:00,0,0.0
41.650005,-116.34999,2018-01-04 00:00:00,0,0.0
41.650005,-116.25,2018-01-04 00:00:00,0,0.0
41.650005,-116.149994,2018-01-04 00:00:00,0,0.0
41.650005,-116.049995,2018-01-04 00:00:00,0,0.0
41.650005,-115.95,2018-01-04 00:00:00,0,0.0
41.650005,-115.85,2018-01-04 00:00:00,0,0.0
41.650005,-115.74999,2018-01-04 00:00:00,0,0.0
41.650005,-115.649994,2018-01-04 00:00:00,0,0.0
41.650005,-115.549995,2018-01-04 00:00:00,0,0.0
41.650005,-115.45,2018-01-04 00:00:00,0,0.0
41.650005,-115.35,2018-01-04 00:00:00,0,0.0
41.650005,-115.24999,2018-01-04 00:00:00,0,0.0
41.650005,-115.149994,2018-01-04 00:00:00,0,0.0
41.650005,-115.049995,2018-01-04 00:00:00,0,0.0
41.650005,-114.95,2018-01-04 00:00:00,0,0.0
41.650005,-114.85,2018-01-04 00:00:00,0,0.0
41.650005,-114.74999,2018-01-04 00:00:00,0,0.0
41.650005,-114.649994,2018-01-04 00:00:00,0,0.0
41.650005,-114.549995,2018-01-04 00:00:00,0,0.0
41.650005,-114.45,2018-01-04 00:00:00,0,0.0
41.650005,-114.35,2018-01-04 00:00:00,0,0.0
41.650005,-114.24999,2018-01-04 00:00:00,0,0.0
41.749996,-124.34999,2018-01-04 00:00:00,0,0.0
41.749996,-124.25,2018-01-04 00:00:00,0,0.0
41.749996,-124.149994,2018-01-04 00:00:00,0,6.561914
41.749996,-124.049995,2018-01-04 00:00:00,0,4.785
41.749996,-123.95,2018-01-04 00:00:00,0,4.736433
41.749996,-123.84999,2018-01-04 00:00:00,0,2.4909616
41.749996,-123.75,2018-01-04 00:00:00,0,2.7205396
41.749996,-123.649994,2018-01-04 00:00:00,0,1.4793264
41.749996,-123.549995,2018-01-04 00:00:00,0,2.042023
41.749996,-123.45,2018-01-04 00:00:00,0,3.3485782
41.749996,-123.34999,2018-01-04 00:00:00,0,4.61136
41.749996,-123.25,2018-01-04 00:00:00,0,5.134654
41.749996,-123.149994,2018-01-04 00:00:00,0,4.5167212
41.749996,-123.049995,2018-01-04 00:00:00,0,4.3339806
41.749996,-122.95,2018-01-04 00:00:00,0,4.216631
41.749996,-122.84999,2018-01-04 00:00:00,0,4.2849603
41.749996,-122.75,2018-01-04 00:00:00,0,4.565993
41.749996,-122.649994,2018-01-04 00:00:00,0,5.2297215
41.749996,-122.549995,2018-01-04 00:00:00,0,5.9663997
41.749996,-122.45,2018-01-04 00:00:00,0,3.5363996
41.749996,-122.34999,2018-01-04 00:00:00,0,2.382
41.749996,-122.25,2018-01-04 00:00:00,0,3.2718894
41.749996,-122.149994,2018-01-04 00:00:00,0,1.7101997
41.749996,-122.049995,2018-01-04 00:00:00,0,3.1705668
41.749996,-121.95,2018-01-04 00:00:00,0,1.6253998
41.749996,-121.84999,2018-01-04 00:00:00,0,1.5610001
41.749996,-121.75,2018-01-04 00:00:00,0,2.1202002
41.749996,-121.649994,2018-01-04 00:00:00,0,0.9424957
41.749996,-121.549995,2018-01-04 00:00:00,0,0.45336568
41.749996,-121.45,2018-01-04 00:00:00,0,0.6504514
41.749996,-121.34999,2018-01-04 00:00:00,0,0.036049936
41.749996,-121.25,2018-01-04 00:00:00,0,0.1706254
41.749996,-121.149994,2018-01-04 00:00:00,0,0.9599998
41.749996,-121.049995,2018-01-04 00:00:00,0,0.6366872
41.749996,-120.95,2018-01-04 00:00:00,0,0.9679096
41.749996,-120.84999,2018-01-04 00:00:00,0,0.6997715
41.749996,-120.75,2018-01-04 00:00:00,0,0.9710112
41.749996,-120.649994,2018-01-04 00:00:00,0,0.40503308
41.749996,-120.549995,2018-01-04 00:00:00,0,0.34422782
41.749996,-120.45,2018-01-04 00:00:00,0,1.0767528
41.749996,-120.34999,2018-01-04 00:00:00,0,0.037781466
41.749996,-120.25,2018-01-04 00:00:00,0,0.05932566
41.749996,-120.149994,2018-01-04 00:00:00,0,0.12339999
41.749996,-120.049995,2018-01-04 00:00:00,0,0.05418894
41.749996,-119.95,2018-01-04 00:00:00,0,0.0
41.749996,-119.84999,2018-01-04 00:00:00,0,0.0
41.749996,-119.75,2018-01-04 00:00:00,0,0.0
41.749996,-119.649994,2018-01-04 00:00:00,0,0.0
41.749996,-119.549995,2018-01-04 00:00:00,0,0.0
41.749996,-119.45,2018-01-04 00:00:00,0,0.0
41.749996,-119.34999,2018-01-04 00:00:00,0,0.0
41.749996,-119.25,2018-01-04 00:00:00,0,0.0
41.749996,-119.149994,2018-01-04 00:00:00,0,0.0
41.749996,-119.049995,2018-01-04 00:00:00,0,0.0
41.749996,-118.95,2018-01-04 00:00:00,0,0.0
41.749996,-118.84999,2018-01-04 00:00:00,0,0.0
41.749996,-118.75,2018-01-04 00:00:00,0,0.0
41.749996,-118.649994,2018-01-04 00:00:00,0,0.0
41.749996,-118.549995,2018-01-04 00:00:00,0,0.0
41.749996,-118.45,2018-01-04 00:00:00,0,0.0
41.749996,-118.34999,2018-01-04 00:00:00,0,0.0
41.749996,-118.25,2018-01-04 00:00:00,0,0.0
41.749996,-118.149994,2018-01-04 00:00:00,0,0.0
41.749996,-118.049995,2018-01-04 00:00:00,0,0.0
41.749996,-117.95,2018-01-04 00:00:00,0,0.0
41.749996,-117.84999,2018-01-04 00:00:00,0,0.0
41.749996,-117.75,2018-01-04 00:00:00,0,0.0
41.749996,-117.649994,2018-01-04 00:00:00,0,0.0
41.749996,-117.549995,2018-01-04 00:00:00,0,0.0
41.749996,-117.45,2018-01-04 00:00:00,0,0.0
41.749996,-117.34999,2018-01-04 00:00:00,0,0.0
41.749996,-117.25,2018-01-04 00:00:00,0,0.0
41.749996,-117.149994,2018-01-04 00:00:00,0,0.0
41.749996,-117.049995,2018-01-04 00:00:00,0,0.0
41.749996,-116.95,2018-01-04 00:00:00,0,0.0
41.749996,-116.84999,2018-01-04 00:00:00,0,0.0
41.749996,-116.75,2018-01-04 00:00:00,0,0.0
41.749996,-116.649994,2018-01-04 00:00:00,0,0.0
41.749996,-116.549995,2018-01-04 00:00:00,0,0.0
41.749996,-116.45,2018-01-04 00:00:00,0,0.0
41.749996,-116.34999,2018-01-04 00:00:00,0,0.0
41.749996,-116.25,2018-01-04 00:00:00,0,0.0
41.749996,-116.149994,2018-01-04 00:00:00,0,0.0
41.749996,-116.049995,2018-01-04 00:00:00,0,0.0
41.749996,-115.95,2018-01-04 00:00:00,0,0.0
41.749996,-115.85,2018-01-04 00:00:00,0,0.0
41.749996,-115.74999,2018-01-04 00:00:00,0,0.0
41.749996,-115.649994,2018-01-04 00:00:00,0,0.0
41.749996,-115.549995,2018-01-04 00:00:00,0,0.0
41.749996,-115.45,2018-01-04 00:00:00,0,0.0
41.749996,-115.35,2018-01-04 00:00:00,0,0.0
41.749996,-115.24999,2018-01-04 00:00:00,0,0.0
41.749996,-115.149994,2018-01-04 00:00:00,0,0.0
41.749996,-115.049995,2018-01-04 00:00:00,0,0.0
41.749996,-114.95,2018-01-04 00:00:00,0,0.0
41.749996,-114.85,2018-01-04 00:00:00,0,0.0
41.749996,-114.74999,2018-01-04 00:00:00,0,0.0
41.749996,-114.649994,2018-01-04 00:00:00,0,0.0
41.749996,-114.549995,2018-01-04 00:00:00,0,0.0
41.749996,-114.45,2018-01-04 00:00:00,0,0.0
41.749996,-114.35,2018-01-04 00:00:00,0,0.0
41.749996,-114.24999,2018-01-04 00:00:00,0,0.0
41.850002,-124.34999,2018-01-04 00:00:00,0,0.0
41.850002,-124.25,2018-01-04 00:00:00,0,0.0
41.850002,-124.149994,2018-01-04 00:00:00,0,6.240922
41.850002,-124.049995,2018-01-04 00:00:00,0,4.411633
41.850002,-123.95,2018-01-04 00:00:00,0,3.9710383
41.850002,-123.84999,2018-01-04 00:00:00,0,2.5672169
41.850002,-123.75,2018-01-04 00:00:00,0,3.1319802
41.850002,-123.649994,2018-01-04 00:00:00,0,1.1710861
41.850002,-123.549995,2018-01-04 00:00:00,0,1.2504225
41.850002,-123.45,2018-01-04 00:00:00,0,4.058862
41.850002,-123.34999,2018-01-04 00:00:00,0,4.1131177
41.850002,-123.25,2018-01-04 00:00:00,0,4.977004
41.850002,-123.149994,2018-01-04 00:00:00,0,4.617751
41.850002,-123.049995,2018-01-04 00:00:00,0,4.1565285
41.850002,-122.95,2018-01-04 00:00:00,0,4.400223
41.850002,-122.84999,2018-01-04 00:00:00,0,4.059712
41.850002,-122.75,2018-01-04 00:00:00,0,4.3962226
41.850002,-122.649994,2018-01-04 00:00:00,0,4.775754
41.850002,-122.549995,2018-01-04 00:00:00,0,5.706877
41.850002,-122.45,2018-01-04 00:00:00,0,4.7187495
41.850002,-122.34999,2018-01-04 00:00:00,0,3.3189497
41.850002,-122.25,2018-01-04 00:00:00,0,2.6693535
41.850002,-122.149994,2018-01-04 00:00:00,0,3.4322283
41.850002,-122.049995,2018-01-04 00:00:00,0,3.253513
41.850002,-121.95,2018-01-04 00:00:00,0,1.6707999
41.850002,-121.84999,2018-01-04 00:00:00,0,1.5723999
41.850002,-121.75,2018-01-04 00:00:00,0,1.7409999
41.850002,-121.649994,2018-01-04 00:00:00,0,1.0165309
41.850002,-121.549995,2018-01-04 00:00:00,0,2.2742002
41.850002,-121.45,2018-01-04 00:00:00,0,0.51387155
41.850002,-121.34999,2018-01-04 00:00:00,0,0.04288428
41.850002,-121.25,2018-01-04 00:00:00,0,0.22957823
41.850002,-121.149994,2018-01-04 00:00:00,0,0.2791635
41.850002,-121.049995,2018-01-04 00:00:00,0,0.43897834
41.850002,-120.95,2018-01-04 00:00:00,0,0.60785156
41.850002,-120.84999,2018-01-04 00:00:00,0,0.30618408
41.850002,-120.75,2018-01-04 00:00:00,0,0.5958488
41.850002,-120.649994,2018-01-04 00:00:00,0,0.2615606
41.850002,-120.549995,2018-01-04 00:00:00,0,0.24382971
41.850002,-120.45,2018-01-04 00:00:00,0,1.3226542
41.850002,-120.34999,2018-01-04 00:00:00,0,0.051060118
41.850002,-120.25,2018-01-04 00:00:00,0,0.038649905
41.850002,-120.149994,2018-01-04 00:00:00,0,0.048725482
41.850002,-120.049995,2018-01-04 00:00:00,0,0.03294543
41.850002,-119.95,2018-01-04 00:00:00,0,0.0
41.850002,-119.84999,2018-01-04 00:00:00,0,0.0
41.850002,-119.75,2018-01-04 00:00:00,0,0.0
41.850002,-119.649994,2018-01-04 00:00:00,0,0.0
41.850002,-119.549995,2018-01-04 00:00:00,0,0.0
41.850002,-119.45,2018-01-04 00:00:00,0,0.0
41.850002,-119.34999,2018-01-04 00:00:00,0,0.0
41.850002,-119.25,2018-01-04 00:00:00,0,0.0
41.850002,-119.149994,2018-01-04 00:00:00,0,0.0
41.850002,-119.049995,2018-01-04 00:00:00,0,0.0
41.850002,-118.95,2018-01-04 00:00:00,0,0.0
41.850002,-118.84999,2018-01-04 00:00:00,0,0.0
41.850002,-118.75,2018-01-04 00:00:00,0,0.0
41.850002,-118.649994,2018-01-04 00:00:00,0,0.0
41.850002,-118.549995,2018-01-04 00:00:00,0,0.0
41.850002,-118.45,2018-01-04 00:00:00,0,0.0
41.850002,-118.34999,2018-01-04 00:00:00,0,0.0
41.850002,-118.25,2018-01-04 00:00:00,0,0.0
41.850002,-118.149994,2018-01-04 00:00:00,0,0.0
41.850002,-118.049995,2018-01-04 00:00:00,0,0.0
41.850002,-117.95,2018-01-04 00:00:00,0,0.0
41.850002,-117.84999,2018-01-04 00:00:00,0,0.0
41.850002,-117.75,2018-01-04 00:00:00,0,0.0
41.850002,-117.649994,2018-01-04 00:00:00,0,0.0
41.850002,-117.549995,2018-01-04 00:00:00,0,0.0
41.850002,-117.45,2018-01-04 00:00:00,0,0.0
41.850002,-117.34999,2018-01-04 00:00:00,0,0.0
41.850002,-117.25,2018-01-04 00:00:00,0,0.0
41.850002,-117.149994,2018-01-04 00:00:00,0,0.0
41.850002,-117.049995,2018-01-04 00:00:00,0,0.0
41.850002,-116.95,2018-01-04 00:00:00,0,0.0
41.850002,-116.84999,2018-01-04 00:00:00,0,0.0
41.850002,-116.75,2018-01-04 00:00:00,0,0.0
41.850002,-116.649994,2018-01-04 00:00:00,0,0.0
41.850002,-116.549995,2018-01-04 00:00:00,0,0.0
41.850002,-116.45,2018-01-04 00:00:00,0,0.0
41.850002,-116.34999,2018-01-04 00:00:00,0,0.0
41.850002,-116.25,2018-01-04 00:00:00,0,0.0
41.850002,-116.149994,2018-01-04 00:00:00,0,0.0
41.850002,-116.049995,2018-01-04 00:00:00,0,0.0
41.850002,-115.95,2018-01-04 00:00:00,0,0.0
41.850002,-115.85,2018-01-04 00:00:00,0,0.0
41.850002,-115.74999,2018-01-04 00:00:00,0,0.0
41.850002,-115.649994,2018-01-04 00:00:00,0,0.0
41.850002,-115.549995,2018-01-04 00:00:00,0,0.0
41.850002,-115.45,2018-01-04 00:00:00,0,0.0
41.850002,-115.35,2018-01-04 00:00:00,0,0.0
41.850002,-115.24999,2018-01-04 00:00:00,0,0.0
41.850002,-115.149994,2018-01-04 00:00:00,0,0.0
41.850002,-115.049995,2018-01-04 00:00:00,0,0.0
41.850002,-114.95,2018-01-04 00:00:00,0,0.0
41.850002,-114.85,2018-01-04 00:00:00,0,0.0
41.850002,-114.74999,2018-01-04 00:00:00,0,0.0
41.850002,-114.649994,2018-01-04 00:00:00,0,0.0
41.850002,-114.549995,2018-01-04 00:00:00,0,0.0
41.850002,-114.45,2018-01-04 00:00:00,0,0.0
41.850002,-114.35,2018-01-04 00:00:00,0,0.0
41.850002,-114.24999,2018-01-04 00:00:00,0,0.0
41.95001,-124.34999,2018-01-04 00:00:00,0,0.0
41.95001,-124.25,2018-01-04 00:00:00,0,0.0
41.95001,-124.149994,2018-01-04 00:00:00,0,4.064833
41.95001,-124.049995,2018-01-04 00:00:00,0,3.282708
41.95001,-123.95,2018-01-04 00:00:00,0,3.6587956
41.95001,-123.84999,2018-01-04 00:00:00,0,1.9351003
41.95001,-123.75,2018-01-04 00:00:00,0,3.869093
41.95001,-123.649994,2018-01-04 00:00:00,0,1.0616949
41.95001,-123.549995,2018-01-04 00:00:00,0,0.85017574
41.95001,-123.45,2018-01-04 00:00:00,0,5.7983394
41.95001,-123.34999,2018-01-04 00:00:00,0,4.258972
41.95001,-123.25,2018-01-04 00:00:00,0,4.725835
41.95001,-123.149994,2018-01-04 00:00:00,0,4.772133
41.95001,-123.049995,2018-01-04 00:00:00,0,4.1707587
41.95001,-122.95,2018-01-04 00:00:00,0,3.918941
41.95001,-122.84999,2018-01-04 00:00:00,0,3.4922328
41.95001,-122.75,2018-01-04 00:00:00,0,3.7826982
41.95001,-122.649994,2018-01-04 00:00:00,0,4.4656
41.95001,-122.549995,2018-01-04 00:00:00,0,4.813109
41.95001,-122.45,2018-01-04 00:00:00,0,3.9049656
41.95001,-122.34999,2018-01-04 00:00:00,0,2.8683436
41.95001,-122.25,2018-01-04 00:00:00,0,2.160665
41.95001,-122.149994,2018-01-04 00:00:00,0,2.5177124
41.95001,-122.049995,2018-01-04 00:00:00,0,2.462906
41.95001,-121.95,2018-01-04 00:00:00,0,1.8415998
41.95001,-121.84999,2018-01-04 00:00:00,0,1.8840001
41.95001,-121.75,2018-01-04 00:00:00,0,2.1582
41.95001,-121.649994,2018-01-04 00:00:00,0,2.1502
41.95001,-121.549995,2018-01-04 00:00:00,0,0.19927008
41.95001,-121.45,2018-01-04 00:00:00,0,0.2578235
41.95001,-121.34999,2018-01-04 00:00:00,0,0.10011092
41.95001,-121.25,2018-01-04 00:00:00,0,0.20910522
41.95001,-121.149994,2018-01-04 00:00:00,0,0.17283976
41.95001,-121.049995,2018-01-04 00:00:00,0,0.23688644
41.95001,-120.95,2018-01-04 00:00:00,0,0.34563255
41.95001,-120.84999,2018-01-04 00:00:00,0,0.067762785
41.95001,-120.75,2018-01-04 00:00:00,0,0.3390035
41.95001,-120.649994,2018-01-04 00:00:00,0,0.32554138
41.95001,-120.549995,2018-01-04 00:00:00,0,0.30209237
41.95001,-120.45,2018-01-04 00:00:00,0,0.7972238
41.95001,-120.34999,2018-01-04 00:00:00,0,0.02
41.95001,-120.25,2018-01-04 00:00:00,0,0.026382506
41.95001,-120.149994,2018-01-04 00:00:00,0,0.019740114
41.95001,-120.049995,2018-01-04 00:00:00,0,0.016501507
41.95001,-119.95,2018-01-04 00:00:00,0,0.0
41.95001,-119.84999,2018-01-04 00:00:00,0,0.0
41.95001,-119.75,2018-01-04 00:00:00,0,0.0
41.95001,-119.649994,2018-01-04 00:00:00,0,0.0
41.95001,-119.549995,2018-01-04 00:00:00,0,0.0
41.95001,-119.45,2018-01-04 00:00:00,0,0.0
41.95001,-119.34999,2018-01-04 00:00:00,0,0.0
41.95001,-119.25,2018-01-04 00:00:00,0,0.0
41.95001,-119.149994,2018-01-04 00:00:00,0,0.0
41.95001,-119.049995,2018-01-04 00:00:00,0,0.0
41.95001,-118.95,2018-01-04 00:00:00,0,0.0
41.95001,-118.84999,2018-01-04 00:00:00,0,0.0
41.95001,-118.75,2018-01-04 00:00:00,0,0.0
41.95001,-118.649994,2018-01-04 00:00:00,0,0.0
41.95001,-118.549995,2018-01-04 00:00:00,0,0.0
41.95001,-118.45,2018-01-04 00:00:00,0,0.0
41.95001,-118.34999,2018-01-04 00:00:00,0,0.0
41.95001,-118.25,2018-01-04 00:00:00,0,0.0
41.95001,-118.149994,2018-01-04 00:00:00,0,0.0
41.95001,-118.049995,2018-01-04 00:00:00,0,0.0
41.95001,-117.95,2018-01-04 00:00:00,0,0.0
41.95001,-117.84999,2018-01-04 00:00:00,0,0.0
41.95001,-117.75,2018-01-04 00:00:00,0,0.0
41.95001,-117.649994,2018-01-04 00:00:00,0,0.0
41.95001,-117.549995,2018-01-04 00:00:00,0,0.0
41.95001,-117.45,2018-01-04 00:00:00,0,0.0
41.95001,-117.34999,2018-01-04 00:00:00,0,0.0
41.95001,-117.25,2018-01-04 00:00:00,0,0.0
41.95001,-117.149994,2018-01-04 00:00:00,0,0.0
41.95001,-117.049995,2018-01-04 00:00:00,0,0.0
41.95001,-116.95,2018-01-04 00:00:00,0,0.0
41.95001,-116.84999,2018-01-04 00:00:00,0,0.0
41.95001,-116.75,2018-01-04 00:00:00,0,0.0
41.95001,-116.649994,2018-01-04 00:00:00,0,0.0
41.95001,-116.549995,2018-01-04 00:00:00,0,0.0
41.95001,-116.45,2018-01-04 00:00:00,0,0.0
41.95001,-116.34999,2018-01-04 00:00:00,0,0.0
41.95001,-116.25,2018-01-04 00:00:00,0,0.0
41.95001,-116.149994,2018-01-04 00:00:00,0,0.0
41.95001,-116.049995,2018-01-04 00:00:00,0,0.0
41.95001,-115.95,2018-01-04 00:00:00,0,0.0
41.95001,-115.85,2018-01-04 00:00:00,0,0.0
41.95001,-115.74999,2018-01-04 00:00:00,0,0.0
41.95001,-115.649994,2018-01-04 00:00:00,0,0.0
41.95001,-115.549995,2018-01-04 00:00:00,0,0.0
41.95001,-115.45,2018-01-04 00:00:00,0,0.0
41.95001,-115.35,2018-01-04 00:00:00,0,0.0
41.95001,-115.24999,2018-01-04 00:00:00,0,0.0
41.95001,-115.149994,2018-01-04 00:00:00,0,0.0
41.95001,-115.049995,2018-01-04 00:00:00,0,0.0
41.95001,-114.95,2018-01-04 00:00:00,0,0.0
41.95001,-114.85,2018-01-04 00:00:00,0,0.0
41.95001,-114.74999,2018-01-04 00:00:00,0,0.0
41.95001,-114.649994,2018-01-04 00:00:00,0,0.0
41.95001,-114.549995,2018-01-04 00:00:00,0,0.0
41.95001,-114.45,2018-01-04 00:00:00,0,0.0
41.95001,-114.35,2018-01-04 00:00:00,0,0.0
41.95001,-114.24999,2018-01-04 00:00:00,0,0.0
