lat,lon,time,spatial_ref,precipitationCal
32.55,-124.34999,2019-10-17 00:00:00,0,0.0
32.55,-124.25,2019-10-17 00:00:00,0,0.0
32.55,-124.149994,2019-10-17 00:00:00,0,0.0
32.55,-124.049995,2019-10-17 00:00:00,0,0.0
32.55,-123.95,2019-10-17 00:00:00,0,0.0
32.55,-123.84999,2019-10-17 00:00:00,0,0.0
32.55,-123.75,2019-10-17 00:00:00,0,0.0
32.55,-123.649994,2019-10-17 00:00:00,0,0.0
32.55,-123.549995,2019-10-17 00:00:00,0,0.0
32.55,-123.45,2019-10-17 00:00:00,0,0.0
32.55,-123.34999,2019-10-17 00:00:00,0,0.0
32.55,-123.25,2019-10-17 00:00:00,0,0.0
32.55,-123.149994,2019-10-17 00:00:00,0,0.0
32.55,-123.049995,2019-10-17 00:00:00,0,0.0
32.55,-122.95,2019-10-17 00:00:00,0,0.0
32.55,-122.84999,2019-10-17 00:00:00,0,0.0
32.55,-122.75,2019-10-17 00:00:00,0,0.0
32.55,-122.649994,2019-10-17 00:00:00,0,0.0
32.55,-122.549995,2019-10-17 00:00:00,0,0.0
32.55,-122.45,2019-10-17 00:00:00,0,0.0
32.55,-122.34999,2019-10-17 00:00:00,0,0.0
32.55,-122.25,2019-10-17 00:00:00,0,0.0
32.55,-122.149994,2019-10-17 00:00:00,0,0.0
32.55,-122.049995,2019-10-17 00:00:00,0,0.0
32.55,-121.95,2019-10-17 00:00:00,0,0.0
32.55,-121.84999,2019-10-17 00:00:00,0,0.0
32.55,-121.75,2019-10-17 00:00:00,0,0.0
32.55,-121.649994,2019-10-17 00:00:00,0,0.0
32.55,-121.549995,2019-10-17 00:00:00,0,0.0
32.55,-121.45,2019-10-17 00:00:00,0,0.0
32.55,-121.34999,2019-10-17 00:00:00,0,0.0
32.55,-121.25,2019-10-17 00:00:00,0,0.0
32.55,-121.149994,2019-10-17 00:00:00,0,0.0
32.55,-121.049995,2019-10-17 00:00:00,0,0.0
32.55,-120.95,2019-10-17 00:00:00,0,0.0
32.55,-120.84999,2019-10-17 00:00:00,0,0.0
32.55,-120.75,2019-10-17 00:00:00,0,0.0
32.55,-120.649994,2019-10-17 00:00:00,0,0.0
32.55,-120.549995,2019-10-17 00:00:00,0,0.0
32.55,-120.45,2019-10-17 00:00:00,0,0.0
32.55,-120.34999,2019-10-17 00:00:00,0,0.0
32.55,-120.25,2019-10-17 00:00:00,0,0.0
32.55,-120.149994,2019-10-17 00:00:00,0,0.0
32.55,-120.049995,2019-10-17 00:00:00,0,0.0
32.55,-119.95,2019-10-17 00:00:00,0,0.0
32.55,-119.84999,2019-10-17 00:00:00,0,0.0
32.55,-119.75,2019-10-17 00:00:00,0,0.0
32.55,-119.649994,2019-10-17 00:00:00,0,0.0
32.55,-119.549995,2019-10-17 00:00:00,0,0.0
32.55,-119.45,2019-10-17 00:00:00,0,0.0
32.55,-119.34999,2019-10-17 00:00:00,0,0.0
32.55,-119.25,2019-10-17 00:00:00,0,0.0
32.55,-119.149994,2019-10-17 00:00:00,0,0.0
32.55,-119.049995,2019-10-17 00:00:00,0,0.0
32.55,-118.95,2019-10-17 00:00:00,0,0.0
32.55,-118.84999,2019-10-17 00:00:00,0,0.0
32.55,-118.75,2019-10-17 00:00:00,0,0.0
32.55,-118.649994,2019-10-17 00:00:00,0,0.0
32.55,-118.549995,2019-10-17 00:00:00,0,0.0
32.55,-118.45,2019-10-17 00:00:00,0,0.0
32.55,-118.34999,2019-10-17 00:00:00,0,0.0
32.55,-118.25,2019-10-17 00:00:00,0,0.0
32.55,-118.149994,2019-10-17 00:00:00,0,0.0
32.55,-118.049995,2019-10-17 00:00:00,0,0.0
32.55,-117.95,2019-10-17 00:00:00,0,0.0
32.55,-117.84999,2019-10-17 00:00:00,0,0.0
32.55,-117.75,2019-10-17 00:00:00,0,0.0
32.55,-117.649994,2019-10-17 00:00:00,0,0.0
32.55,-117.549995,2019-10-17 00:00:00,0,0.0
32.55,-117.45,2019-10-17 00:00:00,0,0.0
32.55,-117.34999,2019-10-17 00:00:00,0,0.0
32.55,-117.25,2019-10-17 00:00:00,0,0.0
32.55,-117.149994,2019-10-17 00:00:00,0,0.0
32.55,-117.049995,2019-10-17 00:00:00,0,0.09813317
32.55,-116.95,2019-10-17 00:00:00,0,0.015683385
32.55,-116.84999,2019-10-17 00:00:00,0,0.0
32.55,-116.75,2019-10-17 00:00:00,0,0.0
32.55,-116.649994,2019-10-17 00:00:00,0,0.0
32.55,-116.549995,2019-10-17 00:00:00,0,0.0
32.55,-116.45,2019-10-17 00:00:00,0,0.0
32.55,-116.34999,2019-10-17 00:00:00,0,0.0
32.55,-116.25,2019-10-17 00:00:00,0,0.0
32.55,-116.149994,2019-10-17 00:00:00,0,0.0
32.55,-116.049995,2019-10-17 00:00:00,0,0.0
32.55,-115.95,2019-10-17 00:00:00,0,0.0
32.55,-115.85,2019-10-17 00:00:00,0,0.0
32.55,-115.74999,2019-10-17 00:00:00,0,0.0
32.55,-115.649994,2019-10-17 00:00:00,0,0.0
32.55,-115.549995,2019-10-17 00:00:00,0,0.0
32.55,-115.45,2019-10-17 00:00:00,0,0.0
32.55,-115.35,2019-10-17 00:00:00,0,0.0
32.55,-115.24999,2019-10-17 00:00:00,0,0.0
32.55,-115.149994,2019-10-17 00:00:00,0,0.0
32.55,-115.049995,2019-10-17 00:00:00,0,0.0
32.55,-114.95,2019-10-17 00:00:00,0,0.0
32.55,-114.85,2019-10-17 00:00:00,0,0.0
32.55,-114.74999,2019-10-17 00:00:00,0,0.0
32.55,-114.649994,2019-10-17 00:00:00,0,0.0
32.55,-114.549995,2019-10-17 00:00:00,0,0.0
32.55,-114.45,2019-10-17 00:00:00,0,0.0
32.55,-114.35,2019-10-17 00:00:00,0,0.0
32.55,-114.24999,2019-10-17 00:00:00,0,0.0
32.649998,-124.34999,2019-10-17 00:00:00,0,0.0
32.649998,-124.25,2019-10-17 00:00:00,0,0.0
32.649998,-124.149994,2019-10-17 00:00:00,0,0.0
32.649998,-124.049995,2019-10-17 00:00:00,0,0.0
32.649998,-123.95,2019-10-17 00:00:00,0,0.0
32.649998,-123.84999,2019-10-17 00:00:00,0,0.0
32.649998,-123.75,2019-10-17 00:00:00,0,0.0
32.649998,-123.649994,2019-10-17 00:00:00,0,0.0
32.649998,-123.549995,2019-10-17 00:00:00,0,0.0
32.649998,-123.45,2019-10-17 00:00:00,0,0.0
32.649998,-123.34999,2019-10-17 00:00:00,0,0.0
32.649998,-123.25,2019-10-17 00:00:00,0,0.0
32.649998,-123.149994,2019-10-17 00:00:00,0,0.0
32.649998,-123.049995,2019-10-17 00:00:00,0,0.0
32.649998,-122.95,2019-10-17 00:00:00,0,0.0
32.649998,-122.84999,2019-10-17 00:00:00,0,0.0
32.649998,-122.75,2019-10-17 00:00:00,0,0.0
32.649998,-122.649994,2019-10-17 00:00:00,0,0.0
32.649998,-122.549995,2019-10-17 00:00:00,0,0.0
32.649998,-122.45,2019-10-17 00:00:00,0,0.0
32.649998,-122.34999,2019-10-17 00:00:00,0,0.0
32.649998,-122.25,2019-10-17 00:00:00,0,0.0
32.649998,-122.149994,2019-10-17 00:00:00,0,0.0
32.649998,-122.049995,2019-10-17 00:00:00,0,0.0
32.649998,-121.95,2019-10-17 00:00:00,0,0.0
32.649998,-121.84999,2019-10-17 00:00:00,0,0.0
32.649998,-121.75,2019-10-17 00:00:00,0,0.0
32.649998,-121.649994,2019-10-17 00:00:00,0,0.0
32.649998,-121.549995,2019-10-17 00:00:00,0,0.0
32.649998,-121.45,2019-10-17 00:00:00,0,0.0
32.649998,-121.34999,2019-10-17 00:00:00,0,0.0
32.649998,-121.25,2019-10-17 00:00:00,0,0.0
32.649998,-121.149994,2019-10-17 00:00:00,0,0.0
32.649998,-121.049995,2019-10-17 00:00:00,0,0.0
32.649998,-120.95,2019-10-17 00:00:00,0,0.0
32.649998,-120.84999,2019-10-17 00:00:00,0,0.0
32.649998,-120.75,2019-10-17 00:00:00,0,0.0
32.649998,-120.649994,2019-10-17 00:00:00,0,0.0
32.649998,-120.549995,2019-10-17 00:00:00,0,0.0
32.649998,-120.45,2019-10-17 00:00:00,0,0.0
32.649998,-120.34999,2019-10-17 00:00:00,0,0.0
32.649998,-120.25,2019-10-17 00:00:00,0,0.0
32.649998,-120.149994,2019-10-17 00:00:00,0,0.0
32.649998,-120.049995,2019-10-17 00:00:00,0,0.0
32.649998,-119.95,2019-10-17 00:00:00,0,0.0
32.649998,-119.84999,2019-10-17 00:00:00,0,0.0
32.649998,-119.75,2019-10-17 00:00:00,0,0.0
32.649998,-119.649994,2019-10-17 00:00:00,0,0.0
32.649998,-119.549995,2019-10-17 00:00:00,0,0.0
32.649998,-119.45,2019-10-17 00:00:00,0,0.0
32.649998,-119.34999,2019-10-17 00:00:00,0,0.0
32.649998,-119.25,2019-10-17 00:00:00,0,0.0
32.649998,-119.149994,2019-10-17 00:00:00,0,0.0
32.649998,-119.049995,2019-10-17 00:00:00,0,0.0
32.649998,-118.95,2019-10-17 00:00:00,0,0.0
32.649998,-118.84999,2019-10-17 00:00:00,0,0.0
32.649998,-118.75,2019-10-17 00:00:00,0,0.0
32.649998,-118.649994,2019-10-17 00:00:00,0,0.0
32.649998,-118.549995,2019-10-17 00:00:00,0,0.0
32.649998,-118.45,2019-10-17 00:00:00,0,0.0
32.649998,-118.34999,2019-10-17 00:00:00,0,0.0
32.649998,-118.25,2019-10-17 00:00:00,0,0.0
32.649998,-118.149994,2019-10-17 00:00:00,0,0.0
32.649998,-118.049995,2019-10-17 00:00:00,0,0.0
32.649998,-117.95,2019-10-17 00:00:00,0,0.0
32.649998,-117.84999,2019-10-17 00:00:00,0,0.0
32.649998,-117.75,2019-10-17 00:00:00,0,0.0
32.649998,-117.649994,2019-10-17 00:00:00,0,0.0
32.649998,-117.549995,2019-10-17 00:00:00,0,0.0
32.649998,-117.45,2019-10-17 00:00:00,0,0.0
32.649998,-117.34999,2019-10-17 00:00:00,0,0.0
32.649998,-117.25,2019-10-17 00:00:00,0,0.0
32.649998,-117.149994,2019-10-17 00:00:00,0,0.22685276
32.649998,-117.049995,2019-10-17 00:00:00,0,0.86460257
32.649998,-116.95,2019-10-17 00:00:00,0,0.17206913
32.649998,-116.84999,2019-10-17 00:00:00,0,0.008479055
32.649998,-116.75,2019-10-17 00:00:00,0,0.015729373
32.649998,-116.649994,2019-10-17 00:00:00,0,0.015977079
32.649998,-116.549995,2019-10-17 00:00:00,0,0.0019816533
32.649998,-116.45,2019-10-17 00:00:00,0,0.0
32.649998,-116.34999,2019-10-17 00:00:00,0,0.0
32.649998,-116.25,2019-10-17 00:00:00,0,0.0
32.649998,-116.149994,2019-10-17 00:00:00,0,0.0
32.649998,-116.049995,2019-10-17 00:00:00,0,0.0
32.649998,-115.95,2019-10-17 00:00:00,0,0.0
32.649998,-115.85,2019-10-17 00:00:00,0,0.0
32.649998,-115.74999,2019-10-17 00:00:00,0,0.0
32.649998,-115.649994,2019-10-17 00:00:00,0,0.0
32.649998,-115.549995,2019-10-17 00:00:00,0,0.0
32.649998,-115.45,2019-10-17 00:00:00,0,0.0
32.649998,-115.35,2019-10-17 00:00:00,0,0.0
32.649998,-115.24999,2019-10-17 00:00:00,0,0.0
32.649998,-115.149994,2019-10-17 00:00:00,0,0.0
32.649998,-115.049995,2019-10-17 00:00:00,0,0.0
32.649998,-114.95,2019-10-17 00:00:00,0,0.0
32.649998,-114.85,2019-10-17 00:00:00,0,0.0
32.649998,-114.74999,2019-10-17 00:00:00,0,0.0
32.649998,-114.649994,2019-10-17 00:00:00,0,0.0
32.649998,-114.549995,2019-10-17 00:00:00,0,0.0
32.649998,-114.45,2019-10-17 00:00:00,0,0.0
32.649998,-114.35,2019-10-17 00:00:00,0,0.0
32.649998,-114.24999,2019-10-17 00:00:00,0,0.0
32.750004,-124.34999,2019-10-17 00:00:00,0,0.0
32.750004,-124.25,2019-10-17 00:00:00,0,0.0
32.750004,-124.149994,2019-10-17 00:00:00,0,0.0
32.750004,-124.049995,2019-10-17 00:00:00,0,0.0
32.750004,-123.95,2019-10-17 00:00:00,0,0.0
32.750004,-123.84999,2019-10-17 00:00:00,0,0.0
32.750004,-123.75,2019-10-17 00:00:00,0,0.0
32.750004,-123.649994,2019-10-17 00:00:00,0,0.0
32.750004,-123.549995,2019-10-17 00:00:00,0,0.0
32.750004,-123.45,2019-10-17 00:00:00,0,0.0
32.750004,-123.34999,2019-10-17 00:00:00,0,0.0
32.750004,-123.25,2019-10-17 00:00:00,0,0.0
32.750004,-123.149994,2019-10-17 00:00:00,0,0.0
32.750004,-123.049995,2019-10-17 00:00:00,0,0.0
32.750004,-122.95,2019-10-17 00:00:00,0,0.0
32.750004,-122.84999,2019-10-17 00:00:00,0,0.0
32.750004,-122.75,2019-10-17 00:00:00,0,0.0
32.750004,-122.649994,2019-10-17 00:00:00,0,0.0
32.750004,-122.549995,2019-10-17 00:00:00,0,0.0
32.750004,-122.45,2019-10-17 00:00:00,0,0.0
32.750004,-122.34999,2019-10-17 00:00:00,0,0.0
32.750004,-122.25,2019-10-17 00:00:00,0,0.0
32.750004,-122.149994,2019-10-17 00:00:00,0,0.0
32.750004,-122.049995,2019-10-17 00:00:00,0,0.0
32.750004,-121.95,2019-10-17 00:00:00,0,0.0
32.750004,-121.84999,2019-10-17 00:00:00,0,0.0
32.750004,-121.75,2019-10-17 00:00:00,0,0.0
32.750004,-121.649994,2019-10-17 00:00:00,0,0.0
32.750004,-121.549995,2019-10-17 00:00:00,0,0.0
32.750004,-121.45,2019-10-17 00:00:00,0,0.0
32.750004,-121.34999,2019-10-17 00:00:00,0,0.0
32.750004,-121.25,2019-10-17 00:00:00,0,0.0
32.750004,-121.149994,2019-10-17 00:00:00,0,0.0
32.750004,-121.049995,2019-10-17 00:00:00,0,0.0
32.750004,-120.95,2019-10-17 00:00:00,0,0.0
32.750004,-120.84999,2019-10-17 00:00:00,0,0.0
32.750004,-120.75,2019-10-17 00:00:00,0,0.0
32.750004,-120.649994,2019-10-17 00:00:00,0,0.0
32.750004,-120.549995,2019-10-17 00:00:00,0,0.0
32.750004,-120.45,2019-10-17 00:00:00,0,0.0
32.750004,-120.34999,2019-10-17 00:00:00,0,0.0
32.750004,-120.25,2019-10-17 00:00:00,0,0.0
32.750004,-120.149994,2019-10-17 00:00:00,0,0.0
32.750004,-120.049995,2019-10-17 00:00:00,0,0.0
32.750004,-119.95,2019-10-17 00:00:00,0,0.0
32.750004,-119.84999,2019-10-17 00:00:00,0,0.0
32.750004,-119.75,2019-10-17 00:00:00,0,0.0
32.750004,-119.649994,2019-10-17 00:00:00,0,0.0
32.750004,-119.549995,2019-10-17 00:00:00,0,0.0
32.750004,-119.45,2019-10-17 00:00:00,0,0.0
32.750004,-119.34999,2019-10-17 00:00:00,0,0.0
32.750004,-119.25,2019-10-17 00:00:00,0,0.0
32.750004,-119.149994,2019-10-17 00:00:00,0,0.0
32.750004,-119.049995,2019-10-17 00:00:00,0,0.0
32.750004,-118.95,2019-10-17 00:00:00,0,0.0
32.750004,-118.84999,2019-10-17 00:00:00,0,0.0
32.750004,-118.75,2019-10-17 00:00:00,0,0.0
32.750004,-118.649994,2019-10-17 00:00:00,0,0.0
32.750004,-118.549995,2019-10-17 00:00:00,0,0.0
32.750004,-118.45,2019-10-17 00:00:00,0,0.0
32.750004,-118.34999,2019-10-17 00:00:00,0,0.0
32.750004,-118.25,2019-10-17 00:00:00,0,0.0
32.750004,-118.149994,2019-10-17 00:00:00,0,0.0
32.750004,-118.049995,2019-10-17 00:00:00,0,0.0
32.750004,-117.95,2019-10-17 00:00:00,0,0.0
32.750004,-117.84999,2019-10-17 00:00:00,0,0.0
32.750004,-117.75,2019-10-17 00:00:00,0,0.0
32.750004,-117.649994,2019-10-17 00:00:00,0,0.0
32.750004,-117.549995,2019-10-17 00:00:00,0,0.0
32.750004,-117.45,2019-10-17 00:00:00,0,0.0
32.750004,-117.34999,2019-10-17 00:00:00,0,0.0
32.750004,-117.25,2019-10-17 00:00:00,0,0.16129385
32.750004,-117.149994,2019-10-17 00:00:00,0,0.42043483
32.750004,-117.049995,2019-10-17 00:00:00,0,1.5994811
32.750004,-116.95,2019-10-17 00:00:00,0,0.78394514
32.750004,-116.84999,2019-10-17 00:00:00,0,0.12132014
32.750004,-116.75,2019-10-17 00:00:00,0,0.10158894
32.750004,-116.649994,2019-10-17 00:00:00,0,0.13016987
32.750004,-116.549995,2019-10-17 00:00:00,0,0.018330293
32.750004,-116.45,2019-10-17 00:00:00,0,0.0
32.750004,-116.34999,2019-10-17 00:00:00,0,0.0
32.750004,-116.25,2019-10-17 00:00:00,0,0.0
32.750004,-116.149994,2019-10-17 00:00:00,0,0.0
32.750004,-116.049995,2019-10-17 00:00:00,0,0.0
32.750004,-115.95,2019-10-17 00:00:00,0,0.0
32.750004,-115.85,2019-10-17 00:00:00,0,0.0
32.750004,-115.74999,2019-10-17 00:00:00,0,0.0
32.750004,-115.649994,2019-10-17 00:00:00,0,0.0
32.750004,-115.549995,2019-10-17 00:00:00,0,0.0
32.750004,-115.45,2019-10-17 00:00:00,0,0.0
32.750004,-115.35,2019-10-17 00:00:00,0,0.0
32.750004,-115.24999,2019-10-17 00:00:00,0,0.0
32.750004,-115.149994,2019-10-17 00:00:00,0,0.0
32.750004,-115.049995,2019-10-17 00:00:00,0,0.0
32.750004,-114.95,2019-10-17 00:00:00,0,0.0
32.750004,-114.85,2019-10-17 00:00:00,0,0.0
32.750004,-114.74999,2019-10-17 00:00:00,0,0.0
32.750004,-114.649994,2019-10-17 00:00:00,0,0.0
32.750004,-114.549995,2019-10-17 00:00:00,0,0.0
32.750004,-114.45,2019-10-17 00:00:00,0,0.0
32.750004,-114.35,2019-10-17 00:00:00,0,0.0
32.750004,-114.24999,2019-10-17 00:00:00,0,0.0
32.850002,-124.34999,2019-10-17 00:00:00,0,0.0
32.850002,-124.25,2019-10-17 00:00:00,0,0.0
32.850002,-124.149994,2019-10-17 00:00:00,0,0.0
32.850002,-124.049995,2019-10-17 00:00:00,0,0.0
32.850002,-123.95,2019-10-17 00:00:00,0,0.0
32.850002,-123.84999,2019-10-17 00:00:00,0,0.0
32.850002,-123.75,2019-10-17 00:00:00,0,0.0
32.850002,-123.649994,2019-10-17 00:00:00,0,0.0
32.850002,-123.549995,2019-10-17 00:00:00,0,0.0
32.850002,-123.45,2019-10-17 00:00:00,0,0.0
32.850002,-123.34999,2019-10-17 00:00:00,0,0.0
32.850002,-123.25,2019-10-17 00:00:00,0,0.0
32.850002,-123.149994,2019-10-17 00:00:00,0,0.0
32.850002,-123.049995,2019-10-17 00:00:00,0,0.0
32.850002,-122.95,2019-10-17 00:00:00,0,0.0
32.850002,-122.84999,2019-10-17 00:00:00,0,0.0
32.850002,-122.75,2019-10-17 00:00:00,0,0.0
32.850002,-122.649994,2019-10-17 00:00:00,0,0.0
32.850002,-122.549995,2019-10-17 00:00:00,0,0.0
32.850002,-122.45,2019-10-17 00:00:00,0,0.0
32.850002,-122.34999,2019-10-17 00:00:00,0,0.0
32.850002,-122.25,2019-10-17 00:00:00,0,0.0
32.850002,-122.149994,2019-10-17 00:00:00,0,0.0
32.850002,-122.049995,2019-10-17 00:00:00,0,0.0
32.850002,-121.95,2019-10-17 00:00:00,0,0.0
32.850002,-121.84999,2019-10-17 00:00:00,0,0.0
32.850002,-121.75,2019-10-17 00:00:00,0,0.0
32.850002,-121.649994,2019-10-17 00:00:00,0,0.0
32.850002,-121.549995,2019-10-17 00:00:00,0,0.0
32.850002,-121.45,2019-10-17 00:00:00,0,0.0
32.850002,-121.34999,2019-10-17 00:00:00,0,0.0
32.850002,-121.25,2019-10-17 00:00:00,0,0.0
32.850002,-121.149994,2019-10-17 00:00:00,0,0.0
32.850002,-121.049995,2019-10-17 00:00:00,0,0.0
32.850002,-120.95,2019-10-17 00:00:00,0,0.0
32.850002,-120.84999,2019-10-17 00:00:00,0,0.0
32.850002,-120.75,2019-10-17 00:00:00,0,0.0
32.850002,-120.649994,2019-10-17 00:00:00,0,0.0
32.850002,-120.549995,2019-10-17 00:00:00,0,0.0
32.850002,-120.45,2019-10-17 00:00:00,0,0.0
32.850002,-120.34999,2019-10-17 00:00:00,0,0.0
32.850002,-120.25,2019-10-17 00:00:00,0,0.0
32.850002,-120.149994,2019-10-17 00:00:00,0,0.0
32.850002,-120.049995,2019-10-17 00:00:00,0,0.0
32.850002,-119.95,2019-10-17 00:00:00,0,0.0
32.850002,-119.84999,2019-10-17 00:00:00,0,0.0
32.850002,-119.75,2019-10-17 00:00:00,0,0.0
32.850002,-119.649994,2019-10-17 00:00:00,0,0.0
32.850002,-119.549995,2019-10-17 00:00:00,0,0.0
32.850002,-119.45,2019-10-17 00:00:00,0,0.0
32.850002,-119.34999,2019-10-17 00:00:00,0,0.0
32.850002,-119.25,2019-10-17 00:00:00,0,0.0
32.850002,-119.149994,2019-10-17 00:00:00,0,0.0
32.850002,-119.049995,2019-10-17 00:00:00,0,0.0
32.850002,-118.95,2019-10-17 00:00:00,0,0.0
32.850002,-118.84999,2019-10-17 00:00:00,0,0.0
32.850002,-118.75,2019-10-17 00:00:00,0,0.0
32.850002,-118.649994,2019-10-17 00:00:00,0,0.0
32.850002,-118.549995,2019-10-17 00:00:00,0,0.0
32.850002,-118.45,2019-10-17 00:00:00,0,0.0
32.850002,-118.34999,2019-10-17 00:00:00,0,0.0
32.850002,-118.25,2019-10-17 00:00:00,0,0.0
32.850002,-118.149994,2019-10-17 00:00:00,0,0.0
32.850002,-118.049995,2019-10-17 00:00:00,0,0.0
32.850002,-117.95,2019-10-17 00:00:00,0,0.0
32.850002,-117.84999,2019-10-17 00:00:00,0,0.0
32.850002,-117.75,2019-10-17 00:00:00,0,0.0
32.850002,-117.649994,2019-10-17 00:00:00,0,0.0
32.850002,-117.549995,2019-10-17 00:00:00,0,0.0
32.850002,-117.45,2019-10-17 00:00:00,0,0.0
32.850002,-117.34999,2019-10-17 00:00:00,0,0.0
32.850002,-117.25,2019-10-17 00:00:00,0,0.16503447
32.850002,-117.149994,2019-10-17 00:00:00,0,0.13971081
32.850002,-117.049995,2019-10-17 00:00:00,0,1.015387
32.850002,-116.95,2019-10-17 00:00:00,0,2.4863763
32.850002,-116.84999,2019-10-17 00:00:00,0,0.5107809
32.850002,-116.75,2019-10-17 00:00:00,0,0.14987782
32.850002,-116.649994,2019-10-17 00:00:00,0,0.36895907
32.850002,-116.549995,2019-10-17 00:00:00,0,0.102302864
32.850002,-116.45,2019-10-17 00:00:00,0,0.008422027
32.850002,-116.34999,2019-10-17 00:00:00,0,0.0
32.850002,-116.25,2019-10-17 00:00:00,0,0.0
32.850002,-116.149994,2019-10-17 00:00:00,0,0.0
32.850002,-116.049995,2019-10-17 00:00:00,0,0.0
32.850002,-115.95,2019-10-17 00:00:00,0,0.0
32.850002,-115.85,2019-10-17 00:00:00,0,0.0
32.850002,-115.74999,2019-10-17 00:00:00,0,0.0
32.850002,-115.649994,2019-10-17 00:00:00,0,0.0
32.850002,-115.549995,2019-10-17 00:00:00,0,0.0
32.850002,-115.45,2019-10-17 00:00:00,0,0.0
32.850002,-115.35,2019-10-17 00:00:00,0,0.0
32.850002,-115.24999,2019-10-17 00:00:00,0,0.0
32.850002,-115.149994,2019-10-17 00:00:00,0,0.0
32.850002,-115.049995,2019-10-17 00:00:00,0,0.0
32.850002,-114.95,2019-10-17 00:00:00,0,0.0
32.850002,-114.85,2019-10-17 00:00:00,0,0.0
32.850002,-114.74999,2019-10-17 00:00:00,0,0.0
32.850002,-114.649994,2019-10-17 00:00:00,0,0.0
32.850002,-114.549995,2019-10-17 00:00:00,0,0.0
32.850002,-114.45,2019-10-17 00:00:00,0,0.0
32.850002,-114.35,2019-10-17 00:00:00,0,0.0
32.850002,-114.24999,2019-10-17 00:00:00,0,0.0
32.95,-124.34999,2019-10-17 00:00:00,0,0.0
32.95,-124.25,2019-10-17 00:00:00,0,0.0
32.95,-124.149994,2019-10-17 00:00:00,0,0.0
32.95,-124.049995,2019-10-17 00:00:00,0,0.0
32.95,-123.95,2019-10-17 00:00:00,0,0.0
32.95,-123.84999,2019-10-17 00:00:00,0,0.0
32.95,-123.75,2019-10-17 00:00:00,0,0.0
32.95,-123.649994,2019-10-17 00:00:00,0,0.0
32.95,-123.549995,2019-10-17 00:00:00,0,0.0
32.95,-123.45,2019-10-17 00:00:00,0,0.0
32.95,-123.34999,2019-10-17 00:00:00,0,0.0
32.95,-123.25,2019-10-17 00:00:00,0,0.0
32.95,-123.149994,2019-10-17 00:00:00,0,0.0
32.95,-123.049995,2019-10-17 00:00:00,0,0.0
32.95,-122.95,2019-10-17 00:00:00,0,0.0
32.95,-122.84999,2019-10-17 00:00:00,0,0.0
32.95,-122.75,2019-10-17 00:00:00,0,0.0
32.95,-122.649994,2019-10-17 00:00:00,0,0.0
32.95,-122.549995,2019-10-17 00:00:00,0,0.0
32.95,-122.45,2019-10-17 00:00:00,0,0.0
32.95,-122.34999,2019-10-17 00:00:00,0,0.0
32.95,-122.25,2019-10-17 00:00:00,0,0.0
32.95,-122.149994,2019-10-17 00:00:00,0,0.0
32.95,-122.049995,2019-10-17 00:00:00,0,0.0
32.95,-121.95,2019-10-17 00:00:00,0,0.0
32.95,-121.84999,2019-10-17 00:00:00,0,0.0
32.95,-121.75,2019-10-17 00:00:00,0,0.0
32.95,-121.649994,2019-10-17 00:00:00,0,0.0
32.95,-121.549995,2019-10-17 00:00:00,0,0.0
32.95,-121.45,2019-10-17 00:00:00,0,0.0
32.95,-121.34999,2019-10-17 00:00:00,0,0.0
32.95,-121.25,2019-10-17 00:00:00,0,0.0
32.95,-121.149994,2019-10-17 00:00:00,0,0.0
32.95,-121.049995,2019-10-17 00:00:00,0,0.0
32.95,-120.95,2019-10-17 00:00:00,0,0.0
32.95,-120.84999,2019-10-17 00:00:00,0,0.0
32.95,-120.75,2019-10-17 00:00:00,0,0.0
32.95,-120.649994,2019-10-17 00:00:00,0,0.0
32.95,-120.549995,2019-10-17 00:00:00,0,0.0
32.95,-120.45,2019-10-17 00:00:00,0,0.0
32.95,-120.34999,2019-10-17 00:00:00,0,0.0
32.95,-120.25,2019-10-17 00:00:00,0,0.0
32.95,-120.149994,2019-10-17 00:00:00,0,0.0
32.95,-120.049995,2019-10-17 00:00:00,0,0.0
32.95,-119.95,2019-10-17 00:00:00,0,0.0
32.95,-119.84999,2019-10-17 00:00:00,0,0.0
32.95,-119.75,2019-10-17 00:00:00,0,0.0
32.95,-119.649994,2019-10-17 00:00:00,0,0.0
32.95,-119.549995,2019-10-17 00:00:00,0,0.0
32.95,-119.45,2019-10-17 00:00:00,0,0.0
32.95,-119.34999,2019-10-17 00:00:00,0,0.0
32.95,-119.25,2019-10-17 00:00:00,0,0.0
32.95,-119.149994,2019-10-17 00:00:00,0,0.0
32.95,-119.049995,2019-10-17 00:00:00,0,0.0
32.95,-118.95,2019-10-17 00:00:00,0,0.0
32.95,-118.84999,2019-10-17 00:00:00,0,0.0
32.95,-118.75,2019-10-17 00:00:00,0,0.0
32.95,-118.649994,2019-10-17 00:00:00,0,0.0
32.95,-118.549995,2019-10-17 00:00:00,0,0.0
32.95,-118.45,2019-10-17 00:00:00,0,0.0
32.95,-118.34999,2019-10-17 00:00:00,0,0.0
32.95,-118.25,2019-10-17 00:00:00,0,0.0
32.95,-118.149994,2019-10-17 00:00:00,0,0.0
32.95,-118.049995,2019-10-17 00:00:00,0,0.0
32.95,-117.95,2019-10-17 00:00:00,0,0.0
32.95,-117.84999,2019-10-17 00:00:00,0,0.0
32.95,-117.75,2019-10-17 00:00:00,0,0.0
32.95,-117.649994,2019-10-17 00:00:00,0,0.0
32.95,-117.549995,2019-10-17 00:00:00,0,0.0
32.95,-117.45,2019-10-17 00:00:00,0,0.0
32.95,-117.34999,2019-10-17 00:00:00,0,0.0
32.95,-117.25,2019-10-17 00:00:00,0,0.0
32.95,-117.149994,2019-10-17 00:00:00,0,0.026437705
32.95,-117.049995,2019-10-17 00:00:00,0,0.32218152
32.95,-116.95,2019-10-17 00:00:00,0,1.1611305
32.95,-116.84999,2019-10-17 00:00:00,0,0.29549265
32.95,-116.75,2019-10-17 00:00:00,0,0.15534958
32.95,-116.649994,2019-10-17 00:00:00,0,0.5502804
32.95,-116.549995,2019-10-17 00:00:00,0,0.34778017
32.95,-116.45,2019-10-17 00:00:00,0,0.050779864
32.95,-116.34999,2019-10-17 00:00:00,0,0.0
32.95,-116.25,2019-10-17 00:00:00,0,0.0
32.95,-116.149994,2019-10-17 00:00:00,0,0.0
32.95,-116.049995,2019-10-17 00:00:00,0,0.0
32.95,-115.95,2019-10-17 00:00:00,0,0.0
32.95,-115.85,2019-10-17 00:00:00,0,0.0
32.95,-115.74999,2019-10-17 00:00:00,0,0.0
32.95,-115.649994,2019-10-17 00:00:00,0,0.0
32.95,-115.549995,2019-10-17 00:00:00,0,0.0
32.95,-115.45,2019-10-17 00:00:00,0,0.0
32.95,-115.35,2019-10-17 00:00:00,0,0.0
32.95,-115.24999,2019-10-17 00:00:00,0,0.0
32.95,-115.149994,2019-10-17 00:00:00,0,0.0
32.95,-115.049995,2019-10-17 00:00:00,0,0.0
32.95,-114.95,2019-10-17 00:00:00,0,0.0
32.95,-114.85,2019-10-17 00:00:00,0,0.0
32.95,-114.74999,2019-10-17 00:00:00,0,0.0
32.95,-114.649994,2019-10-17 00:00:00,0,0.0
32.95,-114.549995,2019-10-17 00:00:00,0,0.0
32.95,-114.45,2019-10-17 00:00:00,0,0.0
32.95,-114.35,2019-10-17 00:00:00,0,0.0
32.95,-114.24999,2019-10-17 00:00:00,0,0.0
33.05,-124.34999,2019-10-17 00:00:00,0,0.0
33.05,-124.25,2019-10-17 00:00:00,0,0.0
33.05,-124.149994,2019-10-17 00:00:00,0,0.0
33.05,-124.049995,2019-10-17 00:00:00,0,0.0
33.05,-123.95,2019-10-17 00:00:00,0,0.0
33.05,-123.84999,2019-10-17 00:00:00,0,0.0
33.05,-123.75,2019-10-17 00:00:00,0,0.0
33.05,-123.649994,2019-10-17 00:00:00,0,0.0
33.05,-123.549995,2019-10-17 00:00:00,0,0.0
33.05,-123.45,2019-10-17 00:00:00,0,0.0
33.05,-123.34999,2019-10-17 00:00:00,0,0.0
33.05,-123.25,2019-10-17 00:00:00,0,0.0
33.05,-123.149994,2019-10-17 00:00:00,0,0.0
33.05,-123.049995,2019-10-17 00:00:00,0,0.0
33.05,-122.95,2019-10-17 00:00:00,0,0.0
33.05,-122.84999,2019-10-17 00:00:00,0,0.0
33.05,-122.75,2019-10-17 00:00:00,0,0.0
33.05,-122.649994,2019-10-17 00:00:00,0,0.0
33.05,-122.549995,2019-10-17 00:00:00,0,0.0
33.05,-122.45,2019-10-17 00:00:00,0,0.0
33.05,-122.34999,2019-10-17 00:00:00,0,0.0
33.05,-122.25,2019-10-17 00:00:00,0,0.0
33.05,-122.149994,2019-10-17 00:00:00,0,0.0
33.05,-122.049995,2019-10-17 00:00:00,0,0.0
33.05,-121.95,2019-10-17 00:00:00,0,0.0
33.05,-121.84999,2019-10-17 00:00:00,0,0.0
33.05,-121.75,2019-10-17 00:00:00,0,0.0
33.05,-121.649994,2019-10-17 00:00:00,0,0.0
33.05,-121.549995,2019-10-17 00:00:00,0,0.0
33.05,-121.45,2019-10-17 00:00:00,0,0.0
33.05,-121.34999,2019-10-17 00:00:00,0,0.0
33.05,-121.25,2019-10-17 00:00:00,0,0.0
33.05,-121.149994,2019-10-17 00:00:00,0,0.0
33.05,-121.049995,2019-10-17 00:00:00,0,0.0
33.05,-120.95,2019-10-17 00:00:00,0,0.0
33.05,-120.84999,2019-10-17 00:00:00,0,0.0
33.05,-120.75,2019-10-17 00:00:00,0,0.0
33.05,-120.649994,2019-10-17 00:00:00,0,0.0
33.05,-120.549995,2019-10-17 00:00:00,0,0.0
33.05,-120.45,2019-10-17 00:00:00,0,0.0
33.05,-120.34999,2019-10-17 00:00:00,0,0.0
33.05,-120.25,2019-10-17 00:00:00,0,0.0
33.05,-120.149994,2019-10-17 00:00:00,0,0.0
33.05,-120.049995,2019-10-17 00:00:00,0,0.0
33.05,-119.95,2019-10-17 00:00:00,0,0.0
33.05,-119.84999,2019-10-17 00:00:00,0,0.0
33.05,-119.75,2019-10-17 00:00:00,0,0.0
33.05,-119.649994,2019-10-17 00:00:00,0,0.0
33.05,-119.549995,2019-10-17 00:00:00,0,0.0
33.05,-119.45,2019-10-17 00:00:00,0,0.0
33.05,-119.34999,2019-10-17 00:00:00,0,0.0
33.05,-119.25,2019-10-17 00:00:00,0,0.0
33.05,-119.149994,2019-10-17 00:00:00,0,0.0
33.05,-119.049995,2019-10-17 00:00:00,0,0.0
33.05,-118.95,2019-10-17 00:00:00,0,0.0
33.05,-118.84999,2019-10-17 00:00:00,0,0.0
33.05,-118.75,2019-10-17 00:00:00,0,0.0
33.05,-118.649994,2019-10-17 00:00:00,0,0.0
33.05,-118.549995,2019-10-17 00:00:00,0,0.0
33.05,-118.45,2019-10-17 00:00:00,0,0.0
33.05,-118.34999,2019-10-17 00:00:00,0,0.0
33.05,-118.25,2019-10-17 00:00:00,0,0.0
33.05,-118.149994,2019-10-17 00:00:00,0,0.0
33.05,-118.049995,2019-10-17 00:00:00,0,0.0
33.05,-117.95,2019-10-17 00:00:00,0,0.0
33.05,-117.84999,2019-10-17 00:00:00,0,0.0
33.05,-117.75,2019-10-17 00:00:00,0,0.0
33.05,-117.649994,2019-10-17 00:00:00,0,0.0
33.05,-117.549995,2019-10-17 00:00:00,0,0.0
33.05,-117.45,2019-10-17 00:00:00,0,0.0
33.05,-117.34999,2019-10-17 00:00:00,0,0.0
33.05,-117.25,2019-10-17 00:00:00,0,0.0
33.05,-117.149994,2019-10-17 00:00:00,0,0.0017923868
33.05,-117.049995,2019-10-17 00:00:00,0,0.047946345
33.05,-116.95,2019-10-17 00:00:00,0,0.2442127
33.05,-116.84999,2019-10-17 00:00:00,0,0.09553924
33.05,-116.75,2019-10-17 00:00:00,0,0.12101999
33.05,-116.649994,2019-10-17 00:00:00,0,0.59697306
33.05,-116.549995,2019-10-17 00:00:00,0,0.29328468
33.05,-116.45,2019-10-17 00:00:00,0,0.038146827
33.05,-116.34999,2019-10-17 00:00:00,0,0.0
33.05,-116.25,2019-10-17 00:00:00,0,0.0
33.05,-116.149994,2019-10-17 00:00:00,0,0.0
33.05,-116.049995,2019-10-17 00:00:00,0,0.0
33.05,-115.95,2019-10-17 00:00:00,0,0.0
33.05,-115.85,2019-10-17 00:00:00,0,0.0
33.05,-115.74999,2019-10-17 00:00:00,0,0.0
33.05,-115.649994,2019-10-17 00:00:00,0,0.0
33.05,-115.549995,2019-10-17 00:00:00,0,0.0
33.05,-115.45,2019-10-17 00:00:00,0,0.0
33.05,-115.35,2019-10-17 00:00:00,0,0.0
33.05,-115.24999,2019-10-17 00:00:00,0,0.0
33.05,-115.149994,2019-10-17 00:00:00,0,0.0
33.05,-115.049995,2019-10-17 00:00:00,0,0.0
33.05,-114.95,2019-10-17 00:00:00,0,0.0
33.05,-114.85,2019-10-17 00:00:00,0,0.0
33.05,-114.74999,2019-10-17 00:00:00,0,0.0
33.05,-114.649994,2019-10-17 00:00:00,0,0.0
33.05,-114.549995,2019-10-17 00:00:00,0,0.0
33.05,-114.45,2019-10-17 00:00:00,0,0.0
33.05,-114.35,2019-10-17 00:00:00,0,0.0
33.05,-114.24999,2019-10-17 00:00:00,0,0.0
33.149998,-124.34999,2019-10-17 00:00:00,0,0.0
33.149998,-124.25,2019-10-17 00:00:00,0,0.0
33.149998,-124.149994,2019-10-17 00:00:00,0,0.0
33.149998,-124.049995,2019-10-17 00:00:00,0,0.0
33.149998,-123.95,2019-10-17 00:00:00,0,0.0
33.149998,-123.84999,2019-10-17 00:00:00,0,0.0
33.149998,-123.75,2019-10-17 00:00:00,0,0.0
33.149998,-123.649994,2019-10-17 00:00:00,0,0.0
33.149998,-123.549995,2019-10-17 00:00:00,0,0.0
33.149998,-123.45,2019-10-17 00:00:00,0,0.0
33.149998,-123.34999,2019-10-17 00:00:00,0,0.0
33.149998,-123.25,2019-10-17 00:00:00,0,0.0
33.149998,-123.149994,2019-10-17 00:00:00,0,0.0
33.149998,-123.049995,2019-10-17 00:00:00,0,0.0
33.149998,-122.95,2019-10-17 00:00:00,0,0.0
33.149998,-122.84999,2019-10-17 00:00:00,0,0.0
33.149998,-122.75,2019-10-17 00:00:00,0,0.0
33.149998,-122.649994,2019-10-17 00:00:00,0,0.0
33.149998,-122.549995,2019-10-17 00:00:00,0,0.0
33.149998,-122.45,2019-10-17 00:00:00,0,0.0
33.149998,-122.34999,2019-10-17 00:00:00,0,0.0
33.149998,-122.25,2019-10-17 00:00:00,0,0.0
33.149998,-122.149994,2019-10-17 00:00:00,0,0.0
33.149998,-122.049995,2019-10-17 00:00:00,0,0.0
33.149998,-121.95,2019-10-17 00:00:00,0,0.0
33.149998,-121.84999,2019-10-17 00:00:00,0,0.0
33.149998,-121.75,2019-10-17 00:00:00,0,0.0
33.149998,-121.649994,2019-10-17 00:00:00,0,0.0
33.149998,-121.549995,2019-10-17 00:00:00,0,0.0
33.149998,-121.45,2019-10-17 00:00:00,0,0.0
33.149998,-121.34999,2019-10-17 00:00:00,0,0.0
33.149998,-121.25,2019-10-17 00:00:00,0,0.0
33.149998,-121.149994,2019-10-17 00:00:00,0,0.0
33.149998,-121.049995,2019-10-17 00:00:00,0,0.0
33.149998,-120.95,2019-10-17 00:00:00,0,0.0
33.149998,-120.84999,2019-10-17 00:00:00,0,0.0
33.149998,-120.75,2019-10-17 00:00:00,0,0.0
33.149998,-120.649994,2019-10-17 00:00:00,0,0.0
33.149998,-120.549995,2019-10-17 00:00:00,0,0.0
33.149998,-120.45,2019-10-17 00:00:00,0,0.0
33.149998,-120.34999,2019-10-17 00:00:00,0,0.0
33.149998,-120.25,2019-10-17 00:00:00,0,0.0
33.149998,-120.149994,2019-10-17 00:00:00,0,0.0
33.149998,-120.049995,2019-10-17 00:00:00,0,0.0
33.149998,-119.95,2019-10-17 00:00:00,0,0.0
33.149998,-119.84999,2019-10-17 00:00:00,0,0.0
33.149998,-119.75,2019-10-17 00:00:00,0,0.0
33.149998,-119.649994,2019-10-17 00:00:00,0,0.0
33.149998,-119.549995,2019-10-17 00:00:00,0,0.0
33.149998,-119.45,2019-10-17 00:00:00,0,0.0
33.149998,-119.34999,2019-10-17 00:00:00,0,0.0
33.149998,-119.25,2019-10-17 00:00:00,0,0.0
33.149998,-119.149994,2019-10-17 00:00:00,0,0.0
33.149998,-119.049995,2019-10-17 00:00:00,0,0.0
33.149998,-118.95,2019-10-17 00:00:00,0,0.0
33.149998,-118.84999,2019-10-17 00:00:00,0,0.0
33.149998,-118.75,2019-10-17 00:00:00,0,0.0
33.149998,-118.649994,2019-10-17 00:00:00,0,0.0
33.149998,-118.549995,2019-10-17 00:00:00,0,0.0
33.149998,-118.45,2019-10-17 00:00:00,0,0.0
33.149998,-118.34999,2019-10-17 00:00:00,0,0.0
33.149998,-118.25,2019-10-17 00:00:00,0,0.0
33.149998,-118.149994,2019-10-17 00:00:00,0,0.0
33.149998,-118.049995,2019-10-17 00:00:00,0,0.0
33.149998,-117.95,2019-10-17 00:00:00,0,0.0
33.149998,-117.84999,2019-10-17 00:00:00,0,0.0
33.149998,-117.75,2019-10-17 00:00:00,0,0.0
33.149998,-117.649994,2019-10-17 00:00:00,0,0.0
33.149998,-117.549995,2019-10-17 00:00:00,0,0.0
33.149998,-117.45,2019-10-17 00:00:00,0,0.0
33.149998,-117.34999,2019-10-17 00:00:00,0,0.0
33.149998,-117.25,2019-10-17 00:00:00,0,0.0
33.149998,-117.149994,2019-10-17 00:00:00,0,0.0
33.149998,-117.049995,2019-10-17 00:00:00,0,0.0035847735
33.149998,-116.95,2019-10-17 00:00:00,0,0.024421271
33.149998,-116.84999,2019-10-17 00:00:00,0,0.011874562
33.149998,-116.75,2019-10-17 00:00:00,0,0.019426877
33.149998,-116.649994,2019-10-17 00:00:00,0,0.10577075
33.149998,-116.549995,2019-10-17 00:00:00,0,0.078275315
33.149998,-116.45,2019-10-17 00:00:00,0,0.011889921
33.149998,-116.34999,2019-10-17 00:00:00,0,0.0
33.149998,-116.25,2019-10-17 00:00:00,0,0.0
33.149998,-116.149994,2019-10-17 00:00:00,0,0.0
33.149998,-116.049995,2019-10-17 00:00:00,0,0.0
33.149998,-115.95,2019-10-17 00:00:00,0,0.0
33.149998,-115.85,2019-10-17 00:00:00,0,0.0
33.149998,-115.74999,2019-10-17 00:00:00,0,0.0
33.149998,-115.649994,2019-10-17 00:00:00,0,0.0
33.149998,-115.549995,2019-10-17 00:00:00,0,0.0
33.149998,-115.45,2019-10-17 00:00:00,0,0.0
33.149998,-115.35,2019-10-17 00:00:00,0,0.0
33.149998,-115.24999,2019-10-17 00:00:00,0,0.0
33.149998,-115.149994,2019-10-17 00:00:00,0,0.0
33.149998,-115.049995,2019-10-17 00:00:00,0,0.0
33.149998,-114.95,2019-10-17 00:00:00,0,0.0
33.149998,-114.85,2019-10-17 00:00:00,0,0.0
33.149998,-114.74999,2019-10-17 00:00:00,0,0.0
33.149998,-114.649994,2019-10-17 00:00:00,0,0.0
33.149998,-114.549995,2019-10-17 00:00:00,0,0.0
33.149998,-114.45,2019-10-17 00:00:00,0,0.0
33.149998,-114.35,2019-10-17 00:00:00,0,0.0
33.149998,-114.24999,2019-10-17 00:00:00,0,0.0
33.250004,-124.34999,2019-10-17 00:00:00,0,0.0
33.250004,-124.25,2019-10-17 00:00:00,0,0.0
33.250004,-124.149994,2019-10-17 00:00:00,0,0.0
33.250004,-124.049995,2019-10-17 00:00:00,0,0.0
33.250004,-123.95,2019-10-17 00:00:00,0,0.0
33.250004,-123.84999,2019-10-17 00:00:00,0,0.0
33.250004,-123.75,2019-10-17 00:00:00,0,0.0
33.250004,-123.649994,2019-10-17 00:00:00,0,0.0
33.250004,-123.549995,2019-10-17 00:00:00,0,0.0
33.250004,-123.45,2019-10-17 00:00:00,0,0.0
33.250004,-123.34999,2019-10-17 00:00:00,0,0.0
33.250004,-123.25,2019-10-17 00:00:00,0,0.0
33.250004,-123.149994,2019-10-17 00:00:00,0,0.0
33.250004,-123.049995,2019-10-17 00:00:00,0,0.0
33.250004,-122.95,2019-10-17 00:00:00,0,0.0
33.250004,-122.84999,2019-10-17 00:00:00,0,0.0
33.250004,-122.75,2019-10-17 00:00:00,0,0.0
33.250004,-122.649994,2019-10-17 00:00:00,0,0.0
33.250004,-122.549995,2019-10-17 00:00:00,0,0.0
33.250004,-122.45,2019-10-17 00:00:00,0,0.0
33.250004,-122.34999,2019-10-17 00:00:00,0,0.0
33.250004,-122.25,2019-10-17 00:00:00,0,0.0
33.250004,-122.149994,2019-10-17 00:00:00,0,0.0
33.250004,-122.049995,2019-10-17 00:00:00,0,0.0
33.250004,-121.95,2019-10-17 00:00:00,0,0.0
33.250004,-121.84999,2019-10-17 00:00:00,0,0.0
33.250004,-121.75,2019-10-17 00:00:00,0,0.0
33.250004,-121.649994,2019-10-17 00:00:00,0,0.0
33.250004,-121.549995,2019-10-17 00:00:00,0,0.0
33.250004,-121.45,2019-10-17 00:00:00,0,0.0
33.250004,-121.34999,2019-10-17 00:00:00,0,0.0
33.250004,-121.25,2019-10-17 00:00:00,0,0.0
33.250004,-121.149994,2019-10-17 00:00:00,0,0.0
33.250004,-121.049995,2019-10-17 00:00:00,0,0.0
33.250004,-120.95,2019-10-17 00:00:00,0,0.0
33.250004,-120.84999,2019-10-17 00:00:00,0,0.0
33.250004,-120.75,2019-10-17 00:00:00,0,0.0
33.250004,-120.649994,2019-10-17 00:00:00,0,0.0
33.250004,-120.549995,2019-10-17 00:00:00,0,0.0
33.250004,-120.45,2019-10-17 00:00:00,0,0.0
33.250004,-120.34999,2019-10-17 00:00:00,0,0.0
33.250004,-120.25,2019-10-17 00:00:00,0,0.0
33.250004,-120.149994,2019-10-17 00:00:00,0,0.0
33.250004,-120.049995,2019-10-17 00:00:00,0,0.0
33.250004,-119.95,2019-10-17 00:00:00,0,0.0
33.250004,-119.84999,2019-10-17 00:00:00,0,0.0
33.250004,-119.75,2019-10-17 00:00:00,0,0.0
33.250004,-119.649994,2019-10-17 00:00:00,0,0.0
33.250004,-119.549995,2019-10-17 00:00:00,0,0.014498863
33.250004,-119.45,2019-10-17 00:00:00,0,0.0
33.250004,-119.34999,2019-10-17 00:00:00,0,0.0
33.250004,-119.25,2019-10-17 00:00:00,0,0.0
33.250004,-119.149994,2019-10-17 00:00:00,0,0.0
33.250004,-119.049995,2019-10-17 00:00:00,0,0.0
33.250004,-118.95,2019-10-17 00:00:00,0,0.0
33.250004,-118.84999,2019-10-17 00:00:00,0,0.0
33.250004,-118.75,2019-10-17 00:00:00,0,0.0
33.250004,-118.649994,2019-10-17 00:00:00,0,0.0
33.250004,-118.549995,2019-10-17 00:00:00,0,0.0
33.250004,-118.45,2019-10-17 00:00:00,0,0.0
33.250004,-118.34999,2019-10-17 00:00:00,0,0.0
33.250004,-118.25,2019-10-17 00:00:00,0,0.0
33.250004,-118.149994,2019-10-17 00:00:00,0,0.0
33.250004,-118.049995,2019-10-17 00:00:00,0,0.0
33.250004,-117.95,2019-10-17 00:00:00,0,0.0
33.250004,-117.84999,2019-10-17 00:00:00,0,0.0
33.250004,-117.75,2019-10-17 00:00:00,0,0.0
33.250004,-117.649994,2019-10-17 00:00:00,0,0.0
33.250004,-117.549995,2019-10-17 00:00:00,0,0.0
33.250004,-117.45,2019-10-17 00:00:00,0,0.0
33.250004,-117.34999,2019-10-17 00:00:00,0,0.0
33.250004,-117.25,2019-10-17 00:00:00,0,0.0
33.250004,-117.149994,2019-10-17 00:00:00,0,0.0
33.250004,-117.049995,2019-10-17 00:00:00,0,0.0
33.250004,-116.95,2019-10-17 00:00:00,0,0.0
33.250004,-116.84999,2019-10-17 00:00:00,0,0.0
33.250004,-116.75,2019-10-17 00:00:00,0,0.0
33.250004,-116.649994,2019-10-17 00:00:00,0,0.0009908266
33.250004,-116.549995,2019-10-17 00:00:00,0,0.00520184
33.250004,-116.45,2019-10-17 00:00:00,0,0.0012385333
33.250004,-116.34999,2019-10-17 00:00:00,0,0.0
33.250004,-116.25,2019-10-17 00:00:00,0,0.0
33.250004,-116.149994,2019-10-17 00:00:00,0,0.0
33.250004,-116.049995,2019-10-17 00:00:00,0,0.0
33.250004,-115.95,2019-10-17 00:00:00,0,0.0
33.250004,-115.85,2019-10-17 00:00:00,0,0.0
33.250004,-115.74999,2019-10-17 00:00:00,0,0.0
33.250004,-115.649994,2019-10-17 00:00:00,0,0.0
33.250004,-115.549995,2019-10-17 00:00:00,0,0.0
33.250004,-115.45,2019-10-17 00:00:00,0,0.0
33.250004,-115.35,2019-10-17 00:00:00,0,0.0
33.250004,-115.24999,2019-10-17 00:00:00,0,0.0
33.250004,-115.149994,2019-10-17 00:00:00,0,0.0
33.250004,-115.049995,2019-10-17 00:00:00,0,0.0
33.250004,-114.95,2019-10-17 00:00:00,0,0.0
33.250004,-114.85,2019-10-17 00:00:00,0,0.0
33.250004,-114.74999,2019-10-17 00:00:00,0,0.0
33.250004,-114.649994,2019-10-17 00:00:00,0,0.0
33.250004,-114.549995,2019-10-17 00:00:00,0,0.0
33.250004,-114.45,2019-10-17 00:00:00,0,0.0
33.250004,-114.35,2019-10-17 00:00:00,0,0.0
33.250004,-114.24999,2019-10-17 00:00:00,0,0.0
33.350002,-124.34999,2019-10-17 00:00:00,0,0.0
33.350002,-124.25,2019-10-17 00:00:00,0,0.0
33.350002,-124.149994,2019-10-17 00:00:00,0,0.0
33.350002,-124.049995,2019-10-17 00:00:00,0,0.0
33.350002,-123.95,2019-10-17 00:00:00,0,0.0
33.350002,-123.84999,2019-10-17 00:00:00,0,0.0
33.350002,-123.75,2019-10-17 00:00:00,0,0.0
33.350002,-123.649994,2019-10-17 00:00:00,0,0.0
33.350002,-123.549995,2019-10-17 00:00:00,0,0.0
33.350002,-123.45,2019-10-17 00:00:00,0,0.0
33.350002,-123.34999,2019-10-17 00:00:00,0,0.0
33.350002,-123.25,2019-10-17 00:00:00,0,0.0
33.350002,-123.149994,2019-10-17 00:00:00,0,0.0
33.350002,-123.049995,2019-10-17 00:00:00,0,0.0
33.350002,-122.95,2019-10-17 00:00:00,0,0.0
33.350002,-122.84999,2019-10-17 00:00:00,0,0.0
33.350002,-122.75,2019-10-17 00:00:00,0,0.0
33.350002,-122.649994,2019-10-17 00:00:00,0,0.0
33.350002,-122.549995,2019-10-17 00:00:00,0,0.0
33.350002,-122.45,2019-10-17 00:00:00,0,0.0
33.350002,-122.34999,2019-10-17 00:00:00,0,0.0
33.350002,-122.25,2019-10-17 00:00:00,0,0.0
33.350002,-122.149994,2019-10-17 00:00:00,0,0.0
33.350002,-122.049995,2019-10-17 00:00:00,0,0.0
33.350002,-121.95,2019-10-17 00:00:00,0,0.0
33.350002,-121.84999,2019-10-17 00:00:00,0,0.0
33.350002,-121.75,2019-10-17 00:00:00,0,0.0
33.350002,-121.649994,2019-10-17 00:00:00,0,0.0
33.350002,-121.549995,2019-10-17 00:00:00,0,0.0
33.350002,-121.45,2019-10-17 00:00:00,0,0.0
33.350002,-121.34999,2019-10-17 00:00:00,0,0.0
33.350002,-121.25,2019-10-17 00:00:00,0,0.0
33.350002,-121.149994,2019-10-17 00:00:00,0,0.0
33.350002,-121.049995,2019-10-17 00:00:00,0,0.0
33.350002,-120.95,2019-10-17 00:00:00,0,0.0
33.350002,-120.84999,2019-10-17 00:00:00,0,0.0
33.350002,-120.75,2019-10-17 00:00:00,0,0.0
33.350002,-120.649994,2019-10-17 00:00:00,0,0.0
33.350002,-120.549995,2019-10-17 00:00:00,0,0.0
33.350002,-120.45,2019-10-17 00:00:00,0,0.0
33.350002,-120.34999,2019-10-17 00:00:00,0,0.0
33.350002,-120.25,2019-10-17 00:00:00,0,0.0
33.350002,-120.149994,2019-10-17 00:00:00,0,0.0
33.350002,-120.049995,2019-10-17 00:00:00,0,0.0
33.350002,-119.95,2019-10-17 00:00:00,0,0.0
33.350002,-119.84999,2019-10-17 00:00:00,0,0.0
33.350002,-119.75,2019-10-17 00:00:00,0,0.0
33.350002,-119.649994,2019-10-17 00:00:00,0,0.0
33.350002,-119.549995,2019-10-17 00:00:00,0,0.0
33.350002,-119.45,2019-10-17 00:00:00,0,0.0
33.350002,-119.34999,2019-10-17 00:00:00,0,0.0
33.350002,-119.25,2019-10-17 00:00:00,0,0.0
33.350002,-119.149994,2019-10-17 00:00:00,0,0.0
33.350002,-119.049995,2019-10-17 00:00:00,0,0.0
33.350002,-118.95,2019-10-17 00:00:00,0,0.0
33.350002,-118.84999,2019-10-17 00:00:00,0,0.0
33.350002,-118.75,2019-10-17 00:00:00,0,0.0
33.350002,-118.649994,2019-10-17 00:00:00,0,0.0
33.350002,-118.549995,2019-10-17 00:00:00,0,0.0
33.350002,-118.45,2019-10-17 00:00:00,0,0.054241635
33.350002,-118.34999,2019-10-17 00:00:00,0,0.8259713
33.350002,-118.25,2019-10-17 00:00:00,0,0.0
33.350002,-118.149994,2019-10-17 00:00:00,0,0.0
33.350002,-118.049995,2019-10-17 00:00:00,0,0.0
33.350002,-117.95,2019-10-17 00:00:00,0,0.0
33.350002,-117.84999,2019-10-17 00:00:00,0,0.0
33.350002,-117.75,2019-10-17 00:00:00,0,0.0
33.350002,-117.649994,2019-10-17 00:00:00,0,0.0
33.350002,-117.549995,2019-10-17 00:00:00,0,0.0
33.350002,-117.45,2019-10-17 00:00:00,0,0.002127709
33.350002,-117.34999,2019-10-17 00:00:00,0,0.001985862
33.350002,-117.25,2019-10-17 00:00:00,0,0.00028369456
33.350002,-117.149994,2019-10-17 00:00:00,0,0.0
33.350002,-117.049995,2019-10-17 00:00:00,0,0.0
33.350002,-116.95,2019-10-17 00:00:00,0,0.0
33.350002,-116.84999,2019-10-17 00:00:00,0,0.0
33.350002,-116.75,2019-10-17 00:00:00,0,0.0
33.350002,-116.649994,2019-10-17 00:00:00,0,0.0
33.350002,-116.549995,2019-10-17 00:00:00,0,0.0
33.350002,-116.45,2019-10-17 00:00:00,0,0.0
33.350002,-116.34999,2019-10-17 00:00:00,0,0.0
33.350002,-116.25,2019-10-17 00:00:00,0,0.0
33.350002,-116.149994,2019-10-17 00:00:00,0,0.0
33.350002,-116.049995,2019-10-17 00:00:00,0,0.0
33.350002,-115.95,2019-10-17 00:00:00,0,0.0
33.350002,-115.85,2019-10-17 00:00:00,0,0.0
33.350002,-115.74999,2019-10-17 00:00:00,0,0.0
33.350002,-115.649994,2019-10-17 00:00:00,0,0.0
33.350002,-115.549995,2019-10-17 00:00:00,0,0.0
33.350002,-115.45,2019-10-17 00:00:00,0,0.0
33.350002,-115.35,2019-10-17 00:00:00,0,0.0
33.350002,-115.24999,2019-10-17 00:00:00,0,0.0
33.350002,-115.149994,2019-10-17 00:00:00,0,0.0
33.350002,-115.049995,2019-10-17 00:00:00,0,0.0
33.350002,-114.95,2019-10-17 00:00:00,0,0.0
33.350002,-114.85,2019-10-17 00:00:00,0,0.0
33.350002,-114.74999,2019-10-17 00:00:00,0,0.0
33.350002,-114.649994,2019-10-17 00:00:00,0,0.0
33.350002,-114.549995,2019-10-17 00:00:00,0,0.0
33.350002,-114.45,2019-10-17 00:00:00,0,0.0
33.350002,-114.35,2019-10-17 00:00:00,0,0.0
33.350002,-114.24999,2019-10-17 00:00:00,0,0.0
33.45,-124.34999,2019-10-17 00:00:00,0,0.0
33.45,-124.25,2019-10-17 00:00:00,0,0.0
33.45,-124.149994,2019-10-17 00:00:00,0,0.0
33.45,-124.049995,2019-10-17 00:00:00,0,0.0
33.45,-123.95,2019-10-17 00:00:00,0,0.0
33.45,-123.84999,2019-10-17 00:00:00,0,0.0
33.45,-123.75,2019-10-17 00:00:00,0,0.0
33.45,-123.649994,2019-10-17 00:00:00,0,0.0
33.45,-123.549995,2019-10-17 00:00:00,0,0.0
33.45,-123.45,2019-10-17 00:00:00,0,0.0
33.45,-123.34999,2019-10-17 00:00:00,0,0.0
33.45,-123.25,2019-10-17 00:00:00,0,0.0
33.45,-123.149994,2019-10-17 00:00:00,0,0.0
33.45,-123.049995,2019-10-17 00:00:00,0,0.0
33.45,-122.95,2019-10-17 00:00:00,0,0.0
33.45,-122.84999,2019-10-17 00:00:00,0,0.0
33.45,-122.75,2019-10-17 00:00:00,0,0.0
33.45,-122.649994,2019-10-17 00:00:00,0,0.0
33.45,-122.549995,2019-10-17 00:00:00,0,0.0
33.45,-122.45,2019-10-17 00:00:00,0,0.0
33.45,-122.34999,2019-10-17 00:00:00,0,0.0
33.45,-122.25,2019-10-17 00:00:00,0,0.0
33.45,-122.149994,2019-10-17 00:00:00,0,0.0
33.45,-122.049995,2019-10-17 00:00:00,0,0.0
33.45,-121.95,2019-10-17 00:00:00,0,0.0
33.45,-121.84999,2019-10-17 00:00:00,0,0.0
33.45,-121.75,2019-10-17 00:00:00,0,0.0
33.45,-121.649994,2019-10-17 00:00:00,0,0.0
33.45,-121.549995,2019-10-17 00:00:00,0,0.0
33.45,-121.45,2019-10-17 00:00:00,0,0.0
33.45,-121.34999,2019-10-17 00:00:00,0,0.0
33.45,-121.25,2019-10-17 00:00:00,0,0.0
33.45,-121.149994,2019-10-17 00:00:00,0,0.0
33.45,-121.049995,2019-10-17 00:00:00,0,0.0
33.45,-120.95,2019-10-17 00:00:00,0,0.0
33.45,-120.84999,2019-10-17 00:00:00,0,0.0
33.45,-120.75,2019-10-17 00:00:00,0,0.0
33.45,-120.649994,2019-10-17 00:00:00,0,0.0
33.45,-120.549995,2019-10-17 00:00:00,0,0.0
33.45,-120.45,2019-10-17 00:00:00,0,0.0
33.45,-120.34999,2019-10-17 00:00:00,0,0.0
33.45,-120.25,2019-10-17 00:00:00,0,0.0
33.45,-120.149994,2019-10-17 00:00:00,0,0.0
33.45,-120.049995,2019-10-17 00:00:00,0,0.0
33.45,-119.95,2019-10-17 00:00:00,0,0.0
33.45,-119.84999,2019-10-17 00:00:00,0,0.0
33.45,-119.75,2019-10-17 00:00:00,0,0.0
33.45,-119.649994,2019-10-17 00:00:00,0,0.0
33.45,-119.549995,2019-10-17 00:00:00,0,0.0
33.45,-119.45,2019-10-17 00:00:00,0,0.0
33.45,-119.34999,2019-10-17 00:00:00,0,0.0
33.45,-119.25,2019-10-17 00:00:00,0,0.0
33.45,-119.149994,2019-10-17 00:00:00,0,0.0
33.45,-119.049995,2019-10-17 00:00:00,0,0.0
33.45,-118.95,2019-10-17 00:00:00,0,0.0
33.45,-118.84999,2019-10-17 00:00:00,0,0.0
33.45,-118.75,2019-10-17 00:00:00,0,0.0
33.45,-118.649994,2019-10-17 00:00:00,0,0.0
33.45,-118.549995,2019-10-17 00:00:00,0,0.0
33.45,-118.45,2019-10-17 00:00:00,0,0.0
33.45,-118.34999,2019-10-17 00:00:00,0,0.0
33.45,-118.25,2019-10-17 00:00:00,0,0.0
33.45,-118.149994,2019-10-17 00:00:00,0,0.0
33.45,-118.049995,2019-10-17 00:00:00,0,0.0
33.45,-117.95,2019-10-17 00:00:00,0,0.0
33.45,-117.84999,2019-10-17 00:00:00,0,0.0
33.45,-117.75,2019-10-17 00:00:00,0,0.0
33.45,-117.649994,2019-10-17 00:00:00,0,0.0010802969
33.45,-117.549995,2019-10-17 00:00:00,0,0.0154613545
33.45,-117.45,2019-10-17 00:00:00,0,0.018723844
33.45,-117.34999,2019-10-17 00:00:00,0,0.016879827
33.45,-117.25,2019-10-17 00:00:00,0,0.002836946
33.45,-117.149994,2019-10-17 00:00:00,0,0.0
33.45,-117.049995,2019-10-17 00:00:00,0,0.0
33.45,-116.95,2019-10-17 00:00:00,0,0.0
33.45,-116.84999,2019-10-17 00:00:00,0,0.0
33.45,-116.75,2019-10-17 00:00:00,0,0.0
33.45,-116.649994,2019-10-17 00:00:00,0,0.0
33.45,-116.549995,2019-10-17 00:00:00,0,0.0
33.45,-116.45,2019-10-17 00:00:00,0,0.0
33.45,-116.34999,2019-10-17 00:00:00,0,0.0
33.45,-116.25,2019-10-17 00:00:00,0,0.0
33.45,-116.149994,2019-10-17 00:00:00,0,0.0
33.45,-116.049995,2019-10-17 00:00:00,0,0.0
33.45,-115.95,2019-10-17 00:00:00,0,0.0
33.45,-115.85,2019-10-17 00:00:00,0,0.0
33.45,-115.74999,2019-10-17 00:00:00,0,0.0
33.45,-115.649994,2019-10-17 00:00:00,0,0.0
33.45,-115.549995,2019-10-17 00:00:00,0,0.0
33.45,-115.45,2019-10-17 00:00:00,0,0.0
33.45,-115.35,2019-10-17 00:00:00,0,0.0
33.45,-115.24999,2019-10-17 00:00:00,0,0.0
33.45,-115.149994,2019-10-17 00:00:00,0,0.0
33.45,-115.049995,2019-10-17 00:00:00,0,0.0
33.45,-114.95,2019-10-17 00:00:00,0,0.0
33.45,-114.85,2019-10-17 00:00:00,0,0.0
33.45,-114.74999,2019-10-17 00:00:00,0,0.0
33.45,-114.649994,2019-10-17 00:00:00,0,0.0
33.45,-114.549995,2019-10-17 00:00:00,0,0.0
33.45,-114.45,2019-10-17 00:00:00,0,0.0
33.45,-114.35,2019-10-17 00:00:00,0,0.0
33.45,-114.24999,2019-10-17 00:00:00,0,0.0
33.55,-124.34999,2019-10-17 00:00:00,0,0.0
33.55,-124.25,2019-10-17 00:00:00,0,0.0
33.55,-124.149994,2019-10-17 00:00:00,0,0.0
33.55,-124.049995,2019-10-17 00:00:00,0,0.0
33.55,-123.95,2019-10-17 00:00:00,0,0.0
33.55,-123.84999,2019-10-17 00:00:00,0,0.0
33.55,-123.75,2019-10-17 00:00:00,0,0.0
33.55,-123.649994,2019-10-17 00:00:00,0,0.0
33.55,-123.549995,2019-10-17 00:00:00,0,0.0
33.55,-123.45,2019-10-17 00:00:00,0,0.0
33.55,-123.34999,2019-10-17 00:00:00,0,0.0
33.55,-123.25,2019-10-17 00:00:00,0,0.0
33.55,-123.149994,2019-10-17 00:00:00,0,0.0
33.55,-123.049995,2019-10-17 00:00:00,0,0.0
33.55,-122.95,2019-10-17 00:00:00,0,0.0
33.55,-122.84999,2019-10-17 00:00:00,0,0.0
33.55,-122.75,2019-10-17 00:00:00,0,0.0
33.55,-122.649994,2019-10-17 00:00:00,0,0.0
33.55,-122.549995,2019-10-17 00:00:00,0,0.0
33.55,-122.45,2019-10-17 00:00:00,0,0.0
33.55,-122.34999,2019-10-17 00:00:00,0,0.0
33.55,-122.25,2019-10-17 00:00:00,0,0.0
33.55,-122.149994,2019-10-17 00:00:00,0,0.0
33.55,-122.049995,2019-10-17 00:00:00,0,0.0
33.55,-121.95,2019-10-17 00:00:00,0,0.0
33.55,-121.84999,2019-10-17 00:00:00,0,0.0
33.55,-121.75,2019-10-17 00:00:00,0,0.0
33.55,-121.649994,2019-10-17 00:00:00,0,0.0
33.55,-121.549995,2019-10-17 00:00:00,0,0.0
33.55,-121.45,2019-10-17 00:00:00,0,0.0
33.55,-121.34999,2019-10-17 00:00:00,0,0.0
33.55,-121.25,2019-10-17 00:00:00,0,0.0
33.55,-121.149994,2019-10-17 00:00:00,0,0.0
33.55,-121.049995,2019-10-17 00:00:00,0,0.0
33.55,-120.95,2019-10-17 00:00:00,0,0.0
33.55,-120.84999,2019-10-17 00:00:00,0,0.0
33.55,-120.75,2019-10-17 00:00:00,0,0.0
33.55,-120.649994,2019-10-17 00:00:00,0,0.0
33.55,-120.549995,2019-10-17 00:00:00,0,0.0
33.55,-120.45,2019-10-17 00:00:00,0,0.0
33.55,-120.34999,2019-10-17 00:00:00,0,0.0
33.55,-120.25,2019-10-17 00:00:00,0,0.0
33.55,-120.149994,2019-10-17 00:00:00,0,0.0
33.55,-120.049995,2019-10-17 00:00:00,0,0.0
33.55,-119.95,2019-10-17 00:00:00,0,0.0
33.55,-119.84999,2019-10-17 00:00:00,0,0.0
33.55,-119.75,2019-10-17 00:00:00,0,0.0
33.55,-119.649994,2019-10-17 00:00:00,0,0.0
33.55,-119.549995,2019-10-17 00:00:00,0,0.0
33.55,-119.45,2019-10-17 00:00:00,0,0.0
33.55,-119.34999,2019-10-17 00:00:00,0,0.0
33.55,-119.25,2019-10-17 00:00:00,0,0.0
33.55,-119.149994,2019-10-17 00:00:00,0,0.0
33.55,-119.049995,2019-10-17 00:00:00,0,0.0
33.55,-118.95,2019-10-17 00:00:00,0,0.0
33.55,-118.84999,2019-10-17 00:00:00,0,0.0
33.55,-118.75,2019-10-17 00:00:00,0,0.0
33.55,-118.649994,2019-10-17 00:00:00,0,0.0
33.55,-118.549995,2019-10-17 00:00:00,0,0.0
33.55,-118.45,2019-10-17 00:00:00,0,0.0
33.55,-118.34999,2019-10-17 00:00:00,0,0.0
33.55,-118.25,2019-10-17 00:00:00,0,0.0
33.55,-118.149994,2019-10-17 00:00:00,0,0.0
33.55,-118.049995,2019-10-17 00:00:00,0,0.0
33.55,-117.95,2019-10-17 00:00:00,0,0.0
33.55,-117.84999,2019-10-17 00:00:00,0,0.0
33.55,-117.75,2019-10-17 00:00:00,0,0.0019291018
33.55,-117.649994,2019-10-17 00:00:00,0,0.009708127
33.55,-117.549995,2019-10-17 00:00:00,0,0.025487134
33.55,-117.45,2019-10-17 00:00:00,0,0.030355321
33.55,-117.34999,2019-10-17 00:00:00,0,0.027092831
33.55,-117.25,2019-10-17 00:00:00,0,0.004539113
33.55,-117.149994,2019-10-17 00:00:00,0,0.0
33.55,-117.049995,2019-10-17 00:00:00,0,0.0
33.55,-116.95,2019-10-17 00:00:00,0,0.0004480967
33.55,-116.84999,2019-10-17 00:00:00,0,0.0031366767
33.55,-116.75,2019-10-17 00:00:00,0,0.003360725
33.55,-116.649994,2019-10-17 00:00:00,0,0.0029126287
33.55,-116.549995,2019-10-17 00:00:00,0,0.0004480967
33.55,-116.45,2019-10-17 00:00:00,0,0.0
33.55,-116.34999,2019-10-17 00:00:00,0,0.0010684961
33.55,-116.25,2019-10-17 00:00:00,0,0.004487684
33.55,-116.149994,2019-10-17 00:00:00,0,0.0034191879
33.55,-116.049995,2019-10-17 00:00:00,0,0.00042739848
33.55,-115.95,2019-10-17 00:00:00,0,0.0
33.55,-115.85,2019-10-17 00:00:00,0,0.0
33.55,-115.74999,2019-10-17 00:00:00,0,0.0
33.55,-115.649994,2019-10-17 00:00:00,0,0.0
33.55,-115.549995,2019-10-17 00:00:00,0,0.008524148
33.55,-115.45,2019-10-17 00:00:00,0,0.05267486
33.55,-115.35,2019-10-17 00:00:00,0,0.05300272
33.55,-115.24999,2019-10-17 00:00:00,0,0.010819111
33.55,-115.149994,2019-10-17 00:00:00,0,0.00043713578
33.55,-115.049995,2019-10-17 00:00:00,0,0.0
33.55,-114.95,2019-10-17 00:00:00,0,0.0
33.55,-114.85,2019-10-17 00:00:00,0,0.0
33.55,-114.74999,2019-10-17 00:00:00,0,0.0
33.55,-114.649994,2019-10-17 00:00:00,0,0.0
33.55,-114.549995,2019-10-17 00:00:00,0,0.0
33.55,-114.45,2019-10-17 00:00:00,0,0.0
33.55,-114.35,2019-10-17 00:00:00,0,0.0
33.55,-114.24999,2019-10-17 00:00:00,0,0.0
33.649998,-124.34999,2019-10-17 00:00:00,0,0.0
33.649998,-124.25,2019-10-17 00:00:00,0,0.0
33.649998,-124.149994,2019-10-17 00:00:00,0,0.0
33.649998,-124.049995,2019-10-17 00:00:00,0,0.0
33.649998,-123.95,2019-10-17 00:00:00,0,0.0
33.649998,-123.84999,2019-10-17 00:00:00,0,0.0
33.649998,-123.75,2019-10-17 00:00:00,0,0.0
33.649998,-123.649994,2019-10-17 00:00:00,0,0.0
33.649998,-123.549995,2019-10-17 00:00:00,0,0.0
33.649998,-123.45,2019-10-17 00:00:00,0,0.0
33.649998,-123.34999,2019-10-17 00:00:00,0,0.0
33.649998,-123.25,2019-10-17 00:00:00,0,0.0
33.649998,-123.149994,2019-10-17 00:00:00,0,0.0
33.649998,-123.049995,2019-10-17 00:00:00,0,0.0
33.649998,-122.95,2019-10-17 00:00:00,0,0.0
33.649998,-122.84999,2019-10-17 00:00:00,0,0.0
33.649998,-122.75,2019-10-17 00:00:00,0,0.0
33.649998,-122.649994,2019-10-17 00:00:00,0,0.0
33.649998,-122.549995,2019-10-17 00:00:00,0,0.0
33.649998,-122.45,2019-10-17 00:00:00,0,0.0
33.649998,-122.34999,2019-10-17 00:00:00,0,0.0
33.649998,-122.25,2019-10-17 00:00:00,0,0.0
33.649998,-122.149994,2019-10-17 00:00:00,0,0.0
33.649998,-122.049995,2019-10-17 00:00:00,0,0.0
33.649998,-121.95,2019-10-17 00:00:00,0,0.0
33.649998,-121.84999,2019-10-17 00:00:00,0,0.0
33.649998,-121.75,2019-10-17 00:00:00,0,0.0
33.649998,-121.649994,2019-10-17 00:00:00,0,0.0
33.649998,-121.549995,2019-10-17 00:00:00,0,0.0
33.649998,-121.45,2019-10-17 00:00:00,0,0.0
33.649998,-121.34999,2019-10-17 00:00:00,0,0.0
33.649998,-121.25,2019-10-17 00:00:00,0,0.0
33.649998,-121.149994,2019-10-17 00:00:00,0,0.0
33.649998,-121.049995,2019-10-17 00:00:00,0,0.0
33.649998,-120.95,2019-10-17 00:00:00,0,0.0
33.649998,-120.84999,2019-10-17 00:00:00,0,0.0
33.649998,-120.75,2019-10-17 00:00:00,0,0.0
33.649998,-120.649994,2019-10-17 00:00:00,0,0.0
33.649998,-120.549995,2019-10-17 00:00:00,0,0.0
33.649998,-120.45,2019-10-17 00:00:00,0,0.0
33.649998,-120.34999,2019-10-17 00:00:00,0,0.0
33.649998,-120.25,2019-10-17 00:00:00,0,0.0
33.649998,-120.149994,2019-10-17 00:00:00,0,0.0
33.649998,-120.049995,2019-10-17 00:00:00,0,0.0
33.649998,-119.95,2019-10-17 00:00:00,0,0.0
33.649998,-119.84999,2019-10-17 00:00:00,0,0.0
33.649998,-119.75,2019-10-17 00:00:00,0,0.0
33.649998,-119.649994,2019-10-17 00:00:00,0,0.0
33.649998,-119.549995,2019-10-17 00:00:00,0,0.0
33.649998,-119.45,2019-10-17 00:00:00,0,0.0
33.649998,-119.34999,2019-10-17 00:00:00,0,0.0
33.649998,-119.25,2019-10-17 00:00:00,0,0.0
33.649998,-119.149994,2019-10-17 00:00:00,0,0.0
33.649998,-119.049995,2019-10-17 00:00:00,0,0.0
33.649998,-118.95,2019-10-17 00:00:00,0,0.0
33.649998,-118.84999,2019-10-17 00:00:00,0,0.0
33.649998,-118.75,2019-10-17 00:00:00,0,0.0
33.649998,-118.649994,2019-10-17 00:00:00,0,0.0
33.649998,-118.549995,2019-10-17 00:00:00,0,0.0
33.649998,-118.45,2019-10-17 00:00:00,0,0.0
33.649998,-118.34999,2019-10-17 00:00:00,0,0.0
33.649998,-118.25,2019-10-17 00:00:00,0,0.0
33.649998,-118.149994,2019-10-17 00:00:00,0,0.0
33.649998,-118.049995,2019-10-17 00:00:00,0,0.0
33.649998,-117.95,2019-10-17 00:00:00,0,0.0049385
33.649998,-117.84999,2019-10-17 00:00:00,0,0.0145840105
33.649998,-117.75,2019-10-17 00:00:00,0,0.015394233
33.649998,-117.649994,2019-10-17 00:00:00,0,0.049014576
33.649998,-117.549995,2019-10-17 00:00:00,0,0.035833575
33.649998,-117.45,2019-10-17 00:00:00,0,0.036241982
33.649998,-117.34999,2019-10-17 00:00:00,0,0.02537083
33.649998,-117.25,2019-10-17 00:00:00,0,0.0086982185
33.649998,-117.149994,2019-10-17 00:00:00,0,0.00095040794
33.649998,-117.049995,2019-10-17 00:00:00,0,0.0004480967
33.649998,-116.95,2019-10-17 00:00:00,0,0.007281571
33.649998,-116.84999,2019-10-17 00:00:00,0,0.025653537
33.649998,-116.75,2019-10-17 00:00:00,0,0.030694624
33.649998,-116.649994,2019-10-17 00:00:00,0,0.021956738
33.649998,-116.549995,2019-10-17 00:00:00,0,0.008401813
33.649998,-116.45,2019-10-17 00:00:00,0,0.006609427
33.649998,-116.34999,2019-10-17 00:00:00,0,0.0076380684
33.649998,-116.25,2019-10-17 00:00:00,0,0.037076816
33.649998,-116.149994,2019-10-17 00:00:00,0,0.025750756
33.649998,-116.049995,2019-10-17 00:00:00,0,0.008441119
33.649998,-115.95,2019-10-17 00:00:00,0,0.010791811
33.649998,-115.85,2019-10-17 00:00:00,0,0.0018164435
33.649998,-115.74999,2019-10-17 00:00:00,0,0.0
33.649998,-115.649994,2019-10-17 00:00:00,0,0.0
33.649998,-115.549995,2019-10-17 00:00:00,0,0.07076136
33.649998,-115.45,2019-10-17 00:00:00,0,0.43052417
33.649998,-115.35,2019-10-17 00:00:00,0,0.40615377
33.649998,-115.24999,2019-10-17 00:00:00,0,0.0813619
33.649998,-115.149994,2019-10-17 00:00:00,0,0.0028413828
33.649998,-115.049995,2019-10-17 00:00:00,0,0.0
33.649998,-114.95,2019-10-17 00:00:00,0,0.0
33.649998,-114.85,2019-10-17 00:00:00,0,0.0
33.649998,-114.74999,2019-10-17 00:00:00,0,0.0
33.649998,-114.649994,2019-10-17 00:00:00,0,0.0
33.649998,-114.549995,2019-10-17 00:00:00,0,0.0
33.649998,-114.45,2019-10-17 00:00:00,0,0.0
33.649998,-114.35,2019-10-17 00:00:00,0,0.0
33.649998,-114.24999,2019-10-17 00:00:00,0,0.0
33.750004,-124.34999,2019-10-17 00:00:00,0,0.0
33.750004,-124.25,2019-10-17 00:00:00,0,0.0
33.750004,-124.149994,2019-10-17 00:00:00,0,0.0
33.750004,-124.049995,2019-10-17 00:00:00,0,0.0
33.750004,-123.95,2019-10-17 00:00:00,0,0.0
33.750004,-123.84999,2019-10-17 00:00:00,0,0.0
33.750004,-123.75,2019-10-17 00:00:00,0,0.0
33.750004,-123.649994,2019-10-17 00:00:00,0,0.0
33.750004,-123.549995,2019-10-17 00:00:00,0,0.0
33.750004,-123.45,2019-10-17 00:00:00,0,0.0
33.750004,-123.34999,2019-10-17 00:00:00,0,0.0
33.750004,-123.25,2019-10-17 00:00:00,0,0.0
33.750004,-123.149994,2019-10-17 00:00:00,0,0.0
33.750004,-123.049995,2019-10-17 00:00:00,0,0.0
33.750004,-122.95,2019-10-17 00:00:00,0,0.0
33.750004,-122.84999,2019-10-17 00:00:00,0,0.0
33.750004,-122.75,2019-10-17 00:00:00,0,0.0
33.750004,-122.649994,2019-10-17 00:00:00,0,0.0
33.750004,-122.549995,2019-10-17 00:00:00,0,0.0
33.750004,-122.45,2019-10-17 00:00:00,0,0.0
33.750004,-122.34999,2019-10-17 00:00:00,0,0.0
33.750004,-122.25,2019-10-17 00:00:00,0,0.0
33.750004,-122.149994,2019-10-17 00:00:00,0,0.0
33.750004,-122.049995,2019-10-17 00:00:00,0,0.0
33.750004,-121.95,2019-10-17 00:00:00,0,0.0
33.750004,-121.84999,2019-10-17 00:00:00,0,0.0
33.750004,-121.75,2019-10-17 00:00:00,0,0.0
33.750004,-121.649994,2019-10-17 00:00:00,0,0.0
33.750004,-121.549995,2019-10-17 00:00:00,0,0.0
33.750004,-121.45,2019-10-17 00:00:00,0,0.0
33.750004,-121.34999,2019-10-17 00:00:00,0,0.0
33.750004,-121.25,2019-10-17 00:00:00,0,0.0
33.750004,-121.149994,2019-10-17 00:00:00,0,0.0
33.750004,-121.049995,2019-10-17 00:00:00,0,0.0
33.750004,-120.95,2019-10-17 00:00:00,0,0.0
33.750004,-120.84999,2019-10-17 00:00:00,0,0.0
33.750004,-120.75,2019-10-17 00:00:00,0,0.0
33.750004,-120.649994,2019-10-17 00:00:00,0,0.0
33.750004,-120.549995,2019-10-17 00:00:00,0,0.0
33.750004,-120.45,2019-10-17 00:00:00,0,0.0
33.750004,-120.34999,2019-10-17 00:00:00,0,0.0
33.750004,-120.25,2019-10-17 00:00:00,0,0.0
33.750004,-120.149994,2019-10-17 00:00:00,0,0.0
33.750004,-120.049995,2019-10-17 00:00:00,0,0.0
33.750004,-119.95,2019-10-17 00:00:00,0,0.0
33.750004,-119.84999,2019-10-17 00:00:00,0,0.0
33.750004,-119.75,2019-10-17 00:00:00,0,0.0
33.750004,-119.649994,2019-10-17 00:00:00,0,0.0
33.750004,-119.549995,2019-10-17 00:00:00,0,0.0
33.750004,-119.45,2019-10-17 00:00:00,0,0.0
33.750004,-119.34999,2019-10-17 00:00:00,0,0.0
33.750004,-119.25,2019-10-17 00:00:00,0,0.0
33.750004,-119.149994,2019-10-17 00:00:00,0,0.0
33.750004,-119.049995,2019-10-17 00:00:00,0,0.0
33.750004,-118.95,2019-10-17 00:00:00,0,0.0
33.750004,-118.84999,2019-10-17 00:00:00,0,0.0
33.750004,-118.75,2019-10-17 00:00:00,0,0.0
33.750004,-118.649994,2019-10-17 00:00:00,0,0.0
33.750004,-118.549995,2019-10-17 00:00:00,0,0.0
33.750004,-118.45,2019-10-17 00:00:00,0,0.0
33.750004,-118.34999,2019-10-17 00:00:00,0,0.043094974
33.750004,-118.25,2019-10-17 00:00:00,0,0.0
33.750004,-118.149994,2019-10-17 00:00:00,0,0.0
33.750004,-118.049995,2019-10-17 00:00:00,0,0.0012346251
33.750004,-117.95,2019-10-17 00:00:00,0,0.01250058
33.750004,-117.84999,2019-10-17 00:00:00,0,0.027547574
33.750004,-117.75,2019-10-17 00:00:00,0,0.026120037
33.750004,-117.649994,2019-10-17 00:00:00,0,0.0570034
33.750004,-117.549995,2019-10-17 00:00:00,0,0.03398956
33.750004,-117.45,2019-10-17 00:00:00,0,0.0259836
33.750004,-117.34999,2019-10-17 00:00:00,0,0.014079589
33.750004,-117.25,2019-10-17 00:00:00,0,0.038162075
33.750004,-117.149994,2019-10-17 00:00:00,0,0.010865482
33.750004,-117.049995,2019-10-17 00:00:00,0,0.0046830093
33.750004,-116.95,2019-10-17 00:00:00,0,0.022571074
33.750004,-116.84999,2019-10-17 00:00:00,0,0.03928652
33.750004,-116.75,2019-10-17 00:00:00,0,0.056684237
33.750004,-116.649994,2019-10-17 00:00:00,0,0.026933115
33.750004,-116.549995,2019-10-17 00:00:00,0,0.048566315
33.750004,-116.45,2019-10-17 00:00:00,0,0.0532588
33.750004,-116.34999,2019-10-17 00:00:00,0,0.017544309
33.750004,-116.25,2019-10-17 00:00:00,0,0.057805646
33.750004,-116.149994,2019-10-17 00:00:00,0,0.035794623
33.750004,-116.049995,2019-10-17 00:00:00,0,0.029500175
33.750004,-115.95,2019-10-17 00:00:00,0,0.058669955
33.750004,-115.85,2019-10-17 00:00:00,0,0.016473677
33.750004,-115.74999,2019-10-17 00:00:00,0,0.030711433
33.750004,-115.649994,2019-10-17 00:00:00,0,0.036655586
33.750004,-115.549995,2019-10-17 00:00:00,0,0.11003235
33.750004,-115.45,2019-10-17 00:00:00,0,0.61554193
33.750004,-115.35,2019-10-17 00:00:00,0,0.47598624
33.750004,-115.24999,2019-10-17 00:00:00,0,0.08912107
33.750004,-115.149994,2019-10-17 00:00:00,0,0.0028413828
33.750004,-115.049995,2019-10-17 00:00:00,0,0.0
33.750004,-114.95,2019-10-17 00:00:00,0,0.0
33.750004,-114.85,2019-10-17 00:00:00,0,0.0
33.750004,-114.74999,2019-10-17 00:00:00,0,0.0
33.750004,-114.649994,2019-10-17 00:00:00,0,0.0
33.750004,-114.549995,2019-10-17 00:00:00,0,0.0
33.750004,-114.45,2019-10-17 00:00:00,0,0.0
33.750004,-114.35,2019-10-17 00:00:00,0,0.0
33.750004,-114.24999,2019-10-17 00:00:00,0,0.0
33.850002,-124.34999,2019-10-17 00:00:00,0,0.0
33.850002,-124.25,2019-10-17 00:00:00,0,0.0
33.850002,-124.149994,2019-10-17 00:00:00,0,0.0
33.850002,-124.049995,2019-10-17 00:00:00,0,0.0
33.850002,-123.95,2019-10-17 00:00:00,0,0.0
33.850002,-123.84999,2019-10-17 00:00:00,0,0.0
33.850002,-123.75,2019-10-17 00:00:00,0,0.0
33.850002,-123.649994,2019-10-17 00:00:00,0,0.0
33.850002,-123.549995,2019-10-17 00:00:00,0,0.0
33.850002,-123.45,2019-10-17 00:00:00,0,0.0
33.850002,-123.34999,2019-10-17 00:00:00,0,0.0
33.850002,-123.25,2019-10-17 00:00:00,0,0.0
33.850002,-123.149994,2019-10-17 00:00:00,0,0.0
33.850002,-123.049995,2019-10-17 00:00:00,0,0.0
33.850002,-122.95,2019-10-17 00:00:00,0,0.0
33.850002,-122.84999,2019-10-17 00:00:00,0,0.0
33.850002,-122.75,2019-10-17 00:00:00,0,0.0
33.850002,-122.649994,2019-10-17 00:00:00,0,0.0
33.850002,-122.549995,2019-10-17 00:00:00,0,0.0
33.850002,-122.45,2019-10-17 00:00:00,0,0.0
33.850002,-122.34999,2019-10-17 00:00:00,0,0.0
33.850002,-122.25,2019-10-17 00:00:00,0,0.0
33.850002,-122.149994,2019-10-17 00:00:00,0,0.0
33.850002,-122.049995,2019-10-17 00:00:00,0,0.0
33.850002,-121.95,2019-10-17 00:00:00,0,0.0
33.850002,-121.84999,2019-10-17 00:00:00,0,0.0
33.850002,-121.75,2019-10-17 00:00:00,0,0.0
33.850002,-121.649994,2019-10-17 00:00:00,0,0.0
33.850002,-121.549995,2019-10-17 00:00:00,0,0.0
33.850002,-121.45,2019-10-17 00:00:00,0,0.0
33.850002,-121.34999,2019-10-17 00:00:00,0,0.0
33.850002,-121.25,2019-10-17 00:00:00,0,0.0
33.850002,-121.149994,2019-10-17 00:00:00,0,0.0
33.850002,-121.049995,2019-10-17 00:00:00,0,0.0
33.850002,-120.95,2019-10-17 00:00:00,0,0.0
33.850002,-120.84999,2019-10-17 00:00:00,0,0.0
33.850002,-120.75,2019-10-17 00:00:00,0,0.0
33.850002,-120.649994,2019-10-17 00:00:00,0,0.0
33.850002,-120.549995,2019-10-17 00:00:00,0,0.0
33.850002,-120.45,2019-10-17 00:00:00,0,0.0
33.850002,-120.34999,2019-10-17 00:00:00,0,0.0
33.850002,-120.25,2019-10-17 00:00:00,0,0.0
33.850002,-120.149994,2019-10-17 00:00:00,0,0.0
33.850002,-120.049995,2019-10-17 00:00:00,0,0.0
33.850002,-119.95,2019-10-17 00:00:00,0,0.0
33.850002,-119.84999,2019-10-17 00:00:00,0,0.0
33.850002,-119.75,2019-10-17 00:00:00,0,0.0
33.850002,-119.649994,2019-10-17 00:00:00,0,0.0
33.850002,-119.549995,2019-10-17 00:00:00,0,0.0
33.850002,-119.45,2019-10-17 00:00:00,0,0.0
33.850002,-119.34999,2019-10-17 00:00:00,0,0.0
33.850002,-119.25,2019-10-17 00:00:00,0,0.0
33.850002,-119.149994,2019-10-17 00:00:00,0,0.0
33.850002,-119.049995,2019-10-17 00:00:00,0,0.0
33.850002,-118.95,2019-10-17 00:00:00,0,0.0
33.850002,-118.84999,2019-10-17 00:00:00,0,0.0
33.850002,-118.75,2019-10-17 00:00:00,0,0.0
33.850002,-118.649994,2019-10-17 00:00:00,0,0.0
33.850002,-118.549995,2019-10-17 00:00:00,0,0.0
33.850002,-118.45,2019-10-17 00:00:00,0,0.0
33.850002,-118.34999,2019-10-17 00:00:00,0,0.008565212
33.850002,-118.25,2019-10-17 00:00:00,0,0.001234625
33.850002,-118.149994,2019-10-17 00:00:00,0,0.0
33.850002,-118.049995,2019-10-17 00:00:00,0,0.0023920862
33.850002,-117.95,2019-10-17 00:00:00,0,0.021876013
33.850002,-117.84999,2019-10-17 00:00:00,0,0.041861508
33.850002,-117.75,2019-10-17 00:00:00,0,0.026583022
33.850002,-117.649994,2019-10-17 00:00:00,0,0.034789555
33.850002,-117.549995,2019-10-17 00:00:00,0,0.028524153
33.850002,-117.45,2019-10-17 00:00:00,0,0.030598227
33.850002,-117.34999,2019-10-17 00:00:00,0,0.042992752
33.850002,-117.25,2019-10-17 00:00:00,0,0.114794016
33.850002,-117.149994,2019-10-17 00:00:00,0,0.05574104
33.850002,-117.049995,2019-10-17 00:00:00,0,0.020643262
33.850002,-116.95,2019-10-17 00:00:00,0,0.02740143
33.850002,-116.84999,2019-10-17 00:00:00,0,0.0911744
33.850002,-116.75,2019-10-17 00:00:00,0,0.25112548
33.850002,-116.649994,2019-10-17 00:00:00,0,0.2559042
33.850002,-116.549995,2019-10-17 00:00:00,0,0.20685676
33.850002,-116.45,2019-10-17 00:00:00,0,0.126853
33.850002,-116.34999,2019-10-17 00:00:00,0,0.029264249
33.850002,-116.25,2019-10-17 00:00:00,0,0.017669238
33.850002,-116.149994,2019-10-17 00:00:00,0,0.012715321
33.850002,-116.049995,2019-10-17 00:00:00,0,0.023536164
33.850002,-115.95,2019-10-17 00:00:00,0,0.033313714
33.850002,-115.85,2019-10-17 00:00:00,0,0.046249554
33.850002,-115.74999,2019-10-17 00:00:00,0,0.2014406
33.850002,-115.649994,2019-10-17 00:00:00,0,0.23611481
33.850002,-115.549995,2019-10-17 00:00:00,0,0.048653033
33.850002,-115.45,2019-10-17 00:00:00,0,0.0898314
33.850002,-115.35,2019-10-17 00:00:00,0,0.06720963
33.850002,-115.24999,2019-10-17 00:00:00,0,0.012349087
33.850002,-115.149994,2019-10-17 00:00:00,0,0.00043713578
33.850002,-115.049995,2019-10-17 00:00:00,0,0.0
33.850002,-114.95,2019-10-17 00:00:00,0,0.0
33.850002,-114.85,2019-10-17 00:00:00,0,0.0
33.850002,-114.74999,2019-10-17 00:00:00,0,0.0
33.850002,-114.649994,2019-10-17 00:00:00,0,0.0
33.850002,-114.549995,2019-10-17 00:00:00,0,0.0
33.850002,-114.45,2019-10-17 00:00:00,0,0.0
33.850002,-114.35,2019-10-17 00:00:00,0,0.0
33.850002,-114.24999,2019-10-17 00:00:00,0,0.0
33.95,-124.34999,2019-10-17 00:00:00,0,0.0
33.95,-124.25,2019-10-17 00:00:00,0,0.0
33.95,-124.149994,2019-10-17 00:00:00,0,0.0
33.95,-124.049995,2019-10-17 00:00:00,0,0.0
33.95,-123.95,2019-10-17 00:00:00,0,0.0
33.95,-123.84999,2019-10-17 00:00:00,0,0.0
33.95,-123.75,2019-10-17 00:00:00,0,0.0
33.95,-123.649994,2019-10-17 00:00:00,0,0.0
33.95,-123.549995,2019-10-17 00:00:00,0,0.0
33.95,-123.45,2019-10-17 00:00:00,0,0.0
33.95,-123.34999,2019-10-17 00:00:00,0,0.0
33.95,-123.25,2019-10-17 00:00:00,0,0.0
33.95,-123.149994,2019-10-17 00:00:00,0,0.0
33.95,-123.049995,2019-10-17 00:00:00,0,0.0
33.95,-122.95,2019-10-17 00:00:00,0,0.0
33.95,-122.84999,2019-10-17 00:00:00,0,0.0
33.95,-122.75,2019-10-17 00:00:00,0,0.0
33.95,-122.649994,2019-10-17 00:00:00,0,0.0
33.95,-122.549995,2019-10-17 00:00:00,0,0.0
33.95,-122.45,2019-10-17 00:00:00,0,0.0
33.95,-122.34999,2019-10-17 00:00:00,0,0.0
33.95,-122.25,2019-10-17 00:00:00,0,0.0
33.95,-122.149994,2019-10-17 00:00:00,0,0.0
33.95,-122.049995,2019-10-17 00:00:00,0,0.0
33.95,-121.95,2019-10-17 00:00:00,0,0.0
33.95,-121.84999,2019-10-17 00:00:00,0,0.0
33.95,-121.75,2019-10-17 00:00:00,0,0.0
33.95,-121.649994,2019-10-17 00:00:00,0,0.0
33.95,-121.549995,2019-10-17 00:00:00,0,0.0
33.95,-121.45,2019-10-17 00:00:00,0,0.0
33.95,-121.34999,2019-10-17 00:00:00,0,0.0
33.95,-121.25,2019-10-17 00:00:00,0,0.0
33.95,-121.149994,2019-10-17 00:00:00,0,0.0
33.95,-121.049995,2019-10-17 00:00:00,0,0.0
33.95,-120.95,2019-10-17 00:00:00,0,0.0
33.95,-120.84999,2019-10-17 00:00:00,0,0.0
33.95,-120.75,2019-10-17 00:00:00,0,0.0
33.95,-120.649994,2019-10-17 00:00:00,0,0.0
33.95,-120.549995,2019-10-17 00:00:00,0,0.0
33.95,-120.45,2019-10-17 00:00:00,0,0.0
33.95,-120.34999,2019-10-17 00:00:00,0,0.0
33.95,-120.25,2019-10-17 00:00:00,0,0.0
33.95,-120.149994,2019-10-17 00:00:00,0,0.15729451
33.95,-120.049995,2019-10-17 00:00:00,0,0.054909024
33.95,-119.95,2019-10-17 00:00:00,0,0.0
33.95,-119.84999,2019-10-17 00:00:00,0,0.0
33.95,-119.75,2019-10-17 00:00:00,0,0.0
33.95,-119.649994,2019-10-17 00:00:00,0,0.0
33.95,-119.549995,2019-10-17 00:00:00,0,0.0
33.95,-119.45,2019-10-17 00:00:00,0,0.0
33.95,-119.34999,2019-10-17 00:00:00,0,0.0
33.95,-119.25,2019-10-17 00:00:00,0,0.0
33.95,-119.149994,2019-10-17 00:00:00,0,0.0
33.95,-119.049995,2019-10-17 00:00:00,0,0.0
33.95,-118.95,2019-10-17 00:00:00,0,0.0
33.95,-118.84999,2019-10-17 00:00:00,0,0.0
33.95,-118.75,2019-10-17 00:00:00,0,0.0
33.95,-118.649994,2019-10-17 00:00:00,0,0.0
33.95,-118.549995,2019-10-17 00:00:00,0,0.0
33.95,-118.45,2019-10-17 00:00:00,0,0.0
33.95,-118.34999,2019-10-17 00:00:00,0,0.002314922
33.95,-118.25,2019-10-17 00:00:00,0,7.716407e-05
33.95,-118.149994,2019-10-17 00:00:00,0,0.0
33.95,-118.049995,2019-10-17 00:00:00,0,0.0039353673
33.95,-117.95,2019-10-17 00:00:00,0,0.04000957
33.95,-117.84999,2019-10-17 00:00:00,0,0.09209532
33.95,-117.75,2019-10-17 00:00:00,0,0.047803134
33.95,-117.649994,2019-10-17 00:00:00,0,0.04623815
33.95,-117.549995,2019-10-17 00:00:00,0,0.049774803
33.95,-117.45,2019-10-17 00:00:00,0,0.08390298
33.95,-117.34999,2019-10-17 00:00:00,0,0.18481839
33.95,-117.25,2019-10-17 00:00:00,0,0.19987378
33.95,-117.149994,2019-10-17 00:00:00,0,0.09029875
33.95,-117.049995,2019-10-17 00:00:00,0,0.06904547
33.95,-116.95,2019-10-17 00:00:00,0,0.17694394
33.95,-116.84999,2019-10-17 00:00:00,0,0.52061176
33.95,-116.75,2019-10-17 00:00:00,0,1.2675537
33.95,-116.649994,2019-10-17 00:00:00,0,1.0600567
33.95,-116.549995,2019-10-17 00:00:00,0,0.49570638
33.95,-116.45,2019-10-17 00:00:00,0,0.13785762
33.95,-116.34999,2019-10-17 00:00:00,0,0.09280897
33.95,-116.25,2019-10-17 00:00:00,0,0.086203
33.95,-116.149994,2019-10-17 00:00:00,0,0.061810903
33.95,-116.049995,2019-10-17 00:00:00,0,0.09417492
33.95,-115.95,2019-10-17 00:00:00,0,0.05857981
33.95,-115.85,2019-10-17 00:00:00,0,0.037839003
33.95,-115.74999,2019-10-17 00:00:00,0,0.10197327
33.95,-115.649994,2019-10-17 00:00:00,0,0.10494535
33.95,-115.549995,2019-10-17 00:00:00,0,0.021746978
33.95,-115.45,2019-10-17 00:00:00,0,0.0012529746
33.95,-115.35,2019-10-17 00:00:00,0,0.0
33.95,-115.24999,2019-10-17 00:00:00,0,0.0
33.95,-115.149994,2019-10-17 00:00:00,0,0.0
33.95,-115.049995,2019-10-17 00:00:00,0,0.0
33.95,-114.95,2019-10-17 00:00:00,0,0.0
33.95,-114.85,2019-10-17 00:00:00,0,0.0
33.95,-114.74999,2019-10-17 00:00:00,0,0.0
33.95,-114.649994,2019-10-17 00:00:00,0,0.0
33.95,-114.549995,2019-10-17 00:00:00,0,0.0
33.95,-114.45,2019-10-17 00:00:00,0,0.0
33.95,-114.35,2019-10-17 00:00:00,0,0.0
33.95,-114.24999,2019-10-17 00:00:00,0,0.0
34.05,-124.34999,2019-10-17 00:00:00,0,0.0
34.05,-124.25,2019-10-17 00:00:00,0,0.0
34.05,-124.149994,2019-10-17 00:00:00,0,0.0
34.05,-124.049995,2019-10-17 00:00:00,0,0.0
34.05,-123.95,2019-10-17 00:00:00,0,0.0
34.05,-123.84999,2019-10-17 00:00:00,0,0.0
34.05,-123.75,2019-10-17 00:00:00,0,0.0
34.05,-123.649994,2019-10-17 00:00:00,0,0.0
34.05,-123.549995,2019-10-17 00:00:00,0,0.0
34.05,-123.45,2019-10-17 00:00:00,0,0.0
34.05,-123.34999,2019-10-17 00:00:00,0,0.0
34.05,-123.25,2019-10-17 00:00:00,0,0.0
34.05,-123.149994,2019-10-17 00:00:00,0,0.0
34.05,-123.049995,2019-10-17 00:00:00,0,0.0
34.05,-122.95,2019-10-17 00:00:00,0,0.0
34.05,-122.84999,2019-10-17 00:00:00,0,0.0
34.05,-122.75,2019-10-17 00:00:00,0,0.0
34.05,-122.649994,2019-10-17 00:00:00,0,0.0
34.05,-122.549995,2019-10-17 00:00:00,0,0.0
34.05,-122.45,2019-10-17 00:00:00,0,0.0
34.05,-122.34999,2019-10-17 00:00:00,0,0.0
34.05,-122.25,2019-10-17 00:00:00,0,0.0
34.05,-122.149994,2019-10-17 00:00:00,0,0.0
34.05,-122.049995,2019-10-17 00:00:00,0,0.0
34.05,-121.95,2019-10-17 00:00:00,0,0.0
34.05,-121.84999,2019-10-17 00:00:00,0,0.0
34.05,-121.75,2019-10-17 00:00:00,0,0.0
34.05,-121.649994,2019-10-17 00:00:00,0,0.0
34.05,-121.549995,2019-10-17 00:00:00,0,0.0
34.05,-121.45,2019-10-17 00:00:00,0,0.0
34.05,-121.34999,2019-10-17 00:00:00,0,0.0
34.05,-121.25,2019-10-17 00:00:00,0,0.0
34.05,-121.149994,2019-10-17 00:00:00,0,0.0
34.05,-121.049995,2019-10-17 00:00:00,0,0.0
34.05,-120.95,2019-10-17 00:00:00,0,0.0
34.05,-120.84999,2019-10-17 00:00:00,0,0.0
34.05,-120.75,2019-10-17 00:00:00,0,0.0
34.05,-120.649994,2019-10-17 00:00:00,0,0.0
34.05,-120.549995,2019-10-17 00:00:00,0,0.0
34.05,-120.45,2019-10-17 00:00:00,0,0.0
34.05,-120.34999,2019-10-17 00:00:00,0,0.0
34.05,-120.25,2019-10-17 00:00:00,0,0.0
34.05,-120.149994,2019-10-17 00:00:00,0,0.0
34.05,-120.049995,2019-10-17 00:00:00,0,0.0
34.05,-119.95,2019-10-17 00:00:00,0,0.0
34.05,-119.84999,2019-10-17 00:00:00,0,0.008450737
34.05,-119.75,2019-10-17 00:00:00,0,0.6291589
34.05,-119.649994,2019-10-17 00:00:00,0,0.0
34.05,-119.549995,2019-10-17 00:00:00,0,0.0
34.05,-119.45,2019-10-17 00:00:00,0,0.0
34.05,-119.34999,2019-10-17 00:00:00,0,0.0
34.05,-119.25,2019-10-17 00:00:00,0,0.0
34.05,-119.149994,2019-10-17 00:00:00,0,0.0
34.05,-119.049995,2019-10-17 00:00:00,0,0.0
34.05,-118.95,2019-10-17 00:00:00,0,0.0
34.05,-118.84999,2019-10-17 00:00:00,0,0.0
34.05,-118.75,2019-10-17 00:00:00,0,0.0
34.05,-118.649994,2019-10-17 00:00:00,0,0.0
34.05,-118.549995,2019-10-17 00:00:00,0,0.00015432814
34.05,-118.45,2019-10-17 00:00:00,0,0.0012346251
34.05,-118.34999,2019-10-17 00:00:00,0,0.00015432814
34.05,-118.25,2019-10-17 00:00:00,0,0.0
34.05,-118.149994,2019-10-17 00:00:00,0,0.0
34.05,-118.049995,2019-10-17 00:00:00,0,0.0030093987
34.05,-117.95,2019-10-17 00:00:00,0,0.05832748
34.05,-117.84999,2019-10-17 00:00:00,0,0.17669716
34.05,-117.75,2019-10-17 00:00:00,0,0.19507557
34.05,-117.649994,2019-10-17 00:00:00,0,0.21554032
34.05,-117.549995,2019-10-17 00:00:00,0,0.13067363
34.05,-117.45,2019-10-17 00:00:00,0,0.14764258
34.05,-117.34999,2019-10-17 00:00:00,0,0.33243436
34.05,-117.25,2019-10-17 00:00:00,0,0.16889125
34.05,-117.149994,2019-10-17 00:00:00,0,0.09556485
34.05,-117.049995,2019-10-17 00:00:00,0,0.19844344
34.05,-116.95,2019-10-17 00:00:00,0,0.62562716
34.05,-116.84999,2019-10-17 00:00:00,0,0.7496187
34.05,-116.75,2019-10-17 00:00:00,0,1.1514862
34.05,-116.649994,2019-10-17 00:00:00,0,0.80338085
34.05,-116.549995,2019-10-17 00:00:00,0,0.23934077
34.05,-116.45,2019-10-17 00:00:00,0,0.11104094
34.05,-116.34999,2019-10-17 00:00:00,0,0.15147348
34.05,-116.25,2019-10-17 00:00:00,0,0.27950767
34.05,-116.149994,2019-10-17 00:00:00,0,0.19025733
34.05,-116.049995,2019-10-17 00:00:00,0,0.087004
34.05,-115.95,2019-10-17 00:00:00,0,0.06431871
34.05,-115.85,2019-10-17 00:00:00,0,0.038008608
34.05,-115.74999,2019-10-17 00:00:00,0,0.054775484
34.05,-115.649994,2019-10-17 00:00:00,0,0.080027916
34.05,-115.549995,2019-10-17 00:00:00,0,0.057394087
34.05,-115.45,2019-10-17 00:00:00,0,0.008693194
34.05,-115.35,2019-10-17 00:00:00,0,0.0
34.05,-115.24999,2019-10-17 00:00:00,0,0.0
34.05,-115.149994,2019-10-17 00:00:00,0,0.0
34.05,-115.049995,2019-10-17 00:00:00,0,0.0
34.05,-114.95,2019-10-17 00:00:00,0,0.0
34.05,-114.85,2019-10-17 00:00:00,0,0.0
34.05,-114.74999,2019-10-17 00:00:00,0,0.0
34.05,-114.649994,2019-10-17 00:00:00,0,0.0
34.05,-114.549995,2019-10-17 00:00:00,0,0.0
34.05,-114.45,2019-10-17 00:00:00,0,0.0
34.05,-114.35,2019-10-17 00:00:00,0,0.0
34.05,-114.24999,2019-10-17 00:00:00,0,0.0
34.149998,-124.34999,2019-10-17 00:00:00,0,0.0
34.149998,-124.25,2019-10-17 00:00:00,0,0.0
34.149998,-124.149994,2019-10-17 00:00:00,0,0.0
34.149998,-124.049995,2019-10-17 00:00:00,0,0.0
34.149998,-123.95,2019-10-17 00:00:00,0,0.0
34.149998,-123.84999,2019-10-17 00:00:00,0,0.0
34.149998,-123.75,2019-10-17 00:00:00,0,0.0
34.149998,-123.649994,2019-10-17 00:00:00,0,0.0
34.149998,-123.549995,2019-10-17 00:00:00,0,0.0
34.149998,-123.45,2019-10-17 00:00:00,0,0.0
34.149998,-123.34999,2019-10-17 00:00:00,0,0.0
34.149998,-123.25,2019-10-17 00:00:00,0,0.0
34.149998,-123.149994,2019-10-17 00:00:00,0,0.0
34.149998,-123.049995,2019-10-17 00:00:00,0,0.0
34.149998,-122.95,2019-10-17 00:00:00,0,0.0
34.149998,-122.84999,2019-10-17 00:00:00,0,0.0
34.149998,-122.75,2019-10-17 00:00:00,0,0.0
34.149998,-122.649994,2019-10-17 00:00:00,0,0.0
34.149998,-122.549995,2019-10-17 00:00:00,0,0.0
34.149998,-122.45,2019-10-17 00:00:00,0,0.0
34.149998,-122.34999,2019-10-17 00:00:00,0,0.0
34.149998,-122.25,2019-10-17 00:00:00,0,0.0
34.149998,-122.149994,2019-10-17 00:00:00,0,0.0
34.149998,-122.049995,2019-10-17 00:00:00,0,0.0
34.149998,-121.95,2019-10-17 00:00:00,0,0.0
34.149998,-121.84999,2019-10-17 00:00:00,0,0.0
34.149998,-121.75,2019-10-17 00:00:00,0,0.0
34.149998,-121.649994,2019-10-17 00:00:00,0,0.0
34.149998,-121.549995,2019-10-17 00:00:00,0,0.0
34.149998,-121.45,2019-10-17 00:00:00,0,0.0
34.149998,-121.34999,2019-10-17 00:00:00,0,0.0
34.149998,-121.25,2019-10-17 00:00:00,0,0.0
34.149998,-121.149994,2019-10-17 00:00:00,0,0.0
34.149998,-121.049995,2019-10-17 00:00:00,0,0.0
34.149998,-120.95,2019-10-17 00:00:00,0,0.0
34.149998,-120.84999,2019-10-17 00:00:00,0,0.0
34.149998,-120.75,2019-10-17 00:00:00,0,0.0
34.149998,-120.649994,2019-10-17 00:00:00,0,0.0
34.149998,-120.549995,2019-10-17 00:00:00,0,0.0
34.149998,-120.45,2019-10-17 00:00:00,0,0.0
34.149998,-120.34999,2019-10-17 00:00:00,0,0.0
34.149998,-120.25,2019-10-17 00:00:00,0,0.0
34.149998,-120.149994,2019-10-17 00:00:00,0,0.0
34.149998,-120.049995,2019-10-17 00:00:00,0,0.0
34.149998,-119.95,2019-10-17 00:00:00,0,0.0
34.149998,-119.84999,2019-10-17 00:00:00,0,0.0
34.149998,-119.75,2019-10-17 00:00:00,0,0.0
34.149998,-119.649994,2019-10-17 00:00:00,0,0.0
34.149998,-119.549995,2019-10-17 00:00:00,0,0.0
34.149998,-119.45,2019-10-17 00:00:00,0,0.0
34.149998,-119.34999,2019-10-17 00:00:00,0,0.0
34.149998,-119.25,2019-10-17 00:00:00,0,0.0
34.149998,-119.149994,2019-10-17 00:00:00,0,0.0
34.149998,-119.049995,2019-10-17 00:00:00,0,0.0
34.149998,-118.95,2019-10-17 00:00:00,0,0.0
34.149998,-118.84999,2019-10-17 00:00:00,0,0.0
34.149998,-118.75,2019-10-17 00:00:00,0,0.0
34.149998,-118.649994,2019-10-17 00:00:00,0,0.0
34.149998,-118.549995,2019-10-17 00:00:00,0,0.0
34.149998,-118.45,2019-10-17 00:00:00,0,0.0
34.149998,-118.34999,2019-10-17 00:00:00,0,0.0
34.149998,-118.25,2019-10-17 00:00:00,0,0.0015339646
34.149998,-118.149994,2019-10-17 00:00:00,0,0.024015665
34.149998,-118.049995,2019-10-17 00:00:00,0,0.1208283
34.149998,-117.95,2019-10-17 00:00:00,0,0.20726335
34.149998,-117.84999,2019-10-17 00:00:00,0,0.41954648
34.149998,-117.75,2019-10-17 00:00:00,0,0.65893924
34.149998,-117.649994,2019-10-17 00:00:00,0,0.9292654
34.149998,-117.549995,2019-10-17 00:00:00,0,0.30008808
34.149998,-117.45,2019-10-17 00:00:00,0,0.1754436
34.149998,-117.34999,2019-10-17 00:00:00,0,0.26692477
34.149998,-117.25,2019-10-17 00:00:00,0,0.18332657
34.149998,-117.149994,2019-10-17 00:00:00,0,0.12999436
34.149998,-117.049995,2019-10-17 00:00:00,0,0.33755934
34.149998,-116.95,2019-10-17 00:00:00,0,0.64034843
34.149998,-116.84999,2019-10-17 00:00:00,0,0.8305306
34.149998,-116.75,2019-10-17 00:00:00,0,1.097279
34.149998,-116.649994,2019-10-17 00:00:00,0,0.5789264
34.149998,-116.549995,2019-10-17 00:00:00,0,0.21028958
34.149998,-116.45,2019-10-17 00:00:00,0,0.27825573
34.149998,-116.34999,2019-10-17 00:00:00,0,0.2296855
34.149998,-116.25,2019-10-17 00:00:00,0,0.42254096
34.149998,-116.149994,2019-10-17 00:00:00,0,0.34287953
34.149998,-116.049995,2019-10-17 00:00:00,0,0.19015707
34.149998,-115.95,2019-10-17 00:00:00,0,0.07494532
34.149998,-115.85,2019-10-17 00:00:00,0,0.092344485
34.149998,-115.74999,2019-10-17 00:00:00,0,0.21130826
34.149998,-115.649994,2019-10-17 00:00:00,0,0.16293548
34.149998,-115.549995,2019-10-17 00:00:00,0,0.02966283
34.149998,-115.45,2019-10-17 00:00:00,0,0.0015735235
34.149998,-115.35,2019-10-17 00:00:00,0,0.0
34.149998,-115.24999,2019-10-17 00:00:00,0,0.0
34.149998,-115.149994,2019-10-17 00:00:00,0,0.0
34.149998,-115.049995,2019-10-17 00:00:00,0,0.0
34.149998,-114.95,2019-10-17 00:00:00,0,0.0
34.149998,-114.85,2019-10-17 00:00:00,0,0.0
34.149998,-114.74999,2019-10-17 00:00:00,0,0.0
34.149998,-114.649994,2019-10-17 00:00:00,0,0.0
34.149998,-114.549995,2019-10-17 00:00:00,0,0.0
34.149998,-114.45,2019-10-17 00:00:00,0,0.0
34.149998,-114.35,2019-10-17 00:00:00,0,0.0
34.149998,-114.24999,2019-10-17 00:00:00,0,0.0
34.250004,-124.34999,2019-10-17 00:00:00,0,0.0
34.250004,-124.25,2019-10-17 00:00:00,0,0.0
34.250004,-124.149994,2019-10-17 00:00:00,0,0.0
34.250004,-124.049995,2019-10-17 00:00:00,0,0.0
34.250004,-123.95,2019-10-17 00:00:00,0,0.0
34.250004,-123.84999,2019-10-17 00:00:00,0,0.0
34.250004,-123.75,2019-10-17 00:00:00,0,0.0
34.250004,-123.649994,2019-10-17 00:00:00,0,0.0
34.250004,-123.549995,2019-10-17 00:00:00,0,0.0
34.250004,-123.45,2019-10-17 00:00:00,0,0.0
34.250004,-123.34999,2019-10-17 00:00:00,0,0.0
34.250004,-123.25,2019-10-17 00:00:00,0,0.0
34.250004,-123.149994,2019-10-17 00:00:00,0,0.0
34.250004,-123.049995,2019-10-17 00:00:00,0,0.0
34.250004,-122.95,2019-10-17 00:00:00,0,0.0
34.250004,-122.84999,2019-10-17 00:00:00,0,0.0
34.250004,-122.75,2019-10-17 00:00:00,0,0.0
34.250004,-122.649994,2019-10-17 00:00:00,0,0.0
34.250004,-122.549995,2019-10-17 00:00:00,0,0.0
34.250004,-122.45,2019-10-17 00:00:00,0,0.0
34.250004,-122.34999,2019-10-17 00:00:00,0,0.0
34.250004,-122.25,2019-10-17 00:00:00,0,0.0
34.250004,-122.149994,2019-10-17 00:00:00,0,0.0
34.250004,-122.049995,2019-10-17 00:00:00,0,0.0
34.250004,-121.95,2019-10-17 00:00:00,0,0.0
34.250004,-121.84999,2019-10-17 00:00:00,0,0.0
34.250004,-121.75,2019-10-17 00:00:00,0,0.0
34.250004,-121.649994,2019-10-17 00:00:00,0,0.0
34.250004,-121.549995,2019-10-17 00:00:00,0,0.0
34.250004,-121.45,2019-10-17 00:00:00,0,0.0
34.250004,-121.34999,2019-10-17 00:00:00,0,0.0
34.250004,-121.25,2019-10-17 00:00:00,0,0.0
34.250004,-121.149994,2019-10-17 00:00:00,0,0.0
34.250004,-121.049995,2019-10-17 00:00:00,0,0.0
34.250004,-120.95,2019-10-17 00:00:00,0,0.0
34.250004,-120.84999,2019-10-17 00:00:00,0,0.0
34.250004,-120.75,2019-10-17 00:00:00,0,0.0
34.250004,-120.649994,2019-10-17 00:00:00,0,0.0
34.250004,-120.549995,2019-10-17 00:00:00,0,0.0
34.250004,-120.45,2019-10-17 00:00:00,0,0.0
34.250004,-120.34999,2019-10-17 00:00:00,0,0.0
34.250004,-120.25,2019-10-17 00:00:00,0,0.0
34.250004,-120.149994,2019-10-17 00:00:00,0,0.0
34.250004,-120.049995,2019-10-17 00:00:00,0,0.0
34.250004,-119.95,2019-10-17 00:00:00,0,0.0
34.250004,-119.84999,2019-10-17 00:00:00,0,0.0
34.250004,-119.75,2019-10-17 00:00:00,0,0.0
34.250004,-119.649994,2019-10-17 00:00:00,0,0.0
34.250004,-119.549995,2019-10-17 00:00:00,0,0.0
34.250004,-119.45,2019-10-17 00:00:00,0,0.0
34.250004,-119.34999,2019-10-17 00:00:00,0,0.0
34.250004,-119.25,2019-10-17 00:00:00,0,0.0
34.250004,-119.149994,2019-10-17 00:00:00,0,0.0
34.250004,-119.049995,2019-10-17 00:00:00,0,0.0
34.250004,-118.95,2019-10-17 00:00:00,0,0.0
34.250004,-118.84999,2019-10-17 00:00:00,0,0.0
34.250004,-118.75,2019-10-17 00:00:00,0,0.0
34.250004,-118.649994,2019-10-17 00:00:00,0,0.0
34.250004,-118.549995,2019-10-17 00:00:00,0,0.0
34.250004,-118.45,2019-10-17 00:00:00,0,0.0
34.250004,-118.34999,2019-10-17 00:00:00,0,0.0
34.250004,-118.25,2019-10-17 00:00:00,0,0.007619126
34.250004,-118.149994,2019-10-17 00:00:00,0,0.23790628
34.250004,-118.049995,2019-10-17 00:00:00,0,0.7332279
34.250004,-117.95,2019-10-17 00:00:00,0,0.8299947
34.250004,-117.84999,2019-10-17 00:00:00,0,1.552281
34.250004,-117.75,2019-10-17 00:00:00,0,2.0326564
34.250004,-117.649994,2019-10-17 00:00:00,0,1.8102715
34.250004,-117.549995,2019-10-17 00:00:00,0,0.5778707
34.250004,-117.45,2019-10-17 00:00:00,0,0.570268
34.250004,-117.34999,2019-10-17 00:00:00,0,1.0065541
34.250004,-117.25,2019-10-17 00:00:00,0,0.542771
34.250004,-117.149994,2019-10-17 00:00:00,0,1.4600698
34.250004,-117.049995,2019-10-17 00:00:00,0,0.34204757
34.250004,-116.95,2019-10-17 00:00:00,0,0.820727
34.250004,-116.84999,2019-10-17 00:00:00,0,1.8170199
34.250004,-116.75,2019-10-17 00:00:00,0,2.939152
34.250004,-116.649994,2019-10-17 00:00:00,0,1.4848146
34.250004,-116.549995,2019-10-17 00:00:00,0,1.09843
34.250004,-116.45,2019-10-17 00:00:00,0,2.0442142
34.250004,-116.34999,2019-10-17 00:00:00,0,0.75373477
34.250004,-116.25,2019-10-17 00:00:00,0,1.0382115
34.250004,-116.149994,2019-10-17 00:00:00,0,0.28826305
34.250004,-116.049995,2019-10-17 00:00:00,0,0.12883718
34.250004,-115.95,2019-10-17 00:00:00,0,0.12811488
34.250004,-115.85,2019-10-17 00:00:00,0,0.21630412
34.250004,-115.74999,2019-10-17 00:00:00,0,0.30627224
34.250004,-115.649994,2019-10-17 00:00:00,0,0.30331033
34.250004,-115.549995,2019-10-17 00:00:00,0,0.042057853
34.250004,-115.45,2019-10-17 00:00:00,0,0.0
34.250004,-115.35,2019-10-17 00:00:00,0,0.0
34.250004,-115.24999,2019-10-17 00:00:00,0,0.0
34.250004,-115.149994,2019-10-17 00:00:00,0,0.0
34.250004,-115.049995,2019-10-17 00:00:00,0,0.0
34.250004,-114.95,2019-10-17 00:00:00,0,0.0
34.250004,-114.85,2019-10-17 00:00:00,0,0.0
34.250004,-114.74999,2019-10-17 00:00:00,0,0.0
34.250004,-114.649994,2019-10-17 00:00:00,0,0.0
34.250004,-114.549995,2019-10-17 00:00:00,0,0.0
34.250004,-114.45,2019-10-17 00:00:00,0,0.0
34.250004,-114.35,2019-10-17 00:00:00,0,0.0
34.250004,-114.24999,2019-10-17 00:00:00,0,0.0
34.350002,-124.34999,2019-10-17 00:00:00,0,0.0
34.350002,-124.25,2019-10-17 00:00:00,0,0.0
34.350002,-124.149994,2019-10-17 00:00:00,0,0.0
34.350002,-124.049995,2019-10-17 00:00:00,0,0.0
34.350002,-123.95,2019-10-17 00:00:00,0,0.0
34.350002,-123.84999,2019-10-17 00:00:00,0,0.0
34.350002,-123.75,2019-10-17 00:00:00,0,0.0
34.350002,-123.649994,2019-10-17 00:00:00,0,0.0
34.350002,-123.549995,2019-10-17 00:00:00,0,0.0
34.350002,-123.45,2019-10-17 00:00:00,0,0.0
34.350002,-123.34999,2019-10-17 00:00:00,0,0.0
34.350002,-123.25,2019-10-17 00:00:00,0,0.0
34.350002,-123.149994,2019-10-17 00:00:00,0,0.0
34.350002,-123.049995,2019-10-17 00:00:00,0,0.0
34.350002,-122.95,2019-10-17 00:00:00,0,0.0
34.350002,-122.84999,2019-10-17 00:00:00,0,0.0
34.350002,-122.75,2019-10-17 00:00:00,0,0.0
34.350002,-122.649994,2019-10-17 00:00:00,0,0.0
34.350002,-122.549995,2019-10-17 00:00:00,0,0.0
34.350002,-122.45,2019-10-17 00:00:00,0,0.0
34.350002,-122.34999,2019-10-17 00:00:00,0,0.0
34.350002,-122.25,2019-10-17 00:00:00,0,0.0
34.350002,-122.149994,2019-10-17 00:00:00,0,0.0
34.350002,-122.049995,2019-10-17 00:00:00,0,0.0
34.350002,-121.95,2019-10-17 00:00:00,0,0.0
34.350002,-121.84999,2019-10-17 00:00:00,0,0.0
34.350002,-121.75,2019-10-17 00:00:00,0,0.0
34.350002,-121.649994,2019-10-17 00:00:00,0,0.0
34.350002,-121.549995,2019-10-17 00:00:00,0,0.0
34.350002,-121.45,2019-10-17 00:00:00,0,0.0
34.350002,-121.34999,2019-10-17 00:00:00,0,0.0
34.350002,-121.25,2019-10-17 00:00:00,0,0.0
34.350002,-121.149994,2019-10-17 00:00:00,0,0.0
34.350002,-121.049995,2019-10-17 00:00:00,0,0.0
34.350002,-120.95,2019-10-17 00:00:00,0,0.0
34.350002,-120.84999,2019-10-17 00:00:00,0,0.0
34.350002,-120.75,2019-10-17 00:00:00,0,0.0
34.350002,-120.649994,2019-10-17 00:00:00,0,0.0
34.350002,-120.549995,2019-10-17 00:00:00,0,0.0
34.350002,-120.45,2019-10-17 00:00:00,0,0.0
34.350002,-120.34999,2019-10-17 00:00:00,0,0.0
34.350002,-120.25,2019-10-17 00:00:00,0,0.0
34.350002,-120.149994,2019-10-17 00:00:00,0,0.0
34.350002,-120.049995,2019-10-17 00:00:00,0,0.0
34.350002,-119.95,2019-10-17 00:00:00,0,0.0
34.350002,-119.84999,2019-10-17 00:00:00,0,0.0
34.350002,-119.75,2019-10-17 00:00:00,0,0.0
34.350002,-119.649994,2019-10-17 00:00:00,0,0.0
34.350002,-119.549995,2019-10-17 00:00:00,0,0.0
34.350002,-119.45,2019-10-17 00:00:00,0,0.0
34.350002,-119.34999,2019-10-17 00:00:00,0,0.0014774022
34.350002,-119.25,2019-10-17 00:00:00,0,0.0
34.350002,-119.149994,2019-10-17 00:00:00,0,0.0
34.350002,-119.049995,2019-10-17 00:00:00,0,0.0
34.350002,-118.95,2019-10-17 00:00:00,0,0.0
34.350002,-118.84999,2019-10-17 00:00:00,0,0.0
34.350002,-118.75,2019-10-17 00:00:00,0,0.0
34.350002,-118.649994,2019-10-17 00:00:00,0,0.0
34.350002,-118.549995,2019-10-17 00:00:00,0,0.0
34.350002,-118.45,2019-10-17 00:00:00,0,0.013684974
34.350002,-118.34999,2019-10-17 00:00:00,0,0.006535936
34.350002,-118.25,2019-10-17 00:00:00,0,0.019860765
34.350002,-118.149994,2019-10-17 00:00:00,0,0.21124128
34.350002,-118.049995,2019-10-17 00:00:00,0,0.26365566
34.350002,-117.95,2019-10-17 00:00:00,0,0.24986097
34.350002,-117.84999,2019-10-17 00:00:00,0,0.5957659
34.350002,-117.75,2019-10-17 00:00:00,0,1.0286905
34.350002,-117.649994,2019-10-17 00:00:00,0,0.88405657
34.350002,-117.549995,2019-10-17 00:00:00,0,0.41706896
34.350002,-117.45,2019-10-17 00:00:00,0,0.924112
34.350002,-117.34999,2019-10-17 00:00:00,0,2.3309908
34.350002,-117.25,2019-10-17 00:00:00,0,1.0347462
34.350002,-117.149994,2019-10-17 00:00:00,0,1.9000279
34.350002,-117.049995,2019-10-17 00:00:00,0,1.0315862
34.350002,-116.95,2019-10-17 00:00:00,0,0.8432694
34.350002,-116.84999,2019-10-17 00:00:00,0,2.0798771
34.350002,-116.75,2019-10-17 00:00:00,0,3.3990726
34.350002,-116.649994,2019-10-17 00:00:00,0,3.144105
34.350002,-116.549995,2019-10-17 00:00:00,0,3.2281928
34.350002,-116.45,2019-10-17 00:00:00,0,3.1444726
34.350002,-116.34999,2019-10-17 00:00:00,0,1.635091
34.350002,-116.25,2019-10-17 00:00:00,0,2.1211195
34.350002,-116.149994,2019-10-17 00:00:00,0,0.7165774
34.350002,-116.049995,2019-10-17 00:00:00,0,0.4510392
34.350002,-115.95,2019-10-17 00:00:00,0,0.45202878
34.350002,-115.85,2019-10-17 00:00:00,0,0.36482286
34.350002,-115.74999,2019-10-17 00:00:00,0,0.5522726
34.350002,-115.649994,2019-10-17 00:00:00,0,0.23195544
34.350002,-115.549995,2019-10-17 00:00:00,0,0.0229555
34.350002,-115.45,2019-10-17 00:00:00,0,0.0046277056
34.350002,-115.35,2019-10-17 00:00:00,0,0.016926363
34.350002,-115.24999,2019-10-17 00:00:00,0,0.026809137
34.350002,-115.149994,2019-10-17 00:00:00,0,0.003971724
34.350002,-115.049995,2019-10-17 00:00:00,0,0.0
34.350002,-114.95,2019-10-17 00:00:00,0,0.0
34.350002,-114.85,2019-10-17 00:00:00,0,0.0
34.350002,-114.74999,2019-10-17 00:00:00,0,0.0
34.350002,-114.649994,2019-10-17 00:00:00,0,0.0
34.350002,-114.549995,2019-10-17 00:00:00,0,0.0
34.350002,-114.45,2019-10-17 00:00:00,0,0.0
34.350002,-114.35,2019-10-17 00:00:00,0,0.0
34.350002,-114.24999,2019-10-17 00:00:00,0,0.0
34.45,-124.34999,2019-10-17 00:00:00,0,0.0
34.45,-124.25,2019-10-17 00:00:00,0,0.0
34.45,-124.149994,2019-10-17 00:00:00,0,0.0
34.45,-124.049995,2019-10-17 00:00:00,0,0.0
34.45,-123.95,2019-10-17 00:00:00,0,0.0
34.45,-123.84999,2019-10-17 00:00:00,0,0.0
34.45,-123.75,2019-10-17 00:00:00,0,0.0
34.45,-123.649994,2019-10-17 00:00:00,0,0.0
34.45,-123.549995,2019-10-17 00:00:00,0,0.0
34.45,-123.45,2019-10-17 00:00:00,0,0.0
34.45,-123.34999,2019-10-17 00:00:00,0,0.0
34.45,-123.25,2019-10-17 00:00:00,0,0.0
34.45,-123.149994,2019-10-17 00:00:00,0,0.0
34.45,-123.049995,2019-10-17 00:00:00,0,0.0
34.45,-122.95,2019-10-17 00:00:00,0,0.0
34.45,-122.84999,2019-10-17 00:00:00,0,0.0
34.45,-122.75,2019-10-17 00:00:00,0,0.0
34.45,-122.649994,2019-10-17 00:00:00,0,0.0
34.45,-122.549995,2019-10-17 00:00:00,0,0.0
34.45,-122.45,2019-10-17 00:00:00,0,0.0
34.45,-122.34999,2019-10-17 00:00:00,0,0.0
34.45,-122.25,2019-10-17 00:00:00,0,0.0
34.45,-122.149994,2019-10-17 00:00:00,0,0.0
34.45,-122.049995,2019-10-17 00:00:00,0,0.0
34.45,-121.95,2019-10-17 00:00:00,0,0.0
34.45,-121.84999,2019-10-17 00:00:00,0,0.0
34.45,-121.75,2019-10-17 00:00:00,0,0.0
34.45,-121.649994,2019-10-17 00:00:00,0,0.0
34.45,-121.549995,2019-10-17 00:00:00,0,0.0
34.45,-121.45,2019-10-17 00:00:00,0,0.0
34.45,-121.34999,2019-10-17 00:00:00,0,0.0
34.45,-121.25,2019-10-17 00:00:00,0,0.0
34.45,-121.149994,2019-10-17 00:00:00,0,0.0
34.45,-121.049995,2019-10-17 00:00:00,0,0.0
34.45,-120.95,2019-10-17 00:00:00,0,0.0
34.45,-120.84999,2019-10-17 00:00:00,0,0.0
34.45,-120.75,2019-10-17 00:00:00,0,0.0
34.45,-120.649994,2019-10-17 00:00:00,0,0.0
34.45,-120.549995,2019-10-17 00:00:00,0,0.0
34.45,-120.45,2019-10-17 00:00:00,0,0.09676415
34.45,-120.34999,2019-10-17 00:00:00,0,0.0
34.45,-120.25,2019-10-17 00:00:00,0,0.0
34.45,-120.149994,2019-10-17 00:00:00,0,0.0
34.45,-120.049995,2019-10-17 00:00:00,0,0.0
34.45,-119.95,2019-10-17 00:00:00,0,0.1366005
34.45,-119.84999,2019-10-17 00:00:00,0,0.13228507
34.45,-119.75,2019-10-17 00:00:00,0,0.10332431
34.45,-119.649994,2019-10-17 00:00:00,0,0.07768177
34.45,-119.549995,2019-10-17 00:00:00,0,0.080095194
34.45,-119.45,2019-10-17 00:00:00,0,0.042988945
34.45,-119.34999,2019-10-17 00:00:00,0,0.004826829
34.45,-119.25,2019-10-17 00:00:00,0,0.0
34.45,-119.149994,2019-10-17 00:00:00,0,0.0
34.45,-119.049995,2019-10-17 00:00:00,0,0.0
34.45,-118.95,2019-10-17 00:00:00,0,0.00222833
34.45,-118.84999,2019-10-17 00:00:00,0,0.00222833
34.45,-118.75,2019-10-17 00:00:00,0,0.0
34.45,-118.649994,2019-10-17 00:00:00,0,0.0
34.45,-118.549995,2019-10-17 00:00:00,0,0.018004019
34.45,-118.45,2019-10-17 00:00:00,0,0.018574249
34.45,-118.34999,2019-10-17 00:00:00,0,0.052996814
34.45,-118.25,2019-10-17 00:00:00,0,0.14297605
34.45,-118.149994,2019-10-17 00:00:00,0,0.18405017
34.45,-118.049995,2019-10-17 00:00:00,0,0.067611404
34.45,-117.95,2019-10-17 00:00:00,0,0.02885174
34.45,-117.84999,2019-10-17 00:00:00,0,0.12331742
34.45,-117.75,2019-10-17 00:00:00,0,0.19960229
34.45,-117.649994,2019-10-17 00:00:00,0,0.2040147
34.45,-117.549995,2019-10-17 00:00:00,0,0.2381035
34.45,-117.45,2019-10-17 00:00:00,0,0.617355
34.45,-117.34999,2019-10-17 00:00:00,0,1.0395486
34.45,-117.25,2019-10-17 00:00:00,0,0.7180966
34.45,-117.149994,2019-10-17 00:00:00,0,0.6531613
34.45,-117.049995,2019-10-17 00:00:00,0,0.58592993
34.45,-116.95,2019-10-17 00:00:00,0,0.6053795
34.45,-116.84999,2019-10-17 00:00:00,0,0.81531763
34.45,-116.75,2019-10-17 00:00:00,0,0.9976147
34.45,-116.649994,2019-10-17 00:00:00,0,0.8807369
34.45,-116.549995,2019-10-17 00:00:00,0,0.6095107
34.45,-116.45,2019-10-17 00:00:00,0,0.5398735
34.45,-116.34999,2019-10-17 00:00:00,0,0.4265252
34.45,-116.25,2019-10-17 00:00:00,0,0.74610376
34.45,-116.149994,2019-10-17 00:00:00,0,0.5031994
34.45,-116.049995,2019-10-17 00:00:00,0,0.37945485
34.45,-115.95,2019-10-17 00:00:00,0,0.40753135
34.45,-115.85,2019-10-17 00:00:00,0,0.243806
34.45,-115.74999,2019-10-17 00:00:00,0,0.23401575
34.45,-115.649994,2019-10-17 00:00:00,0,0.08816687
34.45,-115.549995,2019-10-17 00:00:00,0,0.027718103
34.45,-115.45,2019-10-17 00:00:00,0,0.13158567
34.45,-115.35,2019-10-17 00:00:00,0,0.23027416
34.45,-115.24999,2019-10-17 00:00:00,0,0.18738027
34.45,-115.149994,2019-10-17 00:00:00,0,0.024681427
34.45,-115.049995,2019-10-17 00:00:00,0,0.0
34.45,-114.95,2019-10-17 00:00:00,0,0.0
34.45,-114.85,2019-10-17 00:00:00,0,0.0
34.45,-114.74999,2019-10-17 00:00:00,0,0.0
34.45,-114.649994,2019-10-17 00:00:00,0,0.0
34.45,-114.549995,2019-10-17 00:00:00,0,0.0
34.45,-114.45,2019-10-17 00:00:00,0,0.0
34.45,-114.35,2019-10-17 00:00:00,0,0.0
34.45,-114.24999,2019-10-17 00:00:00,0,0.0
34.55,-124.34999,2019-10-17 00:00:00,0,0.0
34.55,-124.25,2019-10-17 00:00:00,0,0.0
34.55,-124.149994,2019-10-17 00:00:00,0,0.0
34.55,-124.049995,2019-10-17 00:00:00,0,0.0
34.55,-123.95,2019-10-17 00:00:00,0,0.0
34.55,-123.84999,2019-10-17 00:00:00,0,0.0
34.55,-123.75,2019-10-17 00:00:00,0,0.0
34.55,-123.649994,2019-10-17 00:00:00,0,0.0
34.55,-123.549995,2019-10-17 00:00:00,0,0.0
34.55,-123.45,2019-10-17 00:00:00,0,0.0
34.55,-123.34999,2019-10-17 00:00:00,0,0.0
34.55,-123.25,2019-10-17 00:00:00,0,0.0
34.55,-123.149994,2019-10-17 00:00:00,0,0.0
34.55,-123.049995,2019-10-17 00:00:00,0,0.0
34.55,-122.95,2019-10-17 00:00:00,0,0.0
34.55,-122.84999,2019-10-17 00:00:00,0,0.0
34.55,-122.75,2019-10-17 00:00:00,0,0.0
34.55,-122.649994,2019-10-17 00:00:00,0,0.0
34.55,-122.549995,2019-10-17 00:00:00,0,0.0
34.55,-122.45,2019-10-17 00:00:00,0,0.0
34.55,-122.34999,2019-10-17 00:00:00,0,0.0
34.55,-122.25,2019-10-17 00:00:00,0,0.0
34.55,-122.149994,2019-10-17 00:00:00,0,0.0
34.55,-122.049995,2019-10-17 00:00:00,0,0.0
34.55,-121.95,2019-10-17 00:00:00,0,0.0
34.55,-121.84999,2019-10-17 00:00:00,0,0.0
34.55,-121.75,2019-10-17 00:00:00,0,0.0
34.55,-121.649994,2019-10-17 00:00:00,0,0.0
34.55,-121.549995,2019-10-17 00:00:00,0,0.0
34.55,-121.45,2019-10-17 00:00:00,0,0.0
34.55,-121.34999,2019-10-17 00:00:00,0,0.0
34.55,-121.25,2019-10-17 00:00:00,0,0.0
34.55,-121.149994,2019-10-17 00:00:00,0,0.0
34.55,-121.049995,2019-10-17 00:00:00,0,0.0
34.55,-120.95,2019-10-17 00:00:00,0,0.0
34.55,-120.84999,2019-10-17 00:00:00,0,0.0
34.55,-120.75,2019-10-17 00:00:00,0,0.0
34.55,-120.649994,2019-10-17 00:00:00,0,0.0
34.55,-120.549995,2019-10-17 00:00:00,0,0.3976161
34.55,-120.45,2019-10-17 00:00:00,0,0.23696278
34.55,-120.34999,2019-10-17 00:00:00,0,0.41819972
34.55,-120.25,2019-10-17 00:00:00,0,0.71302235
34.55,-120.149994,2019-10-17 00:00:00,0,0.29007813
34.55,-120.049995,2019-10-17 00:00:00,0,0.13601059
34.55,-119.95,2019-10-17 00:00:00,0,0.4874434
34.55,-119.84999,2019-10-17 00:00:00,0,0.6386165
34.55,-119.75,2019-10-17 00:00:00,0,0.20348102
34.55,-119.649994,2019-10-17 00:00:00,0,0.086732075
34.55,-119.549995,2019-10-17 00:00:00,0,0.0577711
34.55,-119.45,2019-10-17 00:00:00,0,0.014631326
34.55,-119.34999,2019-10-17 00:00:00,0,0.0006033536
34.55,-119.25,2019-10-17 00:00:00,0,0.0
34.55,-119.149994,2019-10-17 00:00:00,0,0.0
34.55,-119.049995,2019-10-17 00:00:00,0,0.007366376
34.55,-118.95,2019-10-17 00:00:00,0,0.0030864032
34.55,-118.84999,2019-10-17 00:00:00,0,0.0012603053
34.55,-118.75,2019-10-17 00:00:00,0,0.008191984
34.55,-118.649994,2019-10-17 00:00:00,0,0.045190193
34.55,-118.549995,2019-10-17 00:00:00,0,0.027362619
34.55,-118.45,2019-10-17 00:00:00,0,0.026467862
34.55,-118.34999,2019-10-17 00:00:00,0,0.21466815
34.55,-118.25,2019-10-17 00:00:00,0,0.33294076
34.55,-118.149994,2019-10-17 00:00:00,0,0.42682862
34.55,-118.049995,2019-10-17 00:00:00,0,0.096496485
34.55,-117.95,2019-10-17 00:00:00,0,0.11266307
34.55,-117.84999,2019-10-17 00:00:00,0,0.35153744
34.55,-117.75,2019-10-17 00:00:00,0,0.1565089
34.55,-117.649994,2019-10-17 00:00:00,0,0.10485232
34.55,-117.549995,2019-10-17 00:00:00,0,0.19262196
34.55,-117.45,2019-10-17 00:00:00,0,0.34246188
34.55,-117.34999,2019-10-17 00:00:00,0,0.4107593
34.55,-117.25,2019-10-17 00:00:00,0,0.3655712
34.55,-117.149994,2019-10-17 00:00:00,0,0.37822068
34.55,-117.049995,2019-10-17 00:00:00,0,0.4429718
34.55,-116.95,2019-10-17 00:00:00,0,0.49129942
34.55,-116.84999,2019-10-17 00:00:00,0,0.52724826
34.55,-116.75,2019-10-17 00:00:00,0,0.47055647
34.55,-116.649994,2019-10-17 00:00:00,0,0.25327563
34.55,-116.549995,2019-10-17 00:00:00,0,0.176898
34.55,-116.45,2019-10-17 00:00:00,0,0.22040604
34.55,-116.34999,2019-10-17 00:00:00,0,0.15431897
34.55,-116.25,2019-10-17 00:00:00,0,0.4592585
34.55,-116.149994,2019-10-17 00:00:00,0,0.22349766
34.55,-116.049995,2019-10-17 00:00:00,0,0.23649842
34.55,-115.95,2019-10-17 00:00:00,0,0.7692023
34.55,-115.85,2019-10-17 00:00:00,0,0.7707848
34.55,-115.74999,2019-10-17 00:00:00,0,0.59206617
34.55,-115.649994,2019-10-17 00:00:00,0,0.24200347
34.55,-115.549995,2019-10-17 00:00:00,0,0.13430221
34.55,-115.45,2019-10-17 00:00:00,0,0.6369861
34.55,-115.35,2019-10-17 00:00:00,0,0.6970631
34.55,-115.24999,2019-10-17 00:00:00,0,0.1456886
34.55,-115.149994,2019-10-17 00:00:00,0,0.021549987
34.55,-115.049995,2019-10-17 00:00:00,0,0.016727181
34.55,-114.95,2019-10-17 00:00:00,0,0.002280979
34.55,-114.85,2019-10-17 00:00:00,0,0.008961934
34.55,-114.74999,2019-10-17 00:00:00,0,0.14428712
34.55,-114.649994,2019-10-17 00:00:00,0,0.51934403
34.55,-114.549995,2019-10-17 00:00:00,0,0.34682685
34.55,-114.45,2019-10-17 00:00:00,0,0.05153112
34.55,-114.35,2019-10-17 00:00:00,0,0.0
34.55,-114.24999,2019-10-17 00:00:00,0,0.0
34.649998,-124.34999,2019-10-17 00:00:00,0,0.0
34.649998,-124.25,2019-10-17 00:00:00,0,0.0
34.649998,-124.149994,2019-10-17 00:00:00,0,0.0
34.649998,-124.049995,2019-10-17 00:00:00,0,0.0
34.649998,-123.95,2019-10-17 00:00:00,0,0.0
34.649998,-123.84999,2019-10-17 00:00:00,0,0.0
34.649998,-123.75,2019-10-17 00:00:00,0,0.0
34.649998,-123.649994,2019-10-17 00:00:00,0,0.0
34.649998,-123.549995,2019-10-17 00:00:00,0,0.0
34.649998,-123.45,2019-10-17 00:00:00,0,0.0
34.649998,-123.34999,2019-10-17 00:00:00,0,0.0
34.649998,-123.25,2019-10-17 00:00:00,0,0.0
34.649998,-123.149994,2019-10-17 00:00:00,0,0.0
34.649998,-123.049995,2019-10-17 00:00:00,0,0.0
34.649998,-122.95,2019-10-17 00:00:00,0,0.0
34.649998,-122.84999,2019-10-17 00:00:00,0,0.0
34.649998,-122.75,2019-10-17 00:00:00,0,0.0
34.649998,-122.649994,2019-10-17 00:00:00,0,0.0
34.649998,-122.549995,2019-10-17 00:00:00,0,0.0
34.649998,-122.45,2019-10-17 00:00:00,0,0.0
34.649998,-122.34999,2019-10-17 00:00:00,0,0.0
34.649998,-122.25,2019-10-17 00:00:00,0,0.0
34.649998,-122.149994,2019-10-17 00:00:00,0,0.0
34.649998,-122.049995,2019-10-17 00:00:00,0,0.0
34.649998,-121.95,2019-10-17 00:00:00,0,0.0
34.649998,-121.84999,2019-10-17 00:00:00,0,0.0
34.649998,-121.75,2019-10-17 00:00:00,0,0.0
34.649998,-121.649994,2019-10-17 00:00:00,0,0.0
34.649998,-121.549995,2019-10-17 00:00:00,0,0.0
34.649998,-121.45,2019-10-17 00:00:00,0,0.0
34.649998,-121.34999,2019-10-17 00:00:00,0,0.0
34.649998,-121.25,2019-10-17 00:00:00,0,0.0
34.649998,-121.149994,2019-10-17 00:00:00,0,0.0
34.649998,-121.049995,2019-10-17 00:00:00,0,0.0
34.649998,-120.95,2019-10-17 00:00:00,0,0.0
34.649998,-120.84999,2019-10-17 00:00:00,0,0.0
34.649998,-120.75,2019-10-17 00:00:00,0,0.0
34.649998,-120.649994,2019-10-17 00:00:00,0,0.0
34.649998,-120.549995,2019-10-17 00:00:00,0,0.40474346
34.649998,-120.45,2019-10-17 00:00:00,0,0.28533497
34.649998,-120.34999,2019-10-17 00:00:00,0,0.23656967
34.649998,-120.25,2019-10-17 00:00:00,0,0.366602
34.649998,-120.149994,2019-10-17 00:00:00,0,0.20092312
34.649998,-120.049995,2019-10-17 00:00:00,0,0.081654586
34.649998,-119.95,2019-10-17 00:00:00,0,0.32966
34.649998,-119.84999,2019-10-17 00:00:00,0,0.7631115
34.649998,-119.75,2019-10-17 00:00:00,0,0.78034323
34.649998,-119.649994,2019-10-17 00:00:00,0,0.53261036
34.649998,-119.549995,2019-10-17 00:00:00,0,0.322945
34.649998,-119.45,2019-10-17 00:00:00,0,0.04932416
34.649998,-119.34999,2019-10-17 00:00:00,0,0.0
34.649998,-119.25,2019-10-17 00:00:00,0,0.0
34.649998,-119.149994,2019-10-17 00:00:00,0,0.031654697
34.649998,-119.049995,2019-10-17 00:00:00,0,0.019795485
34.649998,-118.95,2019-10-17 00:00:00,0,0.0
34.649998,-118.84999,2019-10-17 00:00:00,0,0.006931679
34.649998,-118.75,2019-10-17 00:00:00,0,0.18508373
34.649998,-118.649994,2019-10-17 00:00:00,0,0.24366814
34.649998,-118.549995,2019-10-17 00:00:00,0,0.09479707
34.649998,-118.45,2019-10-17 00:00:00,0,0.2825784
34.649998,-118.34999,2019-10-17 00:00:00,0,0.21238758
34.649998,-118.25,2019-10-17 00:00:00,0,0.60276306
34.649998,-118.149994,2019-10-17 00:00:00,0,0.48066077
34.649998,-118.049995,2019-10-17 00:00:00,0,0.30022788
34.649998,-117.95,2019-10-17 00:00:00,0,0.5755125
34.649998,-117.84999,2019-10-17 00:00:00,0,1.2364143
34.649998,-117.75,2019-10-17 00:00:00,0,0.7251917
34.649998,-117.649994,2019-10-17 00:00:00,0,0.18424171
34.649998,-117.549995,2019-10-17 00:00:00,0,0.10827993
34.649998,-117.45,2019-10-17 00:00:00,0,0.2531798
34.649998,-117.34999,2019-10-17 00:00:00,0,0.2452764
34.649998,-117.25,2019-10-17 00:00:00,0,0.27195603
34.649998,-117.149994,2019-10-17 00:00:00,0,0.38100326
34.649998,-117.049995,2019-10-17 00:00:00,0,1.1499547
34.649998,-116.95,2019-10-17 00:00:00,0,0.7117296
34.649998,-116.84999,2019-10-17 00:00:00,0,1.0178515
34.649998,-116.75,2019-10-17 00:00:00,0,0.43725985
34.649998,-116.649994,2019-10-17 00:00:00,0,0.32129773
34.649998,-116.549995,2019-10-17 00:00:00,0,0.4885795
34.649998,-116.45,2019-10-17 00:00:00,0,0.4320674
34.649998,-116.34999,2019-10-17 00:00:00,0,0.16235676
34.649998,-116.25,2019-10-17 00:00:00,0,0.15628266
34.649998,-116.149994,2019-10-17 00:00:00,0,0.0775463
34.649998,-116.049995,2019-10-17 00:00:00,0,0.18939371
34.649998,-115.95,2019-10-17 00:00:00,0,0.5656018
34.649998,-115.85,2019-10-17 00:00:00,0,0.91900927
34.649998,-115.74999,2019-10-17 00:00:00,0,0.3460789
34.649998,-115.649994,2019-10-17 00:00:00,0,0.124285534
34.649998,-115.549995,2019-10-17 00:00:00,0,0.16594528
34.649998,-115.45,2019-10-17 00:00:00,0,0.62779593
34.649998,-115.35,2019-10-17 00:00:00,0,0.1964348
34.649998,-115.24999,2019-10-17 00:00:00,0,0.03595034
34.649998,-115.149994,2019-10-17 00:00:00,0,0.1244084
34.649998,-115.049995,2019-10-17 00:00:00,0,0.117945634
34.649998,-114.95,2019-10-17 00:00:00,0,0.015776774
34.649998,-114.85,2019-10-17 00:00:00,0,0.20791687
34.649998,-114.74999,2019-10-17 00:00:00,0,1.9932463
34.649998,-114.649994,2019-10-17 00:00:00,0,4.2789874
34.649998,-114.549995,2019-10-17 00:00:00,0,2.2842848
34.649998,-114.45,2019-10-17 00:00:00,0,0.38111973
34.649998,-114.35,2019-10-17 00:00:00,0,0.0
34.649998,-114.24999,2019-10-17 00:00:00,0,0.0
34.750004,-124.34999,2019-10-17 00:00:00,0,0.0
34.750004,-124.25,2019-10-17 00:00:00,0,0.0
34.750004,-124.149994,2019-10-17 00:00:00,0,0.0
34.750004,-124.049995,2019-10-17 00:00:00,0,0.0
34.750004,-123.95,2019-10-17 00:00:00,0,0.0
34.750004,-123.84999,2019-10-17 00:00:00,0,0.0
34.750004,-123.75,2019-10-17 00:00:00,0,0.0
34.750004,-123.649994,2019-10-17 00:00:00,0,0.0
34.750004,-123.549995,2019-10-17 00:00:00,0,0.0
34.750004,-123.45,2019-10-17 00:00:00,0,0.0
34.750004,-123.34999,2019-10-17 00:00:00,0,0.0
34.750004,-123.25,2019-10-17 00:00:00,0,0.0
34.750004,-123.149994,2019-10-17 00:00:00,0,0.0
34.750004,-123.049995,2019-10-17 00:00:00,0,0.0
34.750004,-122.95,2019-10-17 00:00:00,0,0.0
34.750004,-122.84999,2019-10-17 00:00:00,0,0.0
34.750004,-122.75,2019-10-17 00:00:00,0,0.0
34.750004,-122.649994,2019-10-17 00:00:00,0,0.0
34.750004,-122.549995,2019-10-17 00:00:00,0,0.0
34.750004,-122.45,2019-10-17 00:00:00,0,0.0
34.750004,-122.34999,2019-10-17 00:00:00,0,0.0
34.750004,-122.25,2019-10-17 00:00:00,0,0.0
34.750004,-122.149994,2019-10-17 00:00:00,0,0.0
34.750004,-122.049995,2019-10-17 00:00:00,0,0.0
34.750004,-121.95,2019-10-17 00:00:00,0,0.0
34.750004,-121.84999,2019-10-17 00:00:00,0,0.0
34.750004,-121.75,2019-10-17 00:00:00,0,0.0
34.750004,-121.649994,2019-10-17 00:00:00,0,0.0
34.750004,-121.549995,2019-10-17 00:00:00,0,0.0
34.750004,-121.45,2019-10-17 00:00:00,0,0.0
34.750004,-121.34999,2019-10-17 00:00:00,0,0.0
34.750004,-121.25,2019-10-17 00:00:00,0,0.0
34.750004,-121.149994,2019-10-17 00:00:00,0,0.0
34.750004,-121.049995,2019-10-17 00:00:00,0,0.0
34.750004,-120.95,2019-10-17 00:00:00,0,0.0
34.750004,-120.84999,2019-10-17 00:00:00,0,0.0
34.750004,-120.75,2019-10-17 00:00:00,0,0.0
34.750004,-120.649994,2019-10-17 00:00:00,0,0.0
34.750004,-120.549995,2019-10-17 00:00:00,0,0.34733588
34.750004,-120.45,2019-10-17 00:00:00,0,0.37120485
34.750004,-120.34999,2019-10-17 00:00:00,0,0.47634387
34.750004,-120.25,2019-10-17 00:00:00,0,0.59238005
34.750004,-120.149994,2019-10-17 00:00:00,0,0.3141487
34.750004,-120.049995,2019-10-17 00:00:00,0,0.21218961
34.750004,-119.95,2019-10-17 00:00:00,0,0.29402784
34.750004,-119.84999,2019-10-17 00:00:00,0,0.27043998
34.750004,-119.75,2019-10-17 00:00:00,0,0.46473306
34.750004,-119.649994,2019-10-17 00:00:00,0,0.48292872
34.750004,-119.549995,2019-10-17 00:00:00,0,0.31981257
34.750004,-119.45,2019-10-17 00:00:00,0,0.09611908
34.750004,-119.34999,2019-10-17 00:00:00,0,0.0
34.750004,-119.25,2019-10-17 00:00:00,0,0.05243953
34.750004,-119.149994,2019-10-17 00:00:00,0,0.051584132
34.750004,-119.049995,2019-10-17 00:00:00,0,0.0
34.750004,-118.95,2019-10-17 00:00:00,0,0.00042010177
34.750004,-118.84999,2019-10-17 00:00:00,0,0.18067136
34.750004,-118.75,2019-10-17 00:00:00,0,0.19247544
34.750004,-118.649994,2019-10-17 00:00:00,0,0.31119248
34.750004,-118.549995,2019-10-17 00:00:00,0,1.0749047
34.750004,-118.45,2019-10-17 00:00:00,0,0.1788057
34.750004,-118.34999,2019-10-17 00:00:00,0,0.50333005
34.750004,-118.25,2019-10-17 00:00:00,0,0.8984579
34.750004,-118.149994,2019-10-17 00:00:00,0,0.52149594
34.750004,-118.049995,2019-10-17 00:00:00,0,0.60584223
34.750004,-117.95,2019-10-17 00:00:00,0,0.56820387
34.750004,-117.84999,2019-10-17 00:00:00,0,0.9981998
34.750004,-117.75,2019-10-17 00:00:00,0,1.336349
34.750004,-117.649994,2019-10-17 00:00:00,0,0.46076953
34.750004,-117.549995,2019-10-17 00:00:00,0,0.17084035
34.750004,-117.45,2019-10-17 00:00:00,0,0.20813799
34.750004,-117.34999,2019-10-17 00:00:00,0,0.24571472
34.750004,-117.25,2019-10-17 00:00:00,0,0.2748614
34.750004,-117.149994,2019-10-17 00:00:00,0,0.26657888
34.750004,-117.049995,2019-10-17 00:00:00,0,0.49453807
34.750004,-116.95,2019-10-17 00:00:00,0,0.24281482
34.750004,-116.84999,2019-10-17 00:00:00,0,0.42124626
34.750004,-116.75,2019-10-17 00:00:00,0,0.41878986
34.750004,-116.649994,2019-10-17 00:00:00,0,0.58647525
34.750004,-116.549995,2019-10-17 00:00:00,0,0.9908749
34.750004,-116.45,2019-10-17 00:00:00,0,0.72826064
34.750004,-116.34999,2019-10-17 00:00:00,0,0.2990579
34.750004,-116.25,2019-10-17 00:00:00,0,0.116974376
34.750004,-116.149994,2019-10-17 00:00:00,0,0.06774103
34.750004,-116.049995,2019-10-17 00:00:00,0,0.22049262
34.750004,-115.95,2019-10-17 00:00:00,0,0.37682724
34.750004,-115.85,2019-10-17 00:00:00,0,0.7631476
34.750004,-115.74999,2019-10-17 00:00:00,0,0.2038826
34.750004,-115.649994,2019-10-17 00:00:00,0,0.0765812
34.750004,-115.549995,2019-10-17 00:00:00,0,0.0722207
34.750004,-115.45,2019-10-17 00:00:00,0,0.18565068
34.750004,-115.35,2019-10-17 00:00:00,0,0.032579426
34.750004,-115.24999,2019-10-17 00:00:00,0,0.021073513
34.750004,-115.149994,2019-10-17 00:00:00,0,0.14056534
34.750004,-115.049995,2019-10-17 00:00:00,0,0.09684657
34.750004,-114.95,2019-10-17 00:00:00,0,0.012423237
34.750004,-114.85,2019-10-17 00:00:00,0,0.95220554
34.750004,-114.74999,2019-10-17 00:00:00,0,6.9424744
34.750004,-114.649994,2019-10-17 00:00:00,0,6.944714
34.750004,-114.549995,2019-10-17 00:00:00,0,1.4853283
34.750004,-114.45,2019-10-17 00:00:00,0,0.0
34.750004,-114.35,2019-10-17 00:00:00,0,0.0
34.750004,-114.24999,2019-10-17 00:00:00,0,0.0
34.850002,-124.34999,2019-10-17 00:00:00,0,0.0
34.850002,-124.25,2019-10-17 00:00:00,0,0.0
34.850002,-124.149994,2019-10-17 00:00:00,0,0.0
34.850002,-124.049995,2019-10-17 00:00:00,0,0.0
34.850002,-123.95,2019-10-17 00:00:00,0,0.0
34.850002,-123.84999,2019-10-17 00:00:00,0,0.0
34.850002,-123.75,2019-10-17 00:00:00,0,0.0
34.850002,-123.649994,2019-10-17 00:00:00,0,0.0
34.850002,-123.549995,2019-10-17 00:00:00,0,0.0
34.850002,-123.45,2019-10-17 00:00:00,0,0.0
34.850002,-123.34999,2019-10-17 00:00:00,0,0.0
34.850002,-123.25,2019-10-17 00:00:00,0,0.0
34.850002,-123.149994,2019-10-17 00:00:00,0,0.0
34.850002,-123.049995,2019-10-17 00:00:00,0,0.0
34.850002,-122.95,2019-10-17 00:00:00,0,0.0
34.850002,-122.84999,2019-10-17 00:00:00,0,0.0
34.850002,-122.75,2019-10-17 00:00:00,0,0.0
34.850002,-122.649994,2019-10-17 00:00:00,0,0.0
34.850002,-122.549995,2019-10-17 00:00:00,0,0.0
34.850002,-122.45,2019-10-17 00:00:00,0,0.0
34.850002,-122.34999,2019-10-17 00:00:00,0,0.0
34.850002,-122.25,2019-10-17 00:00:00,0,0.0
34.850002,-122.149994,2019-10-17 00:00:00,0,0.0
34.850002,-122.049995,2019-10-17 00:00:00,0,0.0
34.850002,-121.95,2019-10-17 00:00:00,0,0.0
34.850002,-121.84999,2019-10-17 00:00:00,0,0.0
34.850002,-121.75,2019-10-17 00:00:00,0,0.0
34.850002,-121.649994,2019-10-17 00:00:00,0,0.0
34.850002,-121.549995,2019-10-17 00:00:00,0,0.0
34.850002,-121.45,2019-10-17 00:00:00,0,0.0
34.850002,-121.34999,2019-10-17 00:00:00,0,0.0
34.850002,-121.25,2019-10-17 00:00:00,0,0.0
34.850002,-121.149994,2019-10-17 00:00:00,0,0.0
34.850002,-121.049995,2019-10-17 00:00:00,0,0.0
34.850002,-120.95,2019-10-17 00:00:00,0,0.0
34.850002,-120.84999,2019-10-17 00:00:00,0,0.0
34.850002,-120.75,2019-10-17 00:00:00,0,0.0
34.850002,-120.649994,2019-10-17 00:00:00,0,0.0
34.850002,-120.549995,2019-10-17 00:00:00,0,0.23570544
34.850002,-120.45,2019-10-17 00:00:00,0,0.31942284
34.850002,-120.34999,2019-10-17 00:00:00,0,0.5867707
34.850002,-120.25,2019-10-17 00:00:00,0,0.6062787
34.850002,-120.149994,2019-10-17 00:00:00,0,0.41317874
34.850002,-120.049995,2019-10-17 00:00:00,0,0.56107724
34.850002,-119.95,2019-10-17 00:00:00,0,0.4300407
34.850002,-119.84999,2019-10-17 00:00:00,0,0.1805949
34.850002,-119.75,2019-10-17 00:00:00,0,0.07381171
34.850002,-119.649994,2019-10-17 00:00:00,0,0.0852924
34.850002,-119.549995,2019-10-17 00:00:00,0,0.14459532
34.850002,-119.45,2019-10-17 00:00:00,0,0.00663689
34.850002,-119.34999,2019-10-17 00:00:00,0,0.094438314
34.850002,-119.25,2019-10-17 00:00:00,0,0.086959034
34.850002,-119.149994,2019-10-17 00:00:00,0,0.0
34.850002,-119.049995,2019-10-17 00:00:00,0,0.0
34.850002,-118.95,2019-10-17 00:00:00,0,0.0042010183
34.850002,-118.84999,2019-10-17 00:00:00,0,0.026466412
34.850002,-118.75,2019-10-17 00:00:00,0,0.07977906
34.850002,-118.649994,2019-10-17 00:00:00,0,0.33798894
34.850002,-118.549995,2019-10-17 00:00:00,0,1.1419231
34.850002,-118.45,2019-10-17 00:00:00,0,0.5512835
34.850002,-118.34999,2019-10-17 00:00:00,0,0.27631864
34.850002,-118.25,2019-10-17 00:00:00,0,0.7301866
34.850002,-118.149994,2019-10-17 00:00:00,0,1.284959
34.850002,-118.049995,2019-10-17 00:00:00,0,1.1337507
34.850002,-117.95,2019-10-17 00:00:00,0,0.713544
34.850002,-117.84999,2019-10-17 00:00:00,0,1.1016192
34.850002,-117.75,2019-10-17 00:00:00,0,1.399476
34.850002,-117.649994,2019-10-17 00:00:00,0,0.5609137
34.850002,-117.549995,2019-10-17 00:00:00,0,0.17278406
34.850002,-117.45,2019-10-17 00:00:00,0,0.24931797
34.850002,-117.34999,2019-10-17 00:00:00,0,0.17309476
34.850002,-117.25,2019-10-17 00:00:00,0,0.09789595
34.850002,-117.149994,2019-10-17 00:00:00,0,0.13271488
34.850002,-117.049995,2019-10-17 00:00:00,0,0.16710956
34.850002,-116.95,2019-10-17 00:00:00,0,0.13991225
34.850002,-116.84999,2019-10-17 00:00:00,0,0.34326503
34.850002,-116.75,2019-10-17 00:00:00,0,0.5344003
34.850002,-116.649994,2019-10-17 00:00:00,0,1.16482
34.850002,-116.549995,2019-10-17 00:00:00,0,2.1633692
34.850002,-116.45,2019-10-17 00:00:00,0,1.1159178
34.850002,-116.34999,2019-10-17 00:00:00,0,0.48700577
34.850002,-116.25,2019-10-17 00:00:00,0,0.20279405
34.850002,-116.149994,2019-10-17 00:00:00,0,0.5980696
34.850002,-116.049995,2019-10-17 00:00:00,0,1.1842849
34.850002,-115.95,2019-10-17 00:00:00,0,0.512737
34.850002,-115.85,2019-10-17 00:00:00,0,0.24462637
34.850002,-115.74999,2019-10-17 00:00:00,0,0.06744907
34.850002,-115.649994,2019-10-17 00:00:00,0,0.07073204
34.850002,-115.549995,2019-10-17 00:00:00,0,0.027540762
34.850002,-115.45,2019-10-17 00:00:00,0,0.016132295
34.850002,-115.35,2019-10-17 00:00:00,0,0.0026896582
34.850002,-115.24999,2019-10-17 00:00:00,0,0.0030413056
34.850002,-115.149994,2019-10-17 00:00:00,0,0.019578403
34.850002,-115.049995,2019-10-17 00:00:00,0,0.012355303
34.850002,-114.95,2019-10-17 00:00:00,0,0.0049934024
34.850002,-114.85,2019-10-17 00:00:00,0,1.1208019
34.850002,-114.74999,2019-10-17 00:00:00,0,7.643522
34.850002,-114.649994,2019-10-17 00:00:00,0,5.979738
34.850002,-114.549995,2019-10-17 00:00:00,0,0.0
34.850002,-114.45,2019-10-17 00:00:00,0,0.0
34.850002,-114.35,2019-10-17 00:00:00,0,0.0
34.850002,-114.24999,2019-10-17 00:00:00,0,0.0
34.95,-124.34999,2019-10-17 00:00:00,0,0.0
34.95,-124.25,2019-10-17 00:00:00,0,0.0
34.95,-124.149994,2019-10-17 00:00:00,0,0.0
34.95,-124.049995,2019-10-17 00:00:00,0,0.0
34.95,-123.95,2019-10-17 00:00:00,0,0.0
34.95,-123.84999,2019-10-17 00:00:00,0,0.0
34.95,-123.75,2019-10-17 00:00:00,0,0.0
34.95,-123.649994,2019-10-17 00:00:00,0,0.0
34.95,-123.549995,2019-10-17 00:00:00,0,0.0
34.95,-123.45,2019-10-17 00:00:00,0,0.0
34.95,-123.34999,2019-10-17 00:00:00,0,0.0
34.95,-123.25,2019-10-17 00:00:00,0,0.0
34.95,-123.149994,2019-10-17 00:00:00,0,0.0
34.95,-123.049995,2019-10-17 00:00:00,0,0.0
34.95,-122.95,2019-10-17 00:00:00,0,0.0
34.95,-122.84999,2019-10-17 00:00:00,0,0.0
34.95,-122.75,2019-10-17 00:00:00,0,0.0
34.95,-122.649994,2019-10-17 00:00:00,0,0.0
34.95,-122.549995,2019-10-17 00:00:00,0,0.0
34.95,-122.45,2019-10-17 00:00:00,0,0.0
34.95,-122.34999,2019-10-17 00:00:00,0,0.0
34.95,-122.25,2019-10-17 00:00:00,0,0.0
34.95,-122.149994,2019-10-17 00:00:00,0,0.0
34.95,-122.049995,2019-10-17 00:00:00,0,0.0
34.95,-121.95,2019-10-17 00:00:00,0,0.0
34.95,-121.84999,2019-10-17 00:00:00,0,0.0
34.95,-121.75,2019-10-17 00:00:00,0,0.0
34.95,-121.649994,2019-10-17 00:00:00,0,0.0
34.95,-121.549995,2019-10-17 00:00:00,0,0.0
34.95,-121.45,2019-10-17 00:00:00,0,0.0
34.95,-121.34999,2019-10-17 00:00:00,0,0.0
34.95,-121.25,2019-10-17 00:00:00,0,0.0
34.95,-121.149994,2019-10-17 00:00:00,0,0.0
34.95,-121.049995,2019-10-17 00:00:00,0,0.0
34.95,-120.95,2019-10-17 00:00:00,0,0.0
34.95,-120.84999,2019-10-17 00:00:00,0,0.0
34.95,-120.75,2019-10-17 00:00:00,0,0.0
34.95,-120.649994,2019-10-17 00:00:00,0,0.04071082
34.95,-120.549995,2019-10-17 00:00:00,0,0.075359955
34.95,-120.45,2019-10-17 00:00:00,0,0.19759938
34.95,-120.34999,2019-10-17 00:00:00,0,0.43695697
34.95,-120.25,2019-10-17 00:00:00,0,0.3541423
34.95,-120.149994,2019-10-17 00:00:00,0,0.48403457
34.95,-120.049995,2019-10-17 00:00:00,0,0.6713668
34.95,-119.95,2019-10-17 00:00:00,0,0.35277206
34.95,-119.84999,2019-10-17 00:00:00,0,0.23241024
34.95,-119.75,2019-10-17 00:00:00,0,0.050789304
34.95,-119.649994,2019-10-17 00:00:00,0,0.23302113
34.95,-119.549995,2019-10-17 00:00:00,0,0.042392522
34.95,-119.45,2019-10-17 00:00:00,0,0.14241041
34.95,-119.34999,2019-10-17 00:00:00,0,0.13765343
34.95,-119.25,2019-10-17 00:00:00,0,0.003616939
34.95,-119.149994,2019-10-17 00:00:00,0,0.0022349285
34.95,-119.049995,2019-10-17 00:00:00,0,0.00483117
34.95,-118.95,2019-10-17 00:00:00,0,0.009032188
34.95,-118.84999,2019-10-17 00:00:00,0,0.0818407
34.95,-118.75,2019-10-17 00:00:00,0,0.29614463
34.95,-118.649994,2019-10-17 00:00:00,0,0.34742814
34.95,-118.549995,2019-10-17 00:00:00,0,0.5334105
34.95,-118.45,2019-10-17 00:00:00,0,0.38345024
34.95,-118.34999,2019-10-17 00:00:00,0,0.34847125
34.95,-118.25,2019-10-17 00:00:00,0,0.5806287
34.95,-118.149994,2019-10-17 00:00:00,0,0.89393353
34.95,-118.049995,2019-10-17 00:00:00,0,0.8832957
34.95,-117.95,2019-10-17 00:00:00,0,1.2653931
34.95,-117.84999,2019-10-17 00:00:00,0,1.4445899
34.95,-117.75,2019-10-17 00:00:00,0,1.54829
34.95,-117.649994,2019-10-17 00:00:00,0,0.88657916
34.95,-117.549995,2019-10-17 00:00:00,0,0.1524272
34.95,-117.45,2019-10-17 00:00:00,0,0.07161712
34.95,-117.34999,2019-10-17 00:00:00,0,0.043707184
34.95,-117.25,2019-10-17 00:00:00,0,0.033534184
34.95,-117.149994,2019-10-17 00:00:00,0,0.055699844
34.95,-117.049995,2019-10-17 00:00:00,0,0.037509274
34.95,-116.95,2019-10-17 00:00:00,0,0.056768127
34.95,-116.84999,2019-10-17 00:00:00,0,0.2524764
34.95,-116.75,2019-10-17 00:00:00,0,1.1332052
34.95,-116.649994,2019-10-17 00:00:00,0,3.0203912
34.95,-116.549995,2019-10-17 00:00:00,0,4.597135
34.95,-116.45,2019-10-17 00:00:00,0,2.18848
34.95,-116.34999,2019-10-17 00:00:00,0,0.7820407
34.95,-116.25,2019-10-17 00:00:00,0,1.0042764
34.95,-116.149994,2019-10-17 00:00:00,0,3.1693075
34.95,-116.049995,2019-10-17 00:00:00,0,4.036058
34.95,-115.95,2019-10-17 00:00:00,0,1.5587549
34.95,-115.85,2019-10-17 00:00:00,0,0.37209445
34.95,-115.74999,2019-10-17 00:00:00,0,0.107261
34.95,-115.649994,2019-10-17 00:00:00,0,0.32840526
34.95,-115.549995,2019-10-17 00:00:00,0,0.10959374
34.95,-115.45,2019-10-17 00:00:00,0,0.014680998
34.95,-115.35,2019-10-17 00:00:00,0,0.0027390118
34.95,-115.24999,2019-10-17 00:00:00,0,0.00033023048
34.95,-115.149994,2019-10-17 00:00:00,0,0.0
34.95,-115.049995,2019-10-17 00:00:00,0,0.0
34.95,-114.95,2019-10-17 00:00:00,0,0.0007841692
34.95,-114.85,2019-10-17 00:00:00,0,0.7860736
34.95,-114.74999,2019-10-17 00:00:00,0,5.7769747
34.95,-114.649994,2019-10-17 00:00:00,0,6.232241
34.95,-114.549995,2019-10-17 00:00:00,0,0.0
34.95,-114.45,2019-10-17 00:00:00,0,0.0
34.95,-114.35,2019-10-17 00:00:00,0,0.0
34.95,-114.24999,2019-10-17 00:00:00,0,0.0
35.05,-124.34999,2019-10-17 00:00:00,0,0.0
35.05,-124.25,2019-10-17 00:00:00,0,0.0
35.05,-124.149994,2019-10-17 00:00:00,0,0.0
35.05,-124.049995,2019-10-17 00:00:00,0,0.0
35.05,-123.95,2019-10-17 00:00:00,0,0.0
35.05,-123.84999,2019-10-17 00:00:00,0,0.0
35.05,-123.75,2019-10-17 00:00:00,0,0.0
35.05,-123.649994,2019-10-17 00:00:00,0,0.0
35.05,-123.549995,2019-10-17 00:00:00,0,0.0
35.05,-123.45,2019-10-17 00:00:00,0,0.0
35.05,-123.34999,2019-10-17 00:00:00,0,0.0
35.05,-123.25,2019-10-17 00:00:00,0,0.0
35.05,-123.149994,2019-10-17 00:00:00,0,0.0
35.05,-123.049995,2019-10-17 00:00:00,0,0.0
35.05,-122.95,2019-10-17 00:00:00,0,0.0
35.05,-122.84999,2019-10-17 00:00:00,0,0.0
35.05,-122.75,2019-10-17 00:00:00,0,0.0
35.05,-122.649994,2019-10-17 00:00:00,0,0.0
35.05,-122.549995,2019-10-17 00:00:00,0,0.0
35.05,-122.45,2019-10-17 00:00:00,0,0.0
35.05,-122.34999,2019-10-17 00:00:00,0,0.0
35.05,-122.25,2019-10-17 00:00:00,0,0.0
35.05,-122.149994,2019-10-17 00:00:00,0,0.0
35.05,-122.049995,2019-10-17 00:00:00,0,0.0
35.05,-121.95,2019-10-17 00:00:00,0,0.0
35.05,-121.84999,2019-10-17 00:00:00,0,0.0
35.05,-121.75,2019-10-17 00:00:00,0,0.0
35.05,-121.649994,2019-10-17 00:00:00,0,0.0
35.05,-121.549995,2019-10-17 00:00:00,0,0.0
35.05,-121.45,2019-10-17 00:00:00,0,0.0
35.05,-121.34999,2019-10-17 00:00:00,0,0.0
35.05,-121.25,2019-10-17 00:00:00,0,0.0
35.05,-121.149994,2019-10-17 00:00:00,0,0.0
35.05,-121.049995,2019-10-17 00:00:00,0,0.0
35.05,-120.95,2019-10-17 00:00:00,0,0.0
35.05,-120.84999,2019-10-17 00:00:00,0,0.0
35.05,-120.75,2019-10-17 00:00:00,0,0.0
35.05,-120.649994,2019-10-17 00:00:00,0,0.0
35.05,-120.549995,2019-10-17 00:00:00,0,0.14281145
35.05,-120.45,2019-10-17 00:00:00,0,0.14659218
35.05,-120.34999,2019-10-17 00:00:00,0,0.24358761
35.05,-120.25,2019-10-17 00:00:00,0,0.31555182
35.05,-120.149994,2019-10-17 00:00:00,0,0.40692127
35.05,-120.049995,2019-10-17 00:00:00,0,0.974737
35.05,-119.95,2019-10-17 00:00:00,0,0.7816305
35.05,-119.84999,2019-10-17 00:00:00,0,0.42043963
35.05,-119.75,2019-10-17 00:00:00,0,0.5999607
35.05,-119.649994,2019-10-17 00:00:00,0,0.2561173
35.05,-119.549995,2019-10-17 00:00:00,0,0.24251541
35.05,-119.45,2019-10-17 00:00:00,0,0.2838538
35.05,-119.34999,2019-10-17 00:00:00,0,0.03648146
35.05,-119.25,2019-10-17 00:00:00,0,0.028538615
35.05,-119.149994,2019-10-17 00:00:00,0,0.021996392
35.05,-119.049995,2019-10-17 00:00:00,0,0.039384536
35.05,-118.95,2019-10-17 00:00:00,0,0.05272277
35.05,-118.84999,2019-10-17 00:00:00,0,0.07993803
35.05,-118.75,2019-10-17 00:00:00,0,0.47908548
35.05,-118.649994,2019-10-17 00:00:00,0,0.09842971
35.05,-118.549995,2019-10-17 00:00:00,0,0.22052819
35.05,-118.45,2019-10-17 00:00:00,0,0.42765808
35.05,-118.34999,2019-10-17 00:00:00,0,0.87283593
35.05,-118.25,2019-10-17 00:00:00,0,0.8966577
35.05,-118.149994,2019-10-17 00:00:00,0,1.1576617
35.05,-118.049995,2019-10-17 00:00:00,0,1.05623
35.05,-117.95,2019-10-17 00:00:00,0,1.298604
35.05,-117.84999,2019-10-17 00:00:00,0,1.7842507
35.05,-117.75,2019-10-17 00:00:00,0,3.3614423
35.05,-117.649994,2019-10-17 00:00:00,0,1.3503318
35.05,-117.549995,2019-10-17 00:00:00,0,0.15716809
35.05,-117.45,2019-10-17 00:00:00,0,0.07456952
35.05,-117.34999,2019-10-17 00:00:00,0,0.036944024
35.05,-117.25,2019-10-17 00:00:00,0,0.027651645
35.05,-117.149994,2019-10-17 00:00:00,0,0.04105527
35.05,-117.049995,2019-10-17 00:00:00,0,0.017633962
35.05,-116.95,2019-10-17 00:00:00,0,0.010936455
35.05,-116.84999,2019-10-17 00:00:00,0,0.2513267
35.05,-116.75,2019-10-17 00:00:00,0,2.03227
35.05,-116.649994,2019-10-17 00:00:00,0,3.73425
35.05,-116.549995,2019-10-17 00:00:00,0,1.6196227
35.05,-116.45,2019-10-17 00:00:00,0,0.80837387
35.05,-116.34999,2019-10-17 00:00:00,0,1.2188988
35.05,-116.25,2019-10-17 00:00:00,0,3.9174967
35.05,-116.149994,2019-10-17 00:00:00,0,5.9843364
35.05,-116.049995,2019-10-17 00:00:00,0,3.0772383
35.05,-115.95,2019-10-17 00:00:00,0,1.2624911
35.05,-115.85,2019-10-17 00:00:00,0,0.72902
35.05,-115.74999,2019-10-17 00:00:00,0,0.4068253
35.05,-115.649994,2019-10-17 00:00:00,0,0.86125064
35.05,-115.549995,2019-10-17 00:00:00,0,0.3166583
35.05,-115.45,2019-10-17 00:00:00,0,0.061959058
35.05,-115.35,2019-10-17 00:00:00,0,0.0154481325
35.05,-115.24999,2019-10-17 00:00:00,0,0.0027244012
35.05,-115.149994,2019-10-17 00:00:00,0,0.0025592865
35.05,-115.049995,2019-10-17 00:00:00,0,0.0027244014
35.05,-114.95,2019-10-17 00:00:00,0,0.00033023048
35.05,-114.85,2019-10-17 00:00:00,0,0.100373656
35.05,-114.74999,2019-10-17 00:00:00,0,0.7606003
35.05,-114.649994,2019-10-17 00:00:00,0,0.0
35.05,-114.549995,2019-10-17 00:00:00,0,0.0
35.05,-114.45,2019-10-17 00:00:00,0,0.0
35.05,-114.35,2019-10-17 00:00:00,0,0.0
35.05,-114.24999,2019-10-17 00:00:00,0,0.0
35.149998,-124.34999,2019-10-17 00:00:00,0,0.0
35.149998,-124.25,2019-10-17 00:00:00,0,0.0
35.149998,-124.149994,2019-10-17 00:00:00,0,0.0
35.149998,-124.049995,2019-10-17 00:00:00,0,0.0
35.149998,-123.95,2019-10-17 00:00:00,0,0.0
35.149998,-123.84999,2019-10-17 00:00:00,0,0.0
35.149998,-123.75,2019-10-17 00:00:00,0,0.0
35.149998,-123.649994,2019-10-17 00:00:00,0,0.0
35.149998,-123.549995,2019-10-17 00:00:00,0,0.0
35.149998,-123.45,2019-10-17 00:00:00,0,0.0
35.149998,-123.34999,2019-10-17 00:00:00,0,0.0
35.149998,-123.25,2019-10-17 00:00:00,0,0.0
35.149998,-123.149994,2019-10-17 00:00:00,0,0.0
35.149998,-123.049995,2019-10-17 00:00:00,0,0.0
35.149998,-122.95,2019-10-17 00:00:00,0,0.0
35.149998,-122.84999,2019-10-17 00:00:00,0,0.0
35.149998,-122.75,2019-10-17 00:00:00,0,0.0
35.149998,-122.649994,2019-10-17 00:00:00,0,0.0
35.149998,-122.549995,2019-10-17 00:00:00,0,0.0
35.149998,-122.45,2019-10-17 00:00:00,0,0.0
35.149998,-122.34999,2019-10-17 00:00:00,0,0.0
35.149998,-122.25,2019-10-17 00:00:00,0,0.0
35.149998,-122.149994,2019-10-17 00:00:00,0,0.0
35.149998,-122.049995,2019-10-17 00:00:00,0,0.0
35.149998,-121.95,2019-10-17 00:00:00,0,0.0
35.149998,-121.84999,2019-10-17 00:00:00,0,0.0
35.149998,-121.75,2019-10-17 00:00:00,0,0.0
35.149998,-121.649994,2019-10-17 00:00:00,0,0.0
35.149998,-121.549995,2019-10-17 00:00:00,0,0.0
35.149998,-121.45,2019-10-17 00:00:00,0,0.0
35.149998,-121.34999,2019-10-17 00:00:00,0,0.0
35.149998,-121.25,2019-10-17 00:00:00,0,0.0
35.149998,-121.149994,2019-10-17 00:00:00,0,0.0
35.149998,-121.049995,2019-10-17 00:00:00,0,0.0
35.149998,-120.95,2019-10-17 00:00:00,0,0.0
35.149998,-120.84999,2019-10-17 00:00:00,0,0.0
35.149998,-120.75,2019-10-17 00:00:00,0,0.0
35.149998,-120.649994,2019-10-17 00:00:00,0,0.24749999
35.149998,-120.549995,2019-10-17 00:00:00,0,0.1517056
35.149998,-120.45,2019-10-17 00:00:00,0,0.069459364
35.149998,-120.34999,2019-10-17 00:00:00,0,0.11377708
35.149998,-120.25,2019-10-17 00:00:00,0,0.3406254
35.149998,-120.149994,2019-10-17 00:00:00,0,0.50702876
35.149998,-120.049995,2019-10-17 00:00:00,0,0.72882515
35.149998,-119.95,2019-10-17 00:00:00,0,0.97742707
35.149998,-119.84999,2019-10-17 00:00:00,0,1.1691477
35.149998,-119.75,2019-10-17 00:00:00,0,0.5260807
35.149998,-119.649994,2019-10-17 00:00:00,0,0.39039975
35.149998,-119.549995,2019-10-17 00:00:00,0,0.44339988
35.149998,-119.45,2019-10-17 00:00:00,0,0.06270917
35.149998,-119.34999,2019-10-17 00:00:00,0,0.0567292
35.149998,-119.25,2019-10-17 00:00:00,0,0.04484377
35.149998,-119.149994,2019-10-17 00:00:00,0,0.08321376
35.149998,-119.049995,2019-10-17 00:00:00,0,0.08962958
35.149998,-118.95,2019-10-17 00:00:00,0,0.02810406
35.149998,-118.84999,2019-10-17 00:00:00,0,0.06085482
35.149998,-118.75,2019-10-17 00:00:00,0,0.29933295
35.149998,-118.649994,2019-10-17 00:00:00,0,0.108389586
35.149998,-118.549995,2019-10-17 00:00:00,0,0.06973312
35.149998,-118.45,2019-10-17 00:00:00,0,0.2985152
35.149998,-118.34999,2019-10-17 00:00:00,0,0.774631
35.149998,-118.25,2019-10-17 00:00:00,0,0.76714444
35.149998,-118.149994,2019-10-17 00:00:00,0,0.55701333
35.149998,-118.049995,2019-10-17 00:00:00,0,0.94612825
35.149998,-117.95,2019-10-17 00:00:00,0,0.7319262
35.149998,-117.84999,2019-10-17 00:00:00,0,0.62814987
35.149998,-117.75,2019-10-17 00:00:00,0,1.2217585
35.149998,-117.649994,2019-10-17 00:00:00,0,0.7135176
35.149998,-117.549995,2019-10-17 00:00:00,0,0.08843567
35.149998,-117.45,2019-10-17 00:00:00,0,0.016333323
35.149998,-117.34999,2019-10-17 00:00:00,0,0.016677588
35.149998,-117.25,2019-10-17 00:00:00,0,0.02726409
35.149998,-117.149994,2019-10-17 00:00:00,0,0.041251317
35.149998,-117.049995,2019-10-17 00:00:00,0,0.023866495
35.149998,-116.95,2019-10-17 00:00:00,0,0.025367973
35.149998,-116.84999,2019-10-17 00:00:00,0,0.09716977
35.149998,-116.75,2019-10-17 00:00:00,0,0.63279533
35.149998,-116.649994,2019-10-17 00:00:00,0,0.8707742
35.149998,-116.549995,2019-10-17 00:00:00,0,0.31346783
35.149998,-116.45,2019-10-17 00:00:00,0,0.34315118
35.149998,-116.34999,2019-10-17 00:00:00,0,0.72195405
35.149998,-116.25,2019-10-17 00:00:00,0,2.1078892
35.149998,-116.149994,2019-10-17 00:00:00,0,1.8977761
35.149998,-116.049995,2019-10-17 00:00:00,0,1.2759893
35.149998,-115.95,2019-10-17 00:00:00,0,1.9728891
35.149998,-115.85,2019-10-17 00:00:00,0,1.1829119
35.149998,-115.74999,2019-10-17 00:00:00,0,0.8184501
35.149998,-115.649994,2019-10-17 00:00:00,0,0.99000704
35.149998,-115.549995,2019-10-17 00:00:00,0,0.3961731
35.149998,-115.45,2019-10-17 00:00:00,0,0.069679335
35.149998,-115.35,2019-10-17 00:00:00,0,0.0064055882
35.149998,-115.24999,2019-10-17 00:00:00,0,0.0070957597
35.149998,-115.149994,2019-10-17 00:00:00,0,0.04395663
35.149998,-115.049995,2019-10-17 00:00:00,0,0.029249612
35.149998,-114.95,2019-10-17 00:00:00,0,0.003729926
35.149998,-114.85,2019-10-17 00:00:00,0,0.0023750348
35.149998,-114.74999,2019-10-17 00:00:00,0,0.0
35.149998,-114.649994,2019-10-17 00:00:00,0,0.0
35.149998,-114.549995,2019-10-17 00:00:00,0,0.0
35.149998,-114.45,2019-10-17 00:00:00,0,0.0
35.149998,-114.35,2019-10-17 00:00:00,0,0.0
35.149998,-114.24999,2019-10-17 00:00:00,0,0.0
35.250004,-124.34999,2019-10-17 00:00:00,0,0.0
35.250004,-124.25,2019-10-17 00:00:00,0,0.0
35.250004,-124.149994,2019-10-17 00:00:00,0,0.0
35.250004,-124.049995,2019-10-17 00:00:00,0,0.0
35.250004,-123.95,2019-10-17 00:00:00,0,0.0
35.250004,-123.84999,2019-10-17 00:00:00,0,0.0
35.250004,-123.75,2019-10-17 00:00:00,0,0.0
35.250004,-123.649994,2019-10-17 00:00:00,0,0.0
35.250004,-123.549995,2019-10-17 00:00:00,0,0.0
35.250004,-123.45,2019-10-17 00:00:00,0,0.0
35.250004,-123.34999,2019-10-17 00:00:00,0,0.0
35.250004,-123.25,2019-10-17 00:00:00,0,0.0
35.250004,-123.149994,2019-10-17 00:00:00,0,0.0
35.250004,-123.049995,2019-10-17 00:00:00,0,0.0
35.250004,-122.95,2019-10-17 00:00:00,0,0.0
35.250004,-122.84999,2019-10-17 00:00:00,0,0.0
35.250004,-122.75,2019-10-17 00:00:00,0,0.0
35.250004,-122.649994,2019-10-17 00:00:00,0,0.0
35.250004,-122.549995,2019-10-17 00:00:00,0,0.0
35.250004,-122.45,2019-10-17 00:00:00,0,0.0
35.250004,-122.34999,2019-10-17 00:00:00,0,0.0
35.250004,-122.25,2019-10-17 00:00:00,0,0.0
35.250004,-122.149994,2019-10-17 00:00:00,0,0.0
35.250004,-122.049995,2019-10-17 00:00:00,0,0.0
35.250004,-121.95,2019-10-17 00:00:00,0,0.0
35.250004,-121.84999,2019-10-17 00:00:00,0,0.0
35.250004,-121.75,2019-10-17 00:00:00,0,0.0
35.250004,-121.649994,2019-10-17 00:00:00,0,0.0
35.250004,-121.549995,2019-10-17 00:00:00,0,0.0
35.250004,-121.45,2019-10-17 00:00:00,0,0.0
35.250004,-121.34999,2019-10-17 00:00:00,0,0.0
35.250004,-121.25,2019-10-17 00:00:00,0,0.0
35.250004,-121.149994,2019-10-17 00:00:00,0,0.0
35.250004,-121.049995,2019-10-17 00:00:00,0,0.0
35.250004,-120.95,2019-10-17 00:00:00,0,0.0
35.250004,-120.84999,2019-10-17 00:00:00,0,0.42541054
35.250004,-120.75,2019-10-17 00:00:00,0,0.44780895
35.250004,-120.649994,2019-10-17 00:00:00,0,0.43128288
35.250004,-120.549995,2019-10-17 00:00:00,0,0.340006
35.250004,-120.45,2019-10-17 00:00:00,0,0.23860443
35.250004,-120.34999,2019-10-17 00:00:00,0,0.30450496
35.250004,-120.25,2019-10-17 00:00:00,0,0.28170493
35.250004,-120.149994,2019-10-17 00:00:00,0,0.38941327
35.250004,-120.049995,2019-10-17 00:00:00,0,0.70739996
35.250004,-119.95,2019-10-17 00:00:00,0,1.1276069
35.250004,-119.84999,2019-10-17 00:00:00,0,0.39734834
35.250004,-119.75,2019-10-17 00:00:00,0,0.25649956
35.250004,-119.649994,2019-10-17 00:00:00,0,0.2567352
35.250004,-119.549995,2019-10-17 00:00:00,0,0.056623865
35.250004,-119.45,2019-10-17 00:00:00,0,0.04645944
35.250004,-119.34999,2019-10-17 00:00:00,0,0.07440238
35.250004,-119.25,2019-10-17 00:00:00,0,0.08867225
35.250004,-119.149994,2019-10-17 00:00:00,0,0.23574096
35.250004,-119.049995,2019-10-17 00:00:00,0,0.2034066
35.250004,-118.95,2019-10-17 00:00:00,0,0.09000148
35.250004,-118.84999,2019-10-17 00:00:00,0,0.044991497
35.250004,-118.75,2019-10-17 00:00:00,0,0.19968136
35.250004,-118.649994,2019-10-17 00:00:00,0,0.38496011
35.250004,-118.549995,2019-10-17 00:00:00,0,0.4602667
35.250004,-118.45,2019-10-17 00:00:00,0,0.1537473
35.250004,-118.34999,2019-10-17 00:00:00,0,0.13171136
35.250004,-118.25,2019-10-17 00:00:00,0,0.14540125
35.250004,-118.149994,2019-10-17 00:00:00,0,0.1868136
35.250004,-118.049995,2019-10-17 00:00:00,0,0.2841829
35.250004,-117.95,2019-10-17 00:00:00,0,0.4758744
35.250004,-117.84999,2019-10-17 00:00:00,0,0.9205482
35.250004,-117.75,2019-10-17 00:00:00,0,0.41056168
35.250004,-117.649994,2019-10-17 00:00:00,0,0.17270114
35.250004,-117.549995,2019-10-17 00:00:00,0,0.029296778
35.250004,-117.45,2019-10-17 00:00:00,0,0.039132103
35.250004,-117.34999,2019-10-17 00:00:00,0,0.07531905
35.250004,-117.25,2019-10-17 00:00:00,0,0.03252498
35.250004,-117.149994,2019-10-17 00:00:00,0,0.037681244
35.250004,-117.049995,2019-10-17 00:00:00,0,0.06701824
35.250004,-116.95,2019-10-17 00:00:00,0,0.05581514
35.250004,-116.84999,2019-10-17 00:00:00,0,0.05438462
35.250004,-116.75,2019-10-17 00:00:00,0,0.11599845
35.250004,-116.649994,2019-10-17 00:00:00,0,0.25735193
35.250004,-116.549995,2019-10-17 00:00:00,0,0.10629968
35.250004,-116.45,2019-10-17 00:00:00,0,0.0905635
35.250004,-116.34999,2019-10-17 00:00:00,0,0.18042699
35.250004,-116.25,2019-10-17 00:00:00,0,0.5601692
35.250004,-116.149994,2019-10-17 00:00:00,0,0.46779427
35.250004,-116.049995,2019-10-17 00:00:00,0,0.9370741
35.250004,-115.95,2019-10-17 00:00:00,0,0.58727235
35.250004,-115.85,2019-10-17 00:00:00,0,0.60121936
35.250004,-115.74999,2019-10-17 00:00:00,0,0.87773913
35.250004,-115.649994,2019-10-17 00:00:00,0,0.53835344
35.250004,-115.549995,2019-10-17 00:00:00,0,0.11441149
35.250004,-115.45,2019-10-17 00:00:00,0,0.021897526
35.250004,-115.35,2019-10-17 00:00:00,0,0.008005326
35.250004,-115.24999,2019-10-17 00:00:00,0,0.03505917
35.250004,-115.149994,2019-10-17 00:00:00,0,0.20210412
35.250004,-115.049995,2019-10-17 00:00:00,0,0.10450519
35.250004,-114.95,2019-10-17 00:00:00,0,0.048653558
35.250004,-114.85,2019-10-17 00:00:00,0,0.0
35.250004,-114.74999,2019-10-17 00:00:00,0,0.0
35.250004,-114.649994,2019-10-17 00:00:00,0,0.0
35.250004,-114.549995,2019-10-17 00:00:00,0,0.0
35.250004,-114.45,2019-10-17 00:00:00,0,0.0
35.250004,-114.35,2019-10-17 00:00:00,0,0.0
35.250004,-114.24999,2019-10-17 00:00:00,0,0.0
35.350002,-124.34999,2019-10-17 00:00:00,0,0.0
35.350002,-124.25,2019-10-17 00:00:00,0,0.0
35.350002,-124.149994,2019-10-17 00:00:00,0,0.0
35.350002,-124.049995,2019-10-17 00:00:00,0,0.0
35.350002,-123.95,2019-10-17 00:00:00,0,0.0
35.350002,-123.84999,2019-10-17 00:00:00,0,0.0
35.350002,-123.75,2019-10-17 00:00:00,0,0.0
35.350002,-123.649994,2019-10-17 00:00:00,0,0.0
35.350002,-123.549995,2019-10-17 00:00:00,0,0.0
35.350002,-123.45,2019-10-17 00:00:00,0,0.0
35.350002,-123.34999,2019-10-17 00:00:00,0,0.0
35.350002,-123.25,2019-10-17 00:00:00,0,0.0
35.350002,-123.149994,2019-10-17 00:00:00,0,0.0
35.350002,-123.049995,2019-10-17 00:00:00,0,0.0
35.350002,-122.95,2019-10-17 00:00:00,0,0.0
35.350002,-122.84999,2019-10-17 00:00:00,0,0.0
35.350002,-122.75,2019-10-17 00:00:00,0,0.0
35.350002,-122.649994,2019-10-17 00:00:00,0,0.0
35.350002,-122.549995,2019-10-17 00:00:00,0,0.0
35.350002,-122.45,2019-10-17 00:00:00,0,0.0
35.350002,-122.34999,2019-10-17 00:00:00,0,0.0
35.350002,-122.25,2019-10-17 00:00:00,0,0.0
35.350002,-122.149994,2019-10-17 00:00:00,0,0.0
35.350002,-122.049995,2019-10-17 00:00:00,0,0.0
35.350002,-121.95,2019-10-17 00:00:00,0,0.0
35.350002,-121.84999,2019-10-17 00:00:00,0,0.0
35.350002,-121.75,2019-10-17 00:00:00,0,0.0
35.350002,-121.649994,2019-10-17 00:00:00,0,0.0
35.350002,-121.549995,2019-10-17 00:00:00,0,0.0
35.350002,-121.45,2019-10-17 00:00:00,0,0.0
35.350002,-121.34999,2019-10-17 00:00:00,0,0.0
35.350002,-121.25,2019-10-17 00:00:00,0,0.0
35.350002,-121.149994,2019-10-17 00:00:00,0,0.0
35.350002,-121.049995,2019-10-17 00:00:00,0,0.0
35.350002,-120.95,2019-10-17 00:00:00,0,0.0
35.350002,-120.84999,2019-10-17 00:00:00,0,0.42076662
35.350002,-120.75,2019-10-17 00:00:00,0,0.6810204
35.350002,-120.649994,2019-10-17 00:00:00,0,0.75388134
35.350002,-120.549995,2019-10-17 00:00:00,0,0.7537551
35.350002,-120.45,2019-10-17 00:00:00,0,0.35205567
35.350002,-120.34999,2019-10-17 00:00:00,0,0.5097239
35.350002,-120.25,2019-10-17 00:00:00,0,0.43419912
35.350002,-120.149994,2019-10-17 00:00:00,0,0.23330086
35.350002,-120.049995,2019-10-17 00:00:00,0,0.53832775
35.350002,-119.95,2019-10-17 00:00:00,0,0.8313586
35.350002,-119.84999,2019-10-17 00:00:00,0,0.16857612
35.350002,-119.75,2019-10-17 00:00:00,0,0.4084288
35.350002,-119.649994,2019-10-17 00:00:00,0,0.36079714
35.350002,-119.549995,2019-10-17 00:00:00,0,0.16032588
35.350002,-119.45,2019-10-17 00:00:00,0,0.063304834
35.350002,-119.34999,2019-10-17 00:00:00,0,0.09105323
35.350002,-119.25,2019-10-17 00:00:00,0,0.12449409
35.350002,-119.149994,2019-10-17 00:00:00,0,0.1609984
35.350002,-119.049995,2019-10-17 00:00:00,0,0.20729068
35.350002,-118.95,2019-10-17 00:00:00,0,0.11153939
35.350002,-118.84999,2019-10-17 00:00:00,0,0.04672579
35.350002,-118.75,2019-10-17 00:00:00,0,0.17246105
35.350002,-118.649994,2019-10-17 00:00:00,0,0.43165413
35.350002,-118.549995,2019-10-17 00:00:00,0,0.64502716
35.350002,-118.45,2019-10-17 00:00:00,0,0.22562422
35.350002,-118.34999,2019-10-17 00:00:00,0,0.027099393
35.350002,-118.25,2019-10-17 00:00:00,0,0.045463115
35.350002,-118.149994,2019-10-17 00:00:00,0,0.16949318
35.350002,-118.049995,2019-10-17 00:00:00,0,0.3341525
35.350002,-117.95,2019-10-17 00:00:00,0,0.5096171
35.350002,-117.84999,2019-10-17 00:00:00,0,0.2981144
35.350002,-117.75,2019-10-17 00:00:00,0,0.21399668
35.350002,-117.649994,2019-10-17 00:00:00,0,0.14381279
35.350002,-117.549995,2019-10-17 00:00:00,0,0.06962511
35.350002,-117.45,2019-10-17 00:00:00,0,0.20568448
35.350002,-117.34999,2019-10-17 00:00:00,0,0.409027
35.350002,-117.25,2019-10-17 00:00:00,0,0.16005962
35.350002,-117.149994,2019-10-17 00:00:00,0,0.065915994
35.350002,-117.049995,2019-10-17 00:00:00,0,0.082268834
35.350002,-116.95,2019-10-17 00:00:00,0,0.08804385
35.350002,-116.84999,2019-10-17 00:00:00,0,0.1604132
35.350002,-116.75,2019-10-17 00:00:00,0,0.07554232
35.350002,-116.649994,2019-10-17 00:00:00,0,0.10653517
35.350002,-116.549995,2019-10-17 00:00:00,0,0.0858914
35.350002,-116.45,2019-10-17 00:00:00,0,0.045899738
35.350002,-116.34999,2019-10-17 00:00:00,0,0.08744728
35.350002,-116.25,2019-10-17 00:00:00,0,0.38143831
35.350002,-116.149994,2019-10-17 00:00:00,0,0.4099344
35.350002,-116.049995,2019-10-17 00:00:00,0,0.4112879
35.350002,-115.95,2019-10-17 00:00:00,0,0.21905704
35.350002,-115.85,2019-10-17 00:00:00,0,0.5217774
35.350002,-115.74999,2019-10-17 00:00:00,0,0.2935068
35.350002,-115.649994,2019-10-17 00:00:00,0,0.15971763
35.350002,-115.549995,2019-10-17 00:00:00,0,0.12842602
35.350002,-115.45,2019-10-17 00:00:00,0,0.029152324
35.350002,-115.35,2019-10-17 00:00:00,0,0.045670364
35.350002,-115.24999,2019-10-17 00:00:00,0,0.0936762
35.350002,-115.149994,2019-10-17 00:00:00,0,0.09517812
35.350002,-115.049995,2019-10-17 00:00:00,0,0.0
35.350002,-114.95,2019-10-17 00:00:00,0,0.0
35.350002,-114.85,2019-10-17 00:00:00,0,0.0
35.350002,-114.74999,2019-10-17 00:00:00,0,0.0
35.350002,-114.649994,2019-10-17 00:00:00,0,0.0
35.350002,-114.549995,2019-10-17 00:00:00,0,0.0
35.350002,-114.45,2019-10-17 00:00:00,0,0.0
35.350002,-114.35,2019-10-17 00:00:00,0,0.0
35.350002,-114.24999,2019-10-17 00:00:00,0,0.0
35.45,-124.34999,2019-10-17 00:00:00,0,0.0
35.45,-124.25,2019-10-17 00:00:00,0,0.0
35.45,-124.149994,2019-10-17 00:00:00,0,0.0
35.45,-124.049995,2019-10-17 00:00:00,0,0.0
35.45,-123.95,2019-10-17 00:00:00,0,0.0
35.45,-123.84999,2019-10-17 00:00:00,0,0.0
35.45,-123.75,2019-10-17 00:00:00,0,0.0
35.45,-123.649994,2019-10-17 00:00:00,0,0.0
35.45,-123.549995,2019-10-17 00:00:00,0,0.0
35.45,-123.45,2019-10-17 00:00:00,0,0.0
35.45,-123.34999,2019-10-17 00:00:00,0,0.0
35.45,-123.25,2019-10-17 00:00:00,0,0.0
35.45,-123.149994,2019-10-17 00:00:00,0,0.0
35.45,-123.049995,2019-10-17 00:00:00,0,0.0
35.45,-122.95,2019-10-17 00:00:00,0,0.0
35.45,-122.84999,2019-10-17 00:00:00,0,0.0
35.45,-122.75,2019-10-17 00:00:00,0,0.0
35.45,-122.649994,2019-10-17 00:00:00,0,0.0
35.45,-122.549995,2019-10-17 00:00:00,0,0.0
35.45,-122.45,2019-10-17 00:00:00,0,0.0
35.45,-122.34999,2019-10-17 00:00:00,0,0.0
35.45,-122.25,2019-10-17 00:00:00,0,0.0
35.45,-122.149994,2019-10-17 00:00:00,0,0.0
35.45,-122.049995,2019-10-17 00:00:00,0,0.0
35.45,-121.95,2019-10-17 00:00:00,0,0.0
35.45,-121.84999,2019-10-17 00:00:00,0,0.0
35.45,-121.75,2019-10-17 00:00:00,0,0.0
35.45,-121.649994,2019-10-17 00:00:00,0,0.0
35.45,-121.549995,2019-10-17 00:00:00,0,0.0
35.45,-121.45,2019-10-17 00:00:00,0,0.0
35.45,-121.34999,2019-10-17 00:00:00,0,0.0
35.45,-121.25,2019-10-17 00:00:00,0,0.0
35.45,-121.149994,2019-10-17 00:00:00,0,0.0
35.45,-121.049995,2019-10-17 00:00:00,0,0.0
35.45,-120.95,2019-10-17 00:00:00,0,0.22297998
35.45,-120.84999,2019-10-17 00:00:00,0,0.31476325
35.45,-120.75,2019-10-17 00:00:00,0,0.47263128
35.45,-120.649994,2019-10-17 00:00:00,0,0.7988945
35.45,-120.549995,2019-10-17 00:00:00,0,1.9861044
35.45,-120.45,2019-10-17 00:00:00,0,0.7138278
35.45,-120.34999,2019-10-17 00:00:00,0,0.4798905
35.45,-120.25,2019-10-17 00:00:00,0,0.5455765
35.45,-120.149994,2019-10-17 00:00:00,0,0.389036
35.45,-120.049995,2019-10-17 00:00:00,0,0.2983053
35.45,-119.95,2019-10-17 00:00:00,0,0.2549385
35.45,-119.84999,2019-10-17 00:00:00,0,0.2224952
35.45,-119.75,2019-10-17 00:00:00,0,0.6516919
35.45,-119.649994,2019-10-17 00:00:00,0,0.90446275
35.45,-119.549995,2019-10-17 00:00:00,0,0.4066386
35.45,-119.45,2019-10-17 00:00:00,0,0.059650786
35.45,-119.34999,2019-10-17 00:00:00,0,0.014518148
35.45,-119.25,2019-10-17 00:00:00,0,0.049636856
35.45,-119.149994,2019-10-17 00:00:00,0,0.46737415
35.45,-119.049995,2019-10-17 00:00:00,0,0.6070845
35.45,-118.95,2019-10-17 00:00:00,0,0.34779522
35.45,-118.84999,2019-10-17 00:00:00,0,0.13274488
35.45,-118.75,2019-10-17 00:00:00,0,0.19511323
35.45,-118.649994,2019-10-17 00:00:00,0,1.0517079
35.45,-118.549995,2019-10-17 00:00:00,0,1.1759597
35.45,-118.45,2019-10-17 00:00:00,0,0.6645479
35.45,-118.34999,2019-10-17 00:00:00,0,0.10262006
35.45,-118.25,2019-10-17 00:00:00,0,0.042376406
35.45,-118.149994,2019-10-17 00:00:00,0,0.17902209
35.45,-118.049995,2019-10-17 00:00:00,0,0.2300612
35.45,-117.95,2019-10-17 00:00:00,0,0.17626306
35.45,-117.84999,2019-10-17 00:00:00,0,0.1527321
35.45,-117.75,2019-10-17 00:00:00,0,0.49234965
35.45,-117.649994,2019-10-17 00:00:00,0,0.42142493
35.45,-117.549995,2019-10-17 00:00:00,0,0.17623246
35.45,-117.45,2019-10-17 00:00:00,0,0.24792355
35.45,-117.34999,2019-10-17 00:00:00,0,0.25256118
35.45,-117.25,2019-10-17 00:00:00,0,0.16369663
35.45,-117.149994,2019-10-17 00:00:00,0,0.09864449
35.45,-117.049995,2019-10-17 00:00:00,0,0.13606305
35.45,-116.95,2019-10-17 00:00:00,0,0.17470677
35.45,-116.84999,2019-10-17 00:00:00,0,0.18769841
35.45,-116.75,2019-10-17 00:00:00,0,0.10318005
35.45,-116.649994,2019-10-17 00:00:00,0,0.116989724
35.45,-116.549995,2019-10-17 00:00:00,0,0.059044953
35.45,-116.45,2019-10-17 00:00:00,0,0.07204409
35.45,-116.34999,2019-10-17 00:00:00,0,0.09433742
35.45,-116.25,2019-10-17 00:00:00,0,0.15777595
35.45,-116.149994,2019-10-17 00:00:00,0,0.10887264
35.45,-116.049995,2019-10-17 00:00:00,0,0.10065716
35.45,-115.95,2019-10-17 00:00:00,0,0.11800032
35.45,-115.85,2019-10-17 00:00:00,0,0.13048598
35.45,-115.74999,2019-10-17 00:00:00,0,0.1917144
35.45,-115.649994,2019-10-17 00:00:00,0,0.4257632
35.45,-115.549995,2019-10-17 00:00:00,0,0.6015855
35.45,-115.45,2019-10-17 00:00:00,0,0.18349019
35.45,-115.35,2019-10-17 00:00:00,0,0.43085834
35.45,-115.24999,2019-10-17 00:00:00,0,0.4293657
35.45,-115.149994,2019-10-17 00:00:00,0,0.0
35.45,-115.049995,2019-10-17 00:00:00,0,0.0
35.45,-114.95,2019-10-17 00:00:00,0,0.0
35.45,-114.85,2019-10-17 00:00:00,0,0.0
35.45,-114.74999,2019-10-17 00:00:00,0,0.0
35.45,-114.649994,2019-10-17 00:00:00,0,0.0
35.45,-114.549995,2019-10-17 00:00:00,0,0.0
35.45,-114.45,2019-10-17 00:00:00,0,0.0
35.45,-114.35,2019-10-17 00:00:00,0,0.0
35.45,-114.24999,2019-10-17 00:00:00,0,0.0
35.55,-124.34999,2019-10-17 00:00:00,0,0.0
35.55,-124.25,2019-10-17 00:00:00,0,0.0
35.55,-124.149994,2019-10-17 00:00:00,0,0.0
35.55,-124.049995,2019-10-17 00:00:00,0,0.0
35.55,-123.95,2019-10-17 00:00:00,0,0.0
35.55,-123.84999,2019-10-17 00:00:00,0,0.0
35.55,-123.75,2019-10-17 00:00:00,0,0.0
35.55,-123.649994,2019-10-17 00:00:00,0,0.0
35.55,-123.549995,2019-10-17 00:00:00,0,0.0
35.55,-123.45,2019-10-17 00:00:00,0,0.0
35.55,-123.34999,2019-10-17 00:00:00,0,0.0
35.55,-123.25,2019-10-17 00:00:00,0,0.0
35.55,-123.149994,2019-10-17 00:00:00,0,0.0
35.55,-123.049995,2019-10-17 00:00:00,0,0.0
35.55,-122.95,2019-10-17 00:00:00,0,0.0
35.55,-122.84999,2019-10-17 00:00:00,0,0.0
35.55,-122.75,2019-10-17 00:00:00,0,0.0
35.55,-122.649994,2019-10-17 00:00:00,0,0.0
35.55,-122.549995,2019-10-17 00:00:00,0,0.0
35.55,-122.45,2019-10-17 00:00:00,0,0.0
35.55,-122.34999,2019-10-17 00:00:00,0,0.0
35.55,-122.25,2019-10-17 00:00:00,0,0.0
35.55,-122.149994,2019-10-17 00:00:00,0,0.0
35.55,-122.049995,2019-10-17 00:00:00,0,0.0
35.55,-121.95,2019-10-17 00:00:00,0,0.0
35.55,-121.84999,2019-10-17 00:00:00,0,0.0
35.55,-121.75,2019-10-17 00:00:00,0,0.0
35.55,-121.649994,2019-10-17 00:00:00,0,0.0
35.55,-121.549995,2019-10-17 00:00:00,0,0.0
35.55,-121.45,2019-10-17 00:00:00,0,0.0
35.55,-121.34999,2019-10-17 00:00:00,0,0.0
35.55,-121.25,2019-10-17 00:00:00,0,0.0
35.55,-121.149994,2019-10-17 00:00:00,0,0.0
35.55,-121.049995,2019-10-17 00:00:00,0,0.21947756
35.55,-120.95,2019-10-17 00:00:00,0,0.22051708
35.55,-120.84999,2019-10-17 00:00:00,0,0.22360401
35.55,-120.75,2019-10-17 00:00:00,0,0.32620996
35.55,-120.649994,2019-10-17 00:00:00,0,0.40794054
35.55,-120.549995,2019-10-17 00:00:00,0,0.75927275
35.55,-120.45,2019-10-17 00:00:00,0,0.762009
35.55,-120.34999,2019-10-17 00:00:00,0,0.77064264
35.55,-120.25,2019-10-17 00:00:00,0,0.920667
35.55,-120.149994,2019-10-17 00:00:00,0,1.1219555
35.55,-120.049995,2019-10-17 00:00:00,0,0.6775728
35.55,-119.95,2019-10-17 00:00:00,0,0.4030327
35.55,-119.84999,2019-10-17 00:00:00,0,0.26166317
35.55,-119.75,2019-10-17 00:00:00,0,0.6898961
35.55,-119.649994,2019-10-17 00:00:00,0,1.057937
35.55,-119.549995,2019-10-17 00:00:00,0,0.48549485
35.55,-119.45,2019-10-17 00:00:00,0,0.06441653
35.55,-119.34999,2019-10-17 00:00:00,0,0.0013845961
35.55,-119.25,2019-10-17 00:00:00,0,0.019049771
35.55,-119.149994,2019-10-17 00:00:00,0,0.4849608
35.55,-119.049995,2019-10-17 00:00:00,0,0.43144947
35.55,-118.95,2019-10-17 00:00:00,0,0.22438684
35.55,-118.84999,2019-10-17 00:00:00,0,0.19003975
35.55,-118.75,2019-10-17 00:00:00,0,0.20347507
35.55,-118.649994,2019-10-17 00:00:00,0,0.63577163
35.55,-118.549995,2019-10-17 00:00:00,0,0.44265217
35.55,-118.45,2019-10-17 00:00:00,0,0.45377445
35.55,-118.34999,2019-10-17 00:00:00,0,0.14054848
35.55,-118.25,2019-10-17 00:00:00,0,0.27100816
35.55,-118.149994,2019-10-17 00:00:00,0,0.13217118
35.55,-118.049995,2019-10-17 00:00:00,0,0.20350489
35.55,-117.95,2019-10-17 00:00:00,0,0.16520709
35.55,-117.84999,2019-10-17 00:00:00,0,0.10003487
35.55,-117.75,2019-10-17 00:00:00,0,0.1960621
35.55,-117.649994,2019-10-17 00:00:00,0,0.23155288
35.55,-117.549995,2019-10-17 00:00:00,0,0.22108266
35.55,-117.45,2019-10-17 00:00:00,0,0.33194855
35.55,-117.34999,2019-10-17 00:00:00,0,0.22243473
35.55,-117.25,2019-10-17 00:00:00,0,0.08881787
35.55,-117.149994,2019-10-17 00:00:00,0,0.056408204
35.55,-117.049995,2019-10-17 00:00:00,0,0.094390735
35.55,-116.95,2019-10-17 00:00:00,0,0.16001447
35.55,-116.84999,2019-10-17 00:00:00,0,0.14017318
35.55,-116.75,2019-10-17 00:00:00,0,0.114462815
35.55,-116.649994,2019-10-17 00:00:00,0,0.052895524
35.55,-116.549995,2019-10-17 00:00:00,0,0.029824937
35.55,-116.45,2019-10-17 00:00:00,0,0.1047222
35.55,-116.34999,2019-10-17 00:00:00,0,0.11812852
35.55,-116.25,2019-10-17 00:00:00,0,0.1551675
35.55,-116.149994,2019-10-17 00:00:00,0,0.1420181
35.55,-116.049995,2019-10-17 00:00:00,0,0.25768903
35.55,-115.95,2019-10-17 00:00:00,0,0.45287496
35.55,-115.85,2019-10-17 00:00:00,0,0.43392423
35.55,-115.74999,2019-10-17 00:00:00,0,0.6464553
35.55,-115.649994,2019-10-17 00:00:00,0,0.94260895
35.55,-115.549995,2019-10-17 00:00:00,0,0.25988325
35.55,-115.45,2019-10-17 00:00:00,0,0.33509725
35.55,-115.35,2019-10-17 00:00:00,0,1.4108512
35.55,-115.24999,2019-10-17 00:00:00,0,0.0
35.55,-115.149994,2019-10-17 00:00:00,0,0.0
35.55,-115.049995,2019-10-17 00:00:00,0,0.0
35.55,-114.95,2019-10-17 00:00:00,0,0.0
35.55,-114.85,2019-10-17 00:00:00,0,0.0
35.55,-114.74999,2019-10-17 00:00:00,0,0.0
35.55,-114.649994,2019-10-17 00:00:00,0,0.0
35.55,-114.549995,2019-10-17 00:00:00,0,0.0
35.55,-114.45,2019-10-17 00:00:00,0,0.0
35.55,-114.35,2019-10-17 00:00:00,0,0.0
35.55,-114.24999,2019-10-17 00:00:00,0,0.0
35.649998,-124.34999,2019-10-17 00:00:00,0,0.0
35.649998,-124.25,2019-10-17 00:00:00,0,0.0
35.649998,-124.149994,2019-10-17 00:00:00,0,0.0
35.649998,-124.049995,2019-10-17 00:00:00,0,0.0
35.649998,-123.95,2019-10-17 00:00:00,0,0.0
35.649998,-123.84999,2019-10-17 00:00:00,0,0.0
35.649998,-123.75,2019-10-17 00:00:00,0,0.0
35.649998,-123.649994,2019-10-17 00:00:00,0,0.0
35.649998,-123.549995,2019-10-17 00:00:00,0,0.0
35.649998,-123.45,2019-10-17 00:00:00,0,0.0
35.649998,-123.34999,2019-10-17 00:00:00,0,0.0
35.649998,-123.25,2019-10-17 00:00:00,0,0.0
35.649998,-123.149994,2019-10-17 00:00:00,0,0.0
35.649998,-123.049995,2019-10-17 00:00:00,0,0.0
35.649998,-122.95,2019-10-17 00:00:00,0,0.0
35.649998,-122.84999,2019-10-17 00:00:00,0,0.0
35.649998,-122.75,2019-10-17 00:00:00,0,0.0
35.649998,-122.649994,2019-10-17 00:00:00,0,0.0
35.649998,-122.549995,2019-10-17 00:00:00,0,0.0
35.649998,-122.45,2019-10-17 00:00:00,0,0.0
35.649998,-122.34999,2019-10-17 00:00:00,0,0.0
35.649998,-122.25,2019-10-17 00:00:00,0,0.0
35.649998,-122.149994,2019-10-17 00:00:00,0,0.0
35.649998,-122.049995,2019-10-17 00:00:00,0,0.0
35.649998,-121.95,2019-10-17 00:00:00,0,0.0
35.649998,-121.84999,2019-10-17 00:00:00,0,0.0
35.649998,-121.75,2019-10-17 00:00:00,0,0.0
35.649998,-121.649994,2019-10-17 00:00:00,0,0.0
35.649998,-121.549995,2019-10-17 00:00:00,0,0.0
35.649998,-121.45,2019-10-17 00:00:00,0,0.0
35.649998,-121.34999,2019-10-17 00:00:00,0,0.0
35.649998,-121.25,2019-10-17 00:00:00,0,0.0
35.649998,-121.149994,2019-10-17 00:00:00,0,0.24496578
35.649998,-121.049995,2019-10-17 00:00:00,0,0.33583766
35.649998,-120.95,2019-10-17 00:00:00,0,0.4782105
35.649998,-120.84999,2019-10-17 00:00:00,0,0.37133974
35.649998,-120.75,2019-10-17 00:00:00,0,0.25708002
35.649998,-120.649994,2019-10-17 00:00:00,0,0.20710728
35.649998,-120.549995,2019-10-17 00:00:00,0,0.45556322
35.649998,-120.45,2019-10-17 00:00:00,0,0.51242703
35.649998,-120.34999,2019-10-17 00:00:00,0,0.9947562
35.649998,-120.25,2019-10-17 00:00:00,0,1.0048
35.649998,-120.149994,2019-10-17 00:00:00,0,0.82012296
35.649998,-120.049995,2019-10-17 00:00:00,0,0.913959
35.649998,-119.95,2019-10-17 00:00:00,0,0.6943153
35.649998,-119.84999,2019-10-17 00:00:00,0,0.23576894
35.649998,-119.75,2019-10-17 00:00:00,0,0.2908546
35.649998,-119.649994,2019-10-17 00:00:00,0,0.351869
35.649998,-119.549995,2019-10-17 00:00:00,0,0.18188486
35.649998,-119.45,2019-10-17 00:00:00,0,0.06241361
35.649998,-119.34999,2019-10-17 00:00:00,0,0.07573973
35.649998,-119.25,2019-10-17 00:00:00,0,0.058927186
35.649998,-119.149994,2019-10-17 00:00:00,0,0.4655641
35.649998,-119.049995,2019-10-17 00:00:00,0,0.36556253
35.649998,-118.95,2019-10-17 00:00:00,0,0.20504978
35.649998,-118.84999,2019-10-17 00:00:00,0,0.16002798
35.649998,-118.75,2019-10-17 00:00:00,0,0.41248843
35.649998,-118.649994,2019-10-17 00:00:00,0,0.24871263
35.649998,-118.549995,2019-10-17 00:00:00,0,0.25201002
35.649998,-118.45,2019-10-17 00:00:00,0,0.48832682
35.649998,-118.34999,2019-10-17 00:00:00,0,0.4681817
35.649998,-118.25,2019-10-17 00:00:00,0,0.17588258
35.649998,-118.149994,2019-10-17 00:00:00,0,0.028663239
35.649998,-118.049995,2019-10-17 00:00:00,0,0.0558258
35.649998,-117.95,2019-10-17 00:00:00,0,0.22630346
35.649998,-117.84999,2019-10-17 00:00:00,0,0.32776418
35.649998,-117.75,2019-10-17 00:00:00,0,0.19445851
35.649998,-117.649994,2019-10-17 00:00:00,0,0.12697098
35.649998,-117.549995,2019-10-17 00:00:00,0,0.07277853
35.649998,-117.45,2019-10-17 00:00:00,0,0.08450068
35.649998,-117.34999,2019-10-17 00:00:00,0,0.1252619
35.649998,-117.25,2019-10-17 00:00:00,0,0.07247207
35.649998,-117.149994,2019-10-17 00:00:00,0,0.05794748
35.649998,-117.049995,2019-10-17 00:00:00,0,0.07998558
35.649998,-116.95,2019-10-17 00:00:00,0,0.12306564
35.649998,-116.84999,2019-10-17 00:00:00,0,0.11500591
35.649998,-116.75,2019-10-17 00:00:00,0,0.056837756
35.649998,-116.649994,2019-10-17 00:00:00,0,0.04226397
35.649998,-116.549995,2019-10-17 00:00:00,0,0.019013014
35.649998,-116.45,2019-10-17 00:00:00,0,0.05233333
35.649998,-116.34999,2019-10-17 00:00:00,0,0.2572963
35.649998,-116.25,2019-10-17 00:00:00,0,0.6946431
35.649998,-116.149994,2019-10-17 00:00:00,0,0.34633112
35.649998,-116.049995,2019-10-17 00:00:00,0,0.4126533
35.649998,-115.95,2019-10-17 00:00:00,0,0.93761533
35.649998,-115.85,2019-10-17 00:00:00,0,1.5305609
35.649998,-115.74999,2019-10-17 00:00:00,0,0.5845167
35.649998,-115.649994,2019-10-17 00:00:00,0,0.41515848
35.649998,-115.549995,2019-10-17 00:00:00,0,0.110374264
35.649998,-115.45,2019-10-17 00:00:00,0,0.2662881
35.649998,-115.35,2019-10-17 00:00:00,0,0.0
35.649998,-115.24999,2019-10-17 00:00:00,0,0.0
35.649998,-115.149994,2019-10-17 00:00:00,0,0.0
35.649998,-115.049995,2019-10-17 00:00:00,0,0.0
35.649998,-114.95,2019-10-17 00:00:00,0,0.0
35.649998,-114.85,2019-10-17 00:00:00,0,0.0
35.649998,-114.74999,2019-10-17 00:00:00,0,0.0
35.649998,-114.649994,2019-10-17 00:00:00,0,0.0
35.649998,-114.549995,2019-10-17 00:00:00,0,0.0
35.649998,-114.45,2019-10-17 00:00:00,0,0.0
35.649998,-114.35,2019-10-17 00:00:00,0,0.0
35.649998,-114.24999,2019-10-17 00:00:00,0,0.0
35.750004,-124.34999,2019-10-17 00:00:00,0,0.0
35.750004,-124.25,2019-10-17 00:00:00,0,0.0
35.750004,-124.149994,2019-10-17 00:00:00,0,0.0
35.750004,-124.049995,2019-10-17 00:00:00,0,0.0
35.750004,-123.95,2019-10-17 00:00:00,0,0.0
35.750004,-123.84999,2019-10-17 00:00:00,0,0.0
35.750004,-123.75,2019-10-17 00:00:00,0,0.0
35.750004,-123.649994,2019-10-17 00:00:00,0,0.0
35.750004,-123.549995,2019-10-17 00:00:00,0,0.0
35.750004,-123.45,2019-10-17 00:00:00,0,0.0
35.750004,-123.34999,2019-10-17 00:00:00,0,0.0
35.750004,-123.25,2019-10-17 00:00:00,0,0.0
35.750004,-123.149994,2019-10-17 00:00:00,0,0.0
35.750004,-123.049995,2019-10-17 00:00:00,0,0.0
35.750004,-122.95,2019-10-17 00:00:00,0,0.0
35.750004,-122.84999,2019-10-17 00:00:00,0,0.0
35.750004,-122.75,2019-10-17 00:00:00,0,0.0
35.750004,-122.649994,2019-10-17 00:00:00,0,0.0
35.750004,-122.549995,2019-10-17 00:00:00,0,0.0
35.750004,-122.45,2019-10-17 00:00:00,0,0.0
35.750004,-122.34999,2019-10-17 00:00:00,0,0.0
35.750004,-122.25,2019-10-17 00:00:00,0,0.0
35.750004,-122.149994,2019-10-17 00:00:00,0,0.0
35.750004,-122.049995,2019-10-17 00:00:00,0,0.0
35.750004,-121.95,2019-10-17 00:00:00,0,0.0
35.750004,-121.84999,2019-10-17 00:00:00,0,0.0
35.750004,-121.75,2019-10-17 00:00:00,0,0.0
35.750004,-121.649994,2019-10-17 00:00:00,0,0.0
35.750004,-121.549995,2019-10-17 00:00:00,0,0.0
35.750004,-121.45,2019-10-17 00:00:00,0,0.0
35.750004,-121.34999,2019-10-17 00:00:00,0,0.0
35.750004,-121.25,2019-10-17 00:00:00,0,0.21574342
35.750004,-121.149994,2019-10-17 00:00:00,0,0.33136117
35.750004,-121.049995,2019-10-17 00:00:00,0,0.46817276
35.750004,-120.95,2019-10-17 00:00:00,0,0.69995636
35.750004,-120.84999,2019-10-17 00:00:00,0,0.59807044
35.750004,-120.75,2019-10-17 00:00:00,0,0.42796147
35.750004,-120.649994,2019-10-17 00:00:00,0,0.24685417
35.750004,-120.549995,2019-10-17 00:00:00,0,0.27077597
35.750004,-120.45,2019-10-17 00:00:00,0,0.3153637
35.750004,-120.34999,2019-10-17 00:00:00,0,0.75441474
35.750004,-120.25,2019-10-17 00:00:00,0,1.0934992
35.750004,-120.149994,2019-10-17 00:00:00,0,0.7663475
35.750004,-120.049995,2019-10-17 00:00:00,0,0.5295836
35.750004,-119.95,2019-10-17 00:00:00,0,0.43835455
35.750004,-119.84999,2019-10-17 00:00:00,0,0.20990162
35.750004,-119.75,2019-10-17 00:00:00,0,0.3504871
35.750004,-119.649994,2019-10-17 00:00:00,0,0.3652506
35.750004,-119.549995,2019-10-17 00:00:00,0,0.18371923
35.750004,-119.45,2019-10-17 00:00:00,0,0.23673946
35.750004,-119.34999,2019-10-17 00:00:00,0,0.40255556
35.750004,-119.25,2019-10-17 00:00:00,0,0.23573467
35.750004,-119.149994,2019-10-17 00:00:00,0,0.19503903
35.750004,-119.049995,2019-10-17 00:00:00,0,0.24907833
35.750004,-118.95,2019-10-17 00:00:00,0,0.23118615
35.750004,-118.84999,2019-10-17 00:00:00,0,0.35789704
35.750004,-118.75,2019-10-17 00:00:00,0,0.3181782
35.750004,-118.649994,2019-10-17 00:00:00,0,0.3011062
35.750004,-118.549995,2019-10-17 00:00:00,0,0.3370377
35.750004,-118.45,2019-10-17 00:00:00,0,0.74312717
35.750004,-118.34999,2019-10-17 00:00:00,0,1.4295644
35.750004,-118.25,2019-10-17 00:00:00,0,0.65102327
35.750004,-118.149994,2019-10-17 00:00:00,0,0.08418973
35.750004,-118.049995,2019-10-17 00:00:00,0,0.023753418
35.750004,-117.95,2019-10-17 00:00:00,0,0.1636013
35.750004,-117.84999,2019-10-17 00:00:00,0,0.38153124
35.750004,-117.75,2019-10-17 00:00:00,0,0.39416093
35.750004,-117.649994,2019-10-17 00:00:00,0,0.24691886
35.750004,-117.549995,2019-10-17 00:00:00,0,0.035341077
35.750004,-117.45,2019-10-17 00:00:00,0,0.055307858
35.750004,-117.34999,2019-10-17 00:00:00,0,0.30697435
35.750004,-117.25,2019-10-17 00:00:00,0,0.15806909
35.750004,-117.149994,2019-10-17 00:00:00,0,0.09034296
35.750004,-117.049995,2019-10-17 00:00:00,0,0.19987507
35.750004,-116.95,2019-10-17 00:00:00,0,0.19309263
35.750004,-116.84999,2019-10-17 00:00:00,0,0.11677969
35.750004,-116.75,2019-10-17 00:00:00,0,0.04805754
35.750004,-116.649994,2019-10-17 00:00:00,0,0.025137898
35.750004,-116.549995,2019-10-17 00:00:00,0,0.015820524
35.750004,-116.45,2019-10-17 00:00:00,0,0.066751204
35.750004,-116.34999,2019-10-17 00:00:00,0,0.16939816
35.750004,-116.25,2019-10-17 00:00:00,0,0.35250458
35.750004,-116.149994,2019-10-17 00:00:00,0,0.47459817
35.750004,-116.049995,2019-10-17 00:00:00,0,0.6215435
35.750004,-115.95,2019-10-17 00:00:00,0,0.67429256
35.750004,-115.85,2019-10-17 00:00:00,0,0.46519744
35.750004,-115.74999,2019-10-17 00:00:00,0,0.43205538
35.750004,-115.649994,2019-10-17 00:00:00,0,0.5337674
35.750004,-115.549995,2019-10-17 00:00:00,0,0.0
35.750004,-115.45,2019-10-17 00:00:00,0,0.0
35.750004,-115.35,2019-10-17 00:00:00,0,0.0
35.750004,-115.24999,2019-10-17 00:00:00,0,0.0
35.750004,-115.149994,2019-10-17 00:00:00,0,0.0
35.750004,-115.049995,2019-10-17 00:00:00,0,0.0
35.750004,-114.95,2019-10-17 00:00:00,0,0.0
35.750004,-114.85,2019-10-17 00:00:00,0,0.0
35.750004,-114.74999,2019-10-17 00:00:00,0,0.0
35.750004,-114.649994,2019-10-17 00:00:00,0,0.0
35.750004,-114.549995,2019-10-17 00:00:00,0,0.0
35.750004,-114.45,2019-10-17 00:00:00,0,0.0
35.750004,-114.35,2019-10-17 00:00:00,0,0.0
35.750004,-114.24999,2019-10-17 00:00:00,0,0.0
35.850002,-124.34999,2019-10-17 00:00:00,0,0.0
35.850002,-124.25,2019-10-17 00:00:00,0,0.0
35.850002,-124.149994,2019-10-17 00:00:00,0,0.0
35.850002,-124.049995,2019-10-17 00:00:00,0,0.0
35.850002,-123.95,2019-10-17 00:00:00,0,0.0
35.850002,-123.84999,2019-10-17 00:00:00,0,0.0
35.850002,-123.75,2019-10-17 00:00:00,0,0.0
35.850002,-123.649994,2019-10-17 00:00:00,0,0.0
35.850002,-123.549995,2019-10-17 00:00:00,0,0.0
35.850002,-123.45,2019-10-17 00:00:00,0,0.0
35.850002,-123.34999,2019-10-17 00:00:00,0,0.0
35.850002,-123.25,2019-10-17 00:00:00,0,0.0
35.850002,-123.149994,2019-10-17 00:00:00,0,0.0
35.850002,-123.049995,2019-10-17 00:00:00,0,0.0
35.850002,-122.95,2019-10-17 00:00:00,0,0.0
35.850002,-122.84999,2019-10-17 00:00:00,0,0.0
35.850002,-122.75,2019-10-17 00:00:00,0,0.0
35.850002,-122.649994,2019-10-17 00:00:00,0,0.0
35.850002,-122.549995,2019-10-17 00:00:00,0,0.0
35.850002,-122.45,2019-10-17 00:00:00,0,0.0
35.850002,-122.34999,2019-10-17 00:00:00,0,0.0
35.850002,-122.25,2019-10-17 00:00:00,0,0.0
35.850002,-122.149994,2019-10-17 00:00:00,0,0.0
35.850002,-122.049995,2019-10-17 00:00:00,0,0.0
35.850002,-121.95,2019-10-17 00:00:00,0,0.0
35.850002,-121.84999,2019-10-17 00:00:00,0,0.0
35.850002,-121.75,2019-10-17 00:00:00,0,0.0
35.850002,-121.649994,2019-10-17 00:00:00,0,0.0
35.850002,-121.549995,2019-10-17 00:00:00,0,0.0
35.850002,-121.45,2019-10-17 00:00:00,0,0.0
35.850002,-121.34999,2019-10-17 00:00:00,0,1.2469705
35.850002,-121.25,2019-10-17 00:00:00,0,0.5167587
35.850002,-121.149994,2019-10-17 00:00:00,0,0.44482434
35.850002,-121.049995,2019-10-17 00:00:00,0,0.4229595
35.850002,-120.95,2019-10-17 00:00:00,0,0.58499146
35.850002,-120.84999,2019-10-17 00:00:00,0,0.7743177
35.850002,-120.75,2019-10-17 00:00:00,0,0.66653085
35.850002,-120.649994,2019-10-17 00:00:00,0,0.58259904
35.850002,-120.549995,2019-10-17 00:00:00,0,0.22853726
35.850002,-120.45,2019-10-17 00:00:00,0,0.22186202
35.850002,-120.34999,2019-10-17 00:00:00,0,0.3701486
35.850002,-120.25,2019-10-17 00:00:00,0,0.38918737
35.850002,-120.149994,2019-10-17 00:00:00,0,1.0437815
35.850002,-120.049995,2019-10-17 00:00:00,0,0.9877082
35.850002,-119.95,2019-10-17 00:00:00,0,0.5017761
35.850002,-119.84999,2019-10-17 00:00:00,0,0.26261503
35.850002,-119.75,2019-10-17 00:00:00,0,0.27480966
35.850002,-119.649994,2019-10-17 00:00:00,0,0.28481236
35.850002,-119.549995,2019-10-17 00:00:00,0,0.098932005
35.850002,-119.45,2019-10-17 00:00:00,0,0.0824367
35.850002,-119.34999,2019-10-17 00:00:00,0,0.2847011
35.850002,-119.25,2019-10-17 00:00:00,0,0.19989976
35.850002,-119.149994,2019-10-17 00:00:00,0,0.1902901
35.850002,-119.049995,2019-10-17 00:00:00,0,0.09690706
35.850002,-118.95,2019-10-17 00:00:00,0,0.38510388
35.850002,-118.84999,2019-10-17 00:00:00,0,0.53024095
35.850002,-118.75,2019-10-17 00:00:00,0,0.48057312
35.850002,-118.649994,2019-10-17 00:00:00,0,0.393906
35.850002,-118.549995,2019-10-17 00:00:00,0,0.3133768
35.850002,-118.45,2019-10-17 00:00:00,0,0.5957146
35.850002,-118.34999,2019-10-17 00:00:00,0,1.1256627
35.850002,-118.25,2019-10-17 00:00:00,0,0.5342514
35.850002,-118.149994,2019-10-17 00:00:00,0,0.107557006
35.850002,-118.049995,2019-10-17 00:00:00,0,0.023161273
35.850002,-117.95,2019-10-17 00:00:00,0,0.06407255
35.850002,-117.84999,2019-10-17 00:00:00,0,0.20837246
35.850002,-117.75,2019-10-17 00:00:00,0,0.1149588
35.850002,-117.649994,2019-10-17 00:00:00,0,0.04796211
35.850002,-117.549995,2019-10-17 00:00:00,0,0.03749311
35.850002,-117.45,2019-10-17 00:00:00,0,0.093257256
35.850002,-117.34999,2019-10-17 00:00:00,0,0.35725835
35.850002,-117.25,2019-10-17 00:00:00,0,0.25383928
35.850002,-117.149994,2019-10-17 00:00:00,0,0.25694367
35.850002,-117.049995,2019-10-17 00:00:00,0,0.5593867
35.850002,-116.95,2019-10-17 00:00:00,0,0.2552592
35.850002,-116.84999,2019-10-17 00:00:00,0,0.09945404
35.850002,-116.75,2019-10-17 00:00:00,0,0.12150585
35.850002,-116.649994,2019-10-17 00:00:00,0,0.083657995
35.850002,-116.549995,2019-10-17 00:00:00,0,0.03444517
35.850002,-116.45,2019-10-17 00:00:00,0,0.07197635
35.850002,-116.34999,2019-10-17 00:00:00,0,0.15722753
35.850002,-116.25,2019-10-17 00:00:00,0,0.732047
35.850002,-116.149994,2019-10-17 00:00:00,0,0.6618068
35.850002,-116.049995,2019-10-17 00:00:00,0,0.616966
35.850002,-115.95,2019-10-17 00:00:00,0,1.0884358
35.850002,-115.85,2019-10-17 00:00:00,0,0.52091444
35.850002,-115.74999,2019-10-17 00:00:00,0,1.1684179
35.850002,-115.649994,2019-10-17 00:00:00,0,0.0
35.850002,-115.549995,2019-10-17 00:00:00,0,0.0
35.850002,-115.45,2019-10-17 00:00:00,0,0.0
35.850002,-115.35,2019-10-17 00:00:00,0,0.0
35.850002,-115.24999,2019-10-17 00:00:00,0,0.0
35.850002,-115.149994,2019-10-17 00:00:00,0,0.0
35.850002,-115.049995,2019-10-17 00:00:00,0,0.0
35.850002,-114.95,2019-10-17 00:00:00,0,0.0
35.850002,-114.85,2019-10-17 00:00:00,0,0.0
35.850002,-114.74999,2019-10-17 00:00:00,0,0.0
35.850002,-114.649994,2019-10-17 00:00:00,0,0.0
35.850002,-114.549995,2019-10-17 00:00:00,0,0.0
35.850002,-114.45,2019-10-17 00:00:00,0,0.0
35.850002,-114.35,2019-10-17 00:00:00,0,0.0
35.850002,-114.24999,2019-10-17 00:00:00,0,0.0
35.95,-124.34999,2019-10-17 00:00:00,0,0.0
35.95,-124.25,2019-10-17 00:00:00,0,0.0
35.95,-124.149994,2019-10-17 00:00:00,0,0.0
35.95,-124.049995,2019-10-17 00:00:00,0,0.0
35.95,-123.95,2019-10-17 00:00:00,0,0.0
35.95,-123.84999,2019-10-17 00:00:00,0,0.0
35.95,-123.75,2019-10-17 00:00:00,0,0.0
35.95,-123.649994,2019-10-17 00:00:00,0,0.0
35.95,-123.549995,2019-10-17 00:00:00,0,0.0
35.95,-123.45,2019-10-17 00:00:00,0,0.0
35.95,-123.34999,2019-10-17 00:00:00,0,0.0
35.95,-123.25,2019-10-17 00:00:00,0,0.0
35.95,-123.149994,2019-10-17 00:00:00,0,0.0
35.95,-123.049995,2019-10-17 00:00:00,0,0.0
35.95,-122.95,2019-10-17 00:00:00,0,0.0
35.95,-122.84999,2019-10-17 00:00:00,0,0.0
35.95,-122.75,2019-10-17 00:00:00,0,0.0
35.95,-122.649994,2019-10-17 00:00:00,0,0.0
35.95,-122.549995,2019-10-17 00:00:00,0,0.0
35.95,-122.45,2019-10-17 00:00:00,0,0.0
35.95,-122.34999,2019-10-17 00:00:00,0,0.0
35.95,-122.25,2019-10-17 00:00:00,0,0.0
35.95,-122.149994,2019-10-17 00:00:00,0,0.0
35.95,-122.049995,2019-10-17 00:00:00,0,0.0
35.95,-121.95,2019-10-17 00:00:00,0,0.0
35.95,-121.84999,2019-10-17 00:00:00,0,0.0
35.95,-121.75,2019-10-17 00:00:00,0,0.0
35.95,-121.649994,2019-10-17 00:00:00,0,0.0
35.95,-121.549995,2019-10-17 00:00:00,0,0.0
35.95,-121.45,2019-10-17 00:00:00,0,1.5234345
35.95,-121.34999,2019-10-17 00:00:00,0,3.2970684
35.95,-121.25,2019-10-17 00:00:00,0,1.4552008
35.95,-121.149994,2019-10-17 00:00:00,0,0.4344326
35.95,-121.049995,2019-10-17 00:00:00,0,0.2635531
35.95,-120.95,2019-10-17 00:00:00,0,0.47084928
35.95,-120.84999,2019-10-17 00:00:00,0,0.6734296
35.95,-120.75,2019-10-17 00:00:00,0,0.66557705
35.95,-120.649994,2019-10-17 00:00:00,0,0.7965834
35.95,-120.549995,2019-10-17 00:00:00,0,0.34745738
35.95,-120.45,2019-10-17 00:00:00,0,0.16906884
35.95,-120.34999,2019-10-17 00:00:00,0,0.1895802
35.95,-120.25,2019-10-17 00:00:00,0,0.2319225
35.95,-120.149994,2019-10-17 00:00:00,0,0.4870614
35.95,-120.049995,2019-10-17 00:00:00,0,0.9547486
35.95,-119.95,2019-10-17 00:00:00,0,0.66089976
35.95,-119.84999,2019-10-17 00:00:00,0,0.3081585
35.95,-119.75,2019-10-17 00:00:00,0,0.3295952
35.95,-119.649994,2019-10-17 00:00:00,0,0.28638035
35.95,-119.549995,2019-10-17 00:00:00,0,0.17044759
35.95,-119.45,2019-10-17 00:00:00,0,0.06821238
35.95,-119.34999,2019-10-17 00:00:00,0,0.10925293
35.95,-119.25,2019-10-17 00:00:00,0,0.1749034
35.95,-119.149994,2019-10-17 00:00:00,0,0.35713872
35.95,-119.049995,2019-10-17 00:00:00,0,0.27721494
35.95,-118.95,2019-10-17 00:00:00,0,0.44095758
35.95,-118.84999,2019-10-17 00:00:00,0,0.24448654
35.95,-118.75,2019-10-17 00:00:00,0,0.29954377
35.95,-118.649994,2019-10-17 00:00:00,0,0.16332406
35.95,-118.549995,2019-10-17 00:00:00,0,0.35398224
35.95,-118.45,2019-10-17 00:00:00,0,0.9328691
35.95,-118.34999,2019-10-17 00:00:00,0,0.5757612
35.95,-118.25,2019-10-17 00:00:00,0,0.19468209
35.95,-118.149994,2019-10-17 00:00:00,0,0.073023856
35.95,-118.049995,2019-10-17 00:00:00,0,0.026727788
35.95,-117.95,2019-10-17 00:00:00,0,0.05966358
35.95,-117.84999,2019-10-17 00:00:00,0,0.2201477
35.95,-117.75,2019-10-17 00:00:00,0,0.0711775
35.95,-117.649994,2019-10-17 00:00:00,0,0.0328599
35.95,-117.549995,2019-10-17 00:00:00,0,0.1542691
35.95,-117.45,2019-10-17 00:00:00,0,0.20849852
35.95,-117.34999,2019-10-17 00:00:00,0,0.43155116
35.95,-117.25,2019-10-17 00:00:00,0,0.29497573
35.95,-117.149994,2019-10-17 00:00:00,0,0.14419374
35.95,-117.049995,2019-10-17 00:00:00,0,0.13360503
35.95,-116.95,2019-10-17 00:00:00,0,0.06911775
35.95,-116.84999,2019-10-17 00:00:00,0,0.08828223
35.95,-116.75,2019-10-17 00:00:00,0,0.14759453
35.95,-116.649994,2019-10-17 00:00:00,0,0.073726594
35.95,-116.549995,2019-10-17 00:00:00,0,0.08506021
35.95,-116.45,2019-10-17 00:00:00,0,0.27049524
35.95,-116.34999,2019-10-17 00:00:00,0,0.11033546
35.95,-116.25,2019-10-17 00:00:00,0,0.2793951
35.95,-116.149994,2019-10-17 00:00:00,0,0.24607775
35.95,-116.049995,2019-10-17 00:00:00,0,0.27675632
35.95,-115.95,2019-10-17 00:00:00,0,0.41824123
35.95,-115.85,2019-10-17 00:00:00,0,0.8266589
35.95,-115.74999,2019-10-17 00:00:00,0,0.0
35.95,-115.649994,2019-10-17 00:00:00,0,0.0
35.95,-115.549995,2019-10-17 00:00:00,0,0.0
35.95,-115.45,2019-10-17 00:00:00,0,0.0
35.95,-115.35,2019-10-17 00:00:00,0,0.0
35.95,-115.24999,2019-10-17 00:00:00,0,0.0
35.95,-115.149994,2019-10-17 00:00:00,0,0.0
35.95,-115.049995,2019-10-17 00:00:00,0,0.0
35.95,-114.95,2019-10-17 00:00:00,0,0.0
35.95,-114.85,2019-10-17 00:00:00,0,0.0
35.95,-114.74999,2019-10-17 00:00:00,0,0.0
35.95,-114.649994,2019-10-17 00:00:00,0,0.0
35.95,-114.549995,2019-10-17 00:00:00,0,0.0
35.95,-114.45,2019-10-17 00:00:00,0,0.0
35.95,-114.35,2019-10-17 00:00:00,0,0.0
35.95,-114.24999,2019-10-17 00:00:00,0,0.0
36.05,-124.34999,2019-10-17 00:00:00,0,0.0
36.05,-124.25,2019-10-17 00:00:00,0,0.0
36.05,-124.149994,2019-10-17 00:00:00,0,0.0
36.05,-124.049995,2019-10-17 00:00:00,0,0.0
36.05,-123.95,2019-10-17 00:00:00,0,0.0
36.05,-123.84999,2019-10-17 00:00:00,0,0.0
36.05,-123.75,2019-10-17 00:00:00,0,0.0
36.05,-123.649994,2019-10-17 00:00:00,0,0.0
36.05,-123.549995,2019-10-17 00:00:00,0,0.0
36.05,-123.45,2019-10-17 00:00:00,0,0.0
36.05,-123.34999,2019-10-17 00:00:00,0,0.0
36.05,-123.25,2019-10-17 00:00:00,0,0.0
36.05,-123.149994,2019-10-17 00:00:00,0,0.0
36.05,-123.049995,2019-10-17 00:00:00,0,0.0
36.05,-122.95,2019-10-17 00:00:00,0,0.0
36.05,-122.84999,2019-10-17 00:00:00,0,0.0
36.05,-122.75,2019-10-17 00:00:00,0,0.0
36.05,-122.649994,2019-10-17 00:00:00,0,0.0
36.05,-122.549995,2019-10-17 00:00:00,0,0.0
36.05,-122.45,2019-10-17 00:00:00,0,0.0
36.05,-122.34999,2019-10-17 00:00:00,0,0.0
36.05,-122.25,2019-10-17 00:00:00,0,0.0
36.05,-122.149994,2019-10-17 00:00:00,0,0.0
36.05,-122.049995,2019-10-17 00:00:00,0,0.0
36.05,-121.95,2019-10-17 00:00:00,0,0.0
36.05,-121.84999,2019-10-17 00:00:00,0,0.0
36.05,-121.75,2019-10-17 00:00:00,0,0.0
36.05,-121.649994,2019-10-17 00:00:00,0,0.0
36.05,-121.549995,2019-10-17 00:00:00,0,0.1375222
36.05,-121.45,2019-10-17 00:00:00,0,0.35487795
36.05,-121.34999,2019-10-17 00:00:00,0,1.4991317
36.05,-121.25,2019-10-17 00:00:00,0,2.7738876
36.05,-121.149994,2019-10-17 00:00:00,0,0.870724
36.05,-121.049995,2019-10-17 00:00:00,0,0.4004869
36.05,-120.95,2019-10-17 00:00:00,0,0.3916174
36.05,-120.84999,2019-10-17 00:00:00,0,0.55652505
36.05,-120.75,2019-10-17 00:00:00,0,0.69658756
36.05,-120.649994,2019-10-17 00:00:00,0,0.8794071
36.05,-120.549995,2019-10-17 00:00:00,0,0.78453887
36.05,-120.45,2019-10-17 00:00:00,0,0.4338184
36.05,-120.34999,2019-10-17 00:00:00,0,0.37953478
36.05,-120.25,2019-10-17 00:00:00,0,0.10315033
36.05,-120.149994,2019-10-17 00:00:00,0,0.124929294
36.05,-120.049995,2019-10-17 00:00:00,0,0.30405527
36.05,-119.95,2019-10-17 00:00:00,0,0.29543975
36.05,-119.84999,2019-10-17 00:00:00,0,0.16546628
36.05,-119.75,2019-10-17 00:00:00,0,0.28328794
36.05,-119.649994,2019-10-17 00:00:00,0,0.30347443
36.05,-119.549995,2019-10-17 00:00:00,0,0.28233144
36.05,-119.45,2019-10-17 00:00:00,0,0.15524441
36.05,-119.34999,2019-10-17 00:00:00,0,0.13147867
36.05,-119.25,2019-10-17 00:00:00,0,0.19323123
36.05,-119.149994,2019-10-17 00:00:00,0,0.19893305
36.05,-119.049995,2019-10-17 00:00:00,0,0.21395285
36.05,-118.95,2019-10-17 00:00:00,0,0.47217488
36.05,-118.84999,2019-10-17 00:00:00,0,0.26483953
36.05,-118.75,2019-10-17 00:00:00,0,0.2678727
36.05,-118.649994,2019-10-17 00:00:00,0,0.40994468
36.05,-118.549995,2019-10-17 00:00:00,0,0.6394683
36.05,-118.45,2019-10-17 00:00:00,0,0.6733788
36.05,-118.34999,2019-10-17 00:00:00,0,0.64029
36.05,-118.25,2019-10-17 00:00:00,0,0.34389755
36.05,-118.149994,2019-10-17 00:00:00,0,0.24176748
36.05,-118.049995,2019-10-17 00:00:00,0,0.14112464
36.05,-117.95,2019-10-17 00:00:00,0,0.14037897
36.05,-117.84999,2019-10-17 00:00:00,0,0.08769706
36.05,-117.75,2019-10-17 00:00:00,0,0.054575555
36.05,-117.649994,2019-10-17 00:00:00,0,0.06822588
36.05,-117.549995,2019-10-17 00:00:00,0,0.15008353
36.05,-117.45,2019-10-17 00:00:00,0,0.14770037
36.05,-117.34999,2019-10-17 00:00:00,0,0.2369295
36.05,-117.25,2019-10-17 00:00:00,0,0.1537754
36.05,-117.149994,2019-10-17 00:00:00,0,0.10664882
36.05,-117.049995,2019-10-17 00:00:00,0,0.16636643
36.05,-116.95,2019-10-17 00:00:00,0,0.1568678
36.05,-116.84999,2019-10-17 00:00:00,0,0.31314385
36.05,-116.75,2019-10-17 00:00:00,0,0.18071541
36.05,-116.649994,2019-10-17 00:00:00,0,0.12542203
36.05,-116.549995,2019-10-17 00:00:00,0,0.1882706
36.05,-116.45,2019-10-17 00:00:00,0,0.5008341
36.05,-116.34999,2019-10-17 00:00:00,0,0.15375388
36.05,-116.25,2019-10-17 00:00:00,0,0.17099604
36.05,-116.149994,2019-10-17 00:00:00,0,0.38938072
36.05,-116.049995,2019-10-17 00:00:00,0,0.40868652
36.05,-115.95,2019-10-17 00:00:00,0,0.0
36.05,-115.85,2019-10-17 00:00:00,0,0.0
36.05,-115.74999,2019-10-17 00:00:00,0,0.0
36.05,-115.649994,2019-10-17 00:00:00,0,0.0
36.05,-115.549995,2019-10-17 00:00:00,0,0.0
36.05,-115.45,2019-10-17 00:00:00,0,0.0
36.05,-115.35,2019-10-17 00:00:00,0,0.0
36.05,-115.24999,2019-10-17 00:00:00,0,0.0
36.05,-115.149994,2019-10-17 00:00:00,0,0.0
36.05,-115.049995,2019-10-17 00:00:00,0,0.0
36.05,-114.95,2019-10-17 00:00:00,0,0.0
36.05,-114.85,2019-10-17 00:00:00,0,0.0
36.05,-114.74999,2019-10-17 00:00:00,0,0.0
36.05,-114.649994,2019-10-17 00:00:00,0,0.0
36.05,-114.549995,2019-10-17 00:00:00,0,0.0
36.05,-114.45,2019-10-17 00:00:00,0,0.0
36.05,-114.35,2019-10-17 00:00:00,0,0.0
36.05,-114.24999,2019-10-17 00:00:00,0,0.0
36.149998,-124.34999,2019-10-17 00:00:00,0,0.0
36.149998,-124.25,2019-10-17 00:00:00,0,0.0
36.149998,-124.149994,2019-10-17 00:00:00,0,0.0
36.149998,-124.049995,2019-10-17 00:00:00,0,0.0
36.149998,-123.95,2019-10-17 00:00:00,0,0.0
36.149998,-123.84999,2019-10-17 00:00:00,0,0.0
36.149998,-123.75,2019-10-17 00:00:00,0,0.0
36.149998,-123.649994,2019-10-17 00:00:00,0,0.0
36.149998,-123.549995,2019-10-17 00:00:00,0,0.0
36.149998,-123.45,2019-10-17 00:00:00,0,0.0
36.149998,-123.34999,2019-10-17 00:00:00,0,0.0
36.149998,-123.25,2019-10-17 00:00:00,0,0.0
36.149998,-123.149994,2019-10-17 00:00:00,0,0.0
36.149998,-123.049995,2019-10-17 00:00:00,0,0.0
36.149998,-122.95,2019-10-17 00:00:00,0,0.0
36.149998,-122.84999,2019-10-17 00:00:00,0,0.0
36.149998,-122.75,2019-10-17 00:00:00,0,0.0
36.149998,-122.649994,2019-10-17 00:00:00,0,0.0
36.149998,-122.549995,2019-10-17 00:00:00,0,0.0
36.149998,-122.45,2019-10-17 00:00:00,0,0.0
36.149998,-122.34999,2019-10-17 00:00:00,0,0.0
36.149998,-122.25,2019-10-17 00:00:00,0,0.0
36.149998,-122.149994,2019-10-17 00:00:00,0,0.0
36.149998,-122.049995,2019-10-17 00:00:00,0,0.0
36.149998,-121.95,2019-10-17 00:00:00,0,0.0
36.149998,-121.84999,2019-10-17 00:00:00,0,0.0
36.149998,-121.75,2019-10-17 00:00:00,0,0.0
36.149998,-121.649994,2019-10-17 00:00:00,0,0.18170922
36.149998,-121.549995,2019-10-17 00:00:00,0,0.14513147
36.149998,-121.45,2019-10-17 00:00:00,0,0.26246
36.149998,-121.34999,2019-10-17 00:00:00,0,0.53327584
36.149998,-121.25,2019-10-17 00:00:00,0,1.022857
36.149998,-121.149994,2019-10-17 00:00:00,0,0.7067966
36.149998,-121.049995,2019-10-17 00:00:00,0,0.69121933
36.149998,-120.95,2019-10-17 00:00:00,0,0.4217149
36.149998,-120.84999,2019-10-17 00:00:00,0,0.37229094
36.149998,-120.75,2019-10-17 00:00:00,0,0.50147504
36.149998,-120.649994,2019-10-17 00:00:00,0,0.6981675
36.149998,-120.549995,2019-10-17 00:00:00,0,0.7112965
36.149998,-120.45,2019-10-17 00:00:00,0,0.5255153
36.149998,-120.34999,2019-10-17 00:00:00,0,0.50363475
36.149998,-120.25,2019-10-17 00:00:00,0,0.28043202
36.149998,-120.149994,2019-10-17 00:00:00,0,0.16579184
36.149998,-120.049995,2019-10-17 00:00:00,0,0.23938388
36.149998,-119.95,2019-10-17 00:00:00,0,0.27097115
36.149998,-119.84999,2019-10-17 00:00:00,0,0.2536794
36.149998,-119.75,2019-10-17 00:00:00,0,0.22660238
36.149998,-119.649994,2019-10-17 00:00:00,0,0.31579155
36.149998,-119.549995,2019-10-17 00:00:00,0,0.26815516
36.149998,-119.45,2019-10-17 00:00:00,0,0.10734444
36.149998,-119.34999,2019-10-17 00:00:00,0,0.11911236
36.149998,-119.25,2019-10-17 00:00:00,0,0.13291202
36.149998,-119.149994,2019-10-17 00:00:00,0,0.15797354
36.149998,-119.049995,2019-10-17 00:00:00,0,0.11170558
36.149998,-118.95,2019-10-17 00:00:00,0,0.5911683
36.149998,-118.84999,2019-10-17 00:00:00,0,0.45838517
36.149998,-118.75,2019-10-17 00:00:00,0,0.46856013
36.149998,-118.649994,2019-10-17 00:00:00,0,1.3074932
36.149998,-118.549995,2019-10-17 00:00:00,0,2.529667
36.149998,-118.45,2019-10-17 00:00:00,0,2.1622486
36.149998,-118.34999,2019-10-17 00:00:00,0,0.9715389
36.149998,-118.25,2019-10-17 00:00:00,0,0.27614254
36.149998,-118.149994,2019-10-17 00:00:00,0,0.10961302
36.149998,-118.049995,2019-10-17 00:00:00,0,0.2478535
36.149998,-117.95,2019-10-17 00:00:00,0,0.1996402
36.149998,-117.84999,2019-10-17 00:00:00,0,0.050933156
36.149998,-117.75,2019-10-17 00:00:00,0,0.034767278
36.149998,-117.649994,2019-10-17 00:00:00,0,0.16110376
36.149998,-117.549995,2019-10-17 00:00:00,0,0.62880343
36.149998,-117.45,2019-10-17 00:00:00,0,0.37955412
36.149998,-117.34999,2019-10-17 00:00:00,0,0.20754717
36.149998,-117.25,2019-10-17 00:00:00,0,0.37263697
36.149998,-117.149994,2019-10-17 00:00:00,0,0.32278833
36.149998,-117.049995,2019-10-17 00:00:00,0,0.5031089
36.149998,-116.95,2019-10-17 00:00:00,0,0.14077103
36.149998,-116.84999,2019-10-17 00:00:00,0,0.08913511
36.149998,-116.75,2019-10-17 00:00:00,0,0.09452689
36.149998,-116.649994,2019-10-17 00:00:00,0,0.1699045
36.149998,-116.549995,2019-10-17 00:00:00,0,0.3459319
36.149998,-116.45,2019-10-17 00:00:00,0,0.8804822
36.149998,-116.34999,2019-10-17 00:00:00,0,0.21981251
36.149998,-116.25,2019-10-17 00:00:00,0,0.31677112
36.149998,-116.149994,2019-10-17 00:00:00,0,1.7275729
36.149998,-116.049995,2019-10-17 00:00:00,0,0.0
36.149998,-115.95,2019-10-17 00:00:00,0,0.0
36.149998,-115.85,2019-10-17 00:00:00,0,0.0
36.149998,-115.74999,2019-10-17 00:00:00,0,0.0
36.149998,-115.649994,2019-10-17 00:00:00,0,0.0
36.149998,-115.549995,2019-10-17 00:00:00,0,0.0
36.149998,-115.45,2019-10-17 00:00:00,0,0.0
36.149998,-115.35,2019-10-17 00:00:00,0,0.0
36.149998,-115.24999,2019-10-17 00:00:00,0,0.0
36.149998,-115.149994,2019-10-17 00:00:00,0,0.0
36.149998,-115.049995,2019-10-17 00:00:00,0,0.0
36.149998,-114.95,2019-10-17 00:00:00,0,0.0
36.149998,-114.85,2019-10-17 00:00:00,0,0.0
36.149998,-114.74999,2019-10-17 00:00:00,0,0.0
36.149998,-114.649994,2019-10-17 00:00:00,0,0.0
36.149998,-114.549995,2019-10-17 00:00:00,0,0.0
36.149998,-114.45,2019-10-17 00:00:00,0,0.0
36.149998,-114.35,2019-10-17 00:00:00,0,0.0
36.149998,-114.24999,2019-10-17 00:00:00,0,0.0
36.250004,-124.34999,2019-10-17 00:00:00,0,0.0
36.250004,-124.25,2019-10-17 00:00:00,0,0.0
36.250004,-124.149994,2019-10-17 00:00:00,0,0.0
36.250004,-124.049995,2019-10-17 00:00:00,0,0.0
36.250004,-123.95,2019-10-17 00:00:00,0,0.0
36.250004,-123.84999,2019-10-17 00:00:00,0,0.0
36.250004,-123.75,2019-10-17 00:00:00,0,0.0
36.250004,-123.649994,2019-10-17 00:00:00,0,0.0
36.250004,-123.549995,2019-10-17 00:00:00,0,0.0
36.250004,-123.45,2019-10-17 00:00:00,0,0.0
36.250004,-123.34999,2019-10-17 00:00:00,0,0.0
36.250004,-123.25,2019-10-17 00:00:00,0,0.0
36.250004,-123.149994,2019-10-17 00:00:00,0,0.0
36.250004,-123.049995,2019-10-17 00:00:00,0,0.0
36.250004,-122.95,2019-10-17 00:00:00,0,0.0
36.250004,-122.84999,2019-10-17 00:00:00,0,0.0
36.250004,-122.75,2019-10-17 00:00:00,0,0.0
36.250004,-122.649994,2019-10-17 00:00:00,0,0.0
36.250004,-122.549995,2019-10-17 00:00:00,0,0.0
36.250004,-122.45,2019-10-17 00:00:00,0,0.0
36.250004,-122.34999,2019-10-17 00:00:00,0,0.0
36.250004,-122.25,2019-10-17 00:00:00,0,0.0
36.250004,-122.149994,2019-10-17 00:00:00,0,0.0
36.250004,-122.049995,2019-10-17 00:00:00,0,0.0
36.250004,-121.95,2019-10-17 00:00:00,0,0.0
36.250004,-121.84999,2019-10-17 00:00:00,0,0.0
36.250004,-121.75,2019-10-17 00:00:00,0,0.2933401
36.250004,-121.649994,2019-10-17 00:00:00,0,0.23500742
36.250004,-121.549995,2019-10-17 00:00:00,0,0.46306264
36.250004,-121.45,2019-10-17 00:00:00,0,0.46777308
36.250004,-121.34999,2019-10-17 00:00:00,0,0.28410414
36.250004,-121.25,2019-10-17 00:00:00,0,0.3840251
36.250004,-121.149994,2019-10-17 00:00:00,0,0.47603008
36.250004,-121.049995,2019-10-17 00:00:00,0,0.63213116
36.250004,-120.95,2019-10-17 00:00:00,0,0.88924974
36.250004,-120.84999,2019-10-17 00:00:00,0,0.5192591
36.250004,-120.75,2019-10-17 00:00:00,0,0.32656577
36.250004,-120.649994,2019-10-17 00:00:00,0,0.52772516
36.250004,-120.549995,2019-10-17 00:00:00,0,0.76226383
36.250004,-120.45,2019-10-17 00:00:00,0,0.6795316
36.250004,-120.34999,2019-10-17 00:00:00,0,0.679533
36.250004,-120.25,2019-10-17 00:00:00,0,0.4159732
36.250004,-120.149994,2019-10-17 00:00:00,0,0.25192964
36.250004,-120.049995,2019-10-17 00:00:00,0,0.24498257
36.250004,-119.95,2019-10-17 00:00:00,0,0.44205886
36.250004,-119.84999,2019-10-17 00:00:00,0,0.59049934
36.250004,-119.75,2019-10-17 00:00:00,0,0.2851121
36.250004,-119.649994,2019-10-17 00:00:00,0,0.45403162
36.250004,-119.549995,2019-10-17 00:00:00,0,0.629639
36.250004,-119.45,2019-10-17 00:00:00,0,0.17987448
36.250004,-119.34999,2019-10-17 00:00:00,0,0.18304035
36.250004,-119.25,2019-10-17 00:00:00,0,0.27399838
36.250004,-119.149994,2019-10-17 00:00:00,0,0.14354247
36.250004,-119.049995,2019-10-17 00:00:00,0,0.09424347
36.250004,-118.95,2019-10-17 00:00:00,0,0.0040813917
36.250004,-118.84999,2019-10-17 00:00:00,0,0.03479487
36.250004,-118.75,2019-10-17 00:00:00,0,0.6791646
36.250004,-118.649994,2019-10-17 00:00:00,0,1.8307395
36.250004,-118.549995,2019-10-17 00:00:00,0,3.1686814
36.250004,-118.45,2019-10-17 00:00:00,0,3.2895112
36.250004,-118.34999,2019-10-17 00:00:00,0,1.5815301
36.250004,-118.25,2019-10-17 00:00:00,0,0.42677605
36.250004,-118.149994,2019-10-17 00:00:00,0,0.20154065
36.250004,-118.049995,2019-10-17 00:00:00,0,0.23329836
36.250004,-117.95,2019-10-17 00:00:00,0,0.22200784
36.250004,-117.84999,2019-10-17 00:00:00,0,0.14261858
36.250004,-117.75,2019-10-17 00:00:00,0,0.14203878
36.250004,-117.649994,2019-10-17 00:00:00,0,0.32086274
36.250004,-117.549995,2019-10-17 00:00:00,0,0.61928487
36.250004,-117.45,2019-10-17 00:00:00,0,0.29360625
36.250004,-117.34999,2019-10-17 00:00:00,0,0.20120305
36.250004,-117.25,2019-10-17 00:00:00,0,0.8654076
36.250004,-117.149994,2019-10-17 00:00:00,0,0.39443862
36.250004,-117.049995,2019-10-17 00:00:00,0,0.13327819
36.250004,-116.95,2019-10-17 00:00:00,0,0.06792197
36.250004,-116.84999,2019-10-17 00:00:00,0,0.055960402
36.250004,-116.75,2019-10-17 00:00:00,0,0.23870997
36.250004,-116.649994,2019-10-17 00:00:00,0,0.44458157
36.250004,-116.549995,2019-10-17 00:00:00,0,0.32845277
36.250004,-116.45,2019-10-17 00:00:00,0,0.5591278
36.250004,-116.34999,2019-10-17 00:00:00,0,0.2555058
36.250004,-116.25,2019-10-17 00:00:00,0,0.40648675
36.250004,-116.149994,2019-10-17 00:00:00,0,0.0
36.250004,-116.049995,2019-10-17 00:00:00,0,0.0
36.250004,-115.95,2019-10-17 00:00:00,0,0.0
36.250004,-115.85,2019-10-17 00:00:00,0,0.0
36.250004,-115.74999,2019-10-17 00:00:00,0,0.0
36.250004,-115.649994,2019-10-17 00:00:00,0,0.0
36.250004,-115.549995,2019-10-17 00:00:00,0,0.0
36.250004,-115.45,2019-10-17 00:00:00,0,0.0
36.250004,-115.35,2019-10-17 00:00:00,0,0.0
36.250004,-115.24999,2019-10-17 00:00:00,0,0.0
36.250004,-115.149994,2019-10-17 00:00:00,0,0.0
36.250004,-115.049995,2019-10-17 00:00:00,0,0.0
36.250004,-114.95,2019-10-17 00:00:00,0,0.0
36.250004,-114.85,2019-10-17 00:00:00,0,0.0
36.250004,-114.74999,2019-10-17 00:00:00,0,0.0
36.250004,-114.649994,2019-10-17 00:00:00,0,0.0
36.250004,-114.549995,2019-10-17 00:00:00,0,0.0
36.250004,-114.45,2019-10-17 00:00:00,0,0.0
36.250004,-114.35,2019-10-17 00:00:00,0,0.0
36.250004,-114.24999,2019-10-17 00:00:00,0,0.0
36.350002,-124.34999,2019-10-17 00:00:00,0,0.0
36.350002,-124.25,2019-10-17 00:00:00,0,0.0
36.350002,-124.149994,2019-10-17 00:00:00,0,0.0
36.350002,-124.049995,2019-10-17 00:00:00,0,0.0
36.350002,-123.95,2019-10-17 00:00:00,0,0.0
36.350002,-123.84999,2019-10-17 00:00:00,0,0.0
36.350002,-123.75,2019-10-17 00:00:00,0,0.0
36.350002,-123.649994,2019-10-17 00:00:00,0,0.0
36.350002,-123.549995,2019-10-17 00:00:00,0,0.0
36.350002,-123.45,2019-10-17 00:00:00,0,0.0
36.350002,-123.34999,2019-10-17 00:00:00,0,0.0
36.350002,-123.25,2019-10-17 00:00:00,0,0.0
36.350002,-123.149994,2019-10-17 00:00:00,0,0.0
36.350002,-123.049995,2019-10-17 00:00:00,0,0.0
36.350002,-122.95,2019-10-17 00:00:00,0,0.0
36.350002,-122.84999,2019-10-17 00:00:00,0,0.0
36.350002,-122.75,2019-10-17 00:00:00,0,0.0
36.350002,-122.649994,2019-10-17 00:00:00,0,0.0
36.350002,-122.549995,2019-10-17 00:00:00,0,0.0
36.350002,-122.45,2019-10-17 00:00:00,0,0.0
36.350002,-122.34999,2019-10-17 00:00:00,0,0.0
36.350002,-122.25,2019-10-17 00:00:00,0,0.0
36.350002,-122.149994,2019-10-17 00:00:00,0,0.0
36.350002,-122.049995,2019-10-17 00:00:00,0,0.0
36.350002,-121.95,2019-10-17 00:00:00,0,0.0
36.350002,-121.84999,2019-10-17 00:00:00,0,0.3843591
36.350002,-121.75,2019-10-17 00:00:00,0,0.45462134
36.350002,-121.649994,2019-10-17 00:00:00,0,0.5275343
36.350002,-121.549995,2019-10-17 00:00:00,0,0.8248093
36.350002,-121.45,2019-10-17 00:00:00,0,0.67204607
36.350002,-121.34999,2019-10-17 00:00:00,0,0.6222619
36.350002,-121.25,2019-10-17 00:00:00,0,0.6399484
36.350002,-121.149994,2019-10-17 00:00:00,0,0.39244637
36.350002,-121.049995,2019-10-17 00:00:00,0,0.3779405
36.350002,-120.95,2019-10-17 00:00:00,0,0.6459294
36.350002,-120.84999,2019-10-17 00:00:00,0,0.48838422
36.350002,-120.75,2019-10-17 00:00:00,0,0.29042616
36.350002,-120.649994,2019-10-17 00:00:00,0,0.5476548
36.350002,-120.549995,2019-10-17 00:00:00,0,0.6002246
36.350002,-120.45,2019-10-17 00:00:00,0,0.531372
36.350002,-120.34999,2019-10-17 00:00:00,0,0.5735123
36.350002,-120.25,2019-10-17 00:00:00,0,1.0803655
36.350002,-120.149994,2019-10-17 00:00:00,0,1.3671321
36.350002,-120.049995,2019-10-17 00:00:00,0,0.7391801
36.350002,-119.95,2019-10-17 00:00:00,0,0.48450246
36.350002,-119.84999,2019-10-17 00:00:00,0,0.5603005
36.350002,-119.75,2019-10-17 00:00:00,0,0.34838486
36.350002,-119.649994,2019-10-17 00:00:00,0,0.30660683
36.350002,-119.549995,2019-10-17 00:00:00,0,0.5691608
36.350002,-119.45,2019-10-17 00:00:00,0,0.2558593
36.350002,-119.34999,2019-10-17 00:00:00,0,0.1580035
36.350002,-119.25,2019-10-17 00:00:00,0,0.08520275
36.350002,-119.149994,2019-10-17 00:00:00,0,0.14645343
36.350002,-119.049995,2019-10-17 00:00:00,0,0.010860366
36.350002,-118.95,2019-10-17 00:00:00,0,0.014755638
36.350002,-118.84999,2019-10-17 00:00:00,0,0.17884278
36.350002,-118.75,2019-10-17 00:00:00,0,0.37163398
36.350002,-118.649994,2019-10-17 00:00:00,0,0.85506177
36.350002,-118.549995,2019-10-17 00:00:00,0,1.5292764
36.350002,-118.45,2019-10-17 00:00:00,0,2.6586149
36.350002,-118.34999,2019-10-17 00:00:00,0,1.9014949
36.350002,-118.25,2019-10-17 00:00:00,0,0.66473013
36.350002,-118.149994,2019-10-17 00:00:00,0,0.624755
36.350002,-118.049995,2019-10-17 00:00:00,0,0.41867605
36.350002,-117.95,2019-10-17 00:00:00,0,0.16331856
36.350002,-117.84999,2019-10-17 00:00:00,0,0.13564157
36.350002,-117.75,2019-10-17 00:00:00,0,0.08217498
36.350002,-117.649994,2019-10-17 00:00:00,0,0.15146452
36.350002,-117.549995,2019-10-17 00:00:00,0,0.2741805
36.350002,-117.45,2019-10-17 00:00:00,0,0.11371162
36.350002,-117.34999,2019-10-17 00:00:00,0,0.055435807
36.350002,-117.25,2019-10-17 00:00:00,0,0.2288597
36.350002,-117.149994,2019-10-17 00:00:00,0,0.20915069
36.350002,-117.049995,2019-10-17 00:00:00,0,0.13967517
36.350002,-116.95,2019-10-17 00:00:00,0,0.048020367
36.350002,-116.84999,2019-10-17 00:00:00,0,0.05504437
36.350002,-116.75,2019-10-17 00:00:00,0,0.3037457
36.350002,-116.649994,2019-10-17 00:00:00,0,0.5280328
36.350002,-116.549995,2019-10-17 00:00:00,0,0.18854418
36.350002,-116.45,2019-10-17 00:00:00,0,0.26937014
36.350002,-116.34999,2019-10-17 00:00:00,0,0.13565868
36.350002,-116.25,2019-10-17 00:00:00,0,0.0
36.350002,-116.149994,2019-10-17 00:00:00,0,0.0
36.350002,-116.049995,2019-10-17 00:00:00,0,0.0
36.350002,-115.95,2019-10-17 00:00:00,0,0.0
36.350002,-115.85,2019-10-17 00:00:00,0,0.0
36.350002,-115.74999,2019-10-17 00:00:00,0,0.0
36.350002,-115.649994,2019-10-17 00:00:00,0,0.0
36.350002,-115.549995,2019-10-17 00:00:00,0,0.0
36.350002,-115.45,2019-10-17 00:00:00,0,0.0
36.350002,-115.35,2019-10-17 00:00:00,0,0.0
36.350002,-115.24999,2019-10-17 00:00:00,0,0.0
36.350002,-115.149994,2019-10-17 00:00:00,0,0.0
36.350002,-115.049995,2019-10-17 00:00:00,0,0.0
36.350002,-114.95,2019-10-17 00:00:00,0,0.0
36.350002,-114.85,2019-10-17 00:00:00,0,0.0
36.350002,-114.74999,2019-10-17 00:00:00,0,0.0
36.350002,-114.649994,2019-10-17 00:00:00,0,0.0
36.350002,-114.549995,2019-10-17 00:00:00,0,0.0
36.350002,-114.45,2019-10-17 00:00:00,0,0.0
36.350002,-114.35,2019-10-17 00:00:00,0,0.0
36.350002,-114.24999,2019-10-17 00:00:00,0,0.0
36.45,-124.34999,2019-10-17 00:00:00,0,0.0
36.45,-124.25,2019-10-17 00:00:00,0,0.0
36.45,-124.149994,2019-10-17 00:00:00,0,0.0
36.45,-124.049995,2019-10-17 00:00:00,0,0.0
36.45,-123.95,2019-10-17 00:00:00,0,0.0
36.45,-123.84999,2019-10-17 00:00:00,0,0.0
36.45,-123.75,2019-10-17 00:00:00,0,0.0
36.45,-123.649994,2019-10-17 00:00:00,0,0.0
36.45,-123.549995,2019-10-17 00:00:00,0,0.0
36.45,-123.45,2019-10-17 00:00:00,0,0.0
36.45,-123.34999,2019-10-17 00:00:00,0,0.0
36.45,-123.25,2019-10-17 00:00:00,0,0.0
36.45,-123.149994,2019-10-17 00:00:00,0,0.0
36.45,-123.049995,2019-10-17 00:00:00,0,0.0
36.45,-122.95,2019-10-17 00:00:00,0,0.0
36.45,-122.84999,2019-10-17 00:00:00,0,0.0
36.45,-122.75,2019-10-17 00:00:00,0,0.0
36.45,-122.649994,2019-10-17 00:00:00,0,0.0
36.45,-122.549995,2019-10-17 00:00:00,0,0.0
36.45,-122.45,2019-10-17 00:00:00,0,0.0
36.45,-122.34999,2019-10-17 00:00:00,0,0.0
36.45,-122.25,2019-10-17 00:00:00,0,0.0
36.45,-122.149994,2019-10-17 00:00:00,0,0.0
36.45,-122.049995,2019-10-17 00:00:00,0,0.0
36.45,-121.95,2019-10-17 00:00:00,0,0.0
36.45,-121.84999,2019-10-17 00:00:00,0,0.31932777
36.45,-121.75,2019-10-17 00:00:00,0,0.64216197
36.45,-121.649994,2019-10-17 00:00:00,0,0.80119884
36.45,-121.549995,2019-10-17 00:00:00,0,0.9762862
36.45,-121.45,2019-10-17 00:00:00,0,1.7125494
36.45,-121.34999,2019-10-17 00:00:00,0,1.4610056
36.45,-121.25,2019-10-17 00:00:00,0,0.8248835
36.45,-121.149994,2019-10-17 00:00:00,0,0.504488
36.45,-121.049995,2019-10-17 00:00:00,0,0.18345338
36.45,-120.95,2019-10-17 00:00:00,0,0.22196299
36.45,-120.84999,2019-10-17 00:00:00,0,0.23002917
36.45,-120.75,2019-10-17 00:00:00,0,0.5316358
36.45,-120.649994,2019-10-17 00:00:00,0,0.684698
36.45,-120.549995,2019-10-17 00:00:00,0,0.43919924
36.45,-120.45,2019-10-17 00:00:00,0,0.5927713
36.45,-120.34999,2019-10-17 00:00:00,0,1.1036402
36.45,-120.25,2019-10-17 00:00:00,0,4.078517
36.45,-120.149994,2019-10-17 00:00:00,0,4.4294586
36.45,-120.049995,2019-10-17 00:00:00,0,1.8954275
36.45,-119.95,2019-10-17 00:00:00,0,0.7939925
36.45,-119.84999,2019-10-17 00:00:00,0,0.5745768
36.45,-119.75,2019-10-17 00:00:00,0,0.48307443
36.45,-119.649994,2019-10-17 00:00:00,0,0.21399038
36.45,-119.549995,2019-10-17 00:00:00,0,0.2686317
36.45,-119.45,2019-10-17 00:00:00,0,0.44493288
36.45,-119.34999,2019-10-17 00:00:00,0,0.5129107
36.45,-119.25,2019-10-17 00:00:00,0,0.2012016
36.45,-119.149994,2019-10-17 00:00:00,0,0.13901196
36.45,-119.049995,2019-10-17 00:00:00,0,0.08808963
36.45,-118.95,2019-10-17 00:00:00,0,0.044619057
36.45,-118.84999,2019-10-17 00:00:00,0,0.20015663
36.45,-118.75,2019-10-17 00:00:00,0,0.12554933
36.45,-118.649994,2019-10-17 00:00:00,0,0.22200459
36.45,-118.549995,2019-10-17 00:00:00,0,0.3785118
36.45,-118.45,2019-10-17 00:00:00,0,1.1041013
36.45,-118.34999,2019-10-17 00:00:00,0,2.038112
36.45,-118.25,2019-10-17 00:00:00,0,1.3304602
36.45,-118.149994,2019-10-17 00:00:00,0,0.62092173
36.45,-118.049995,2019-10-17 00:00:00,0,0.33213642
36.45,-117.95,2019-10-17 00:00:00,0,0.094993755
36.45,-117.84999,2019-10-17 00:00:00,0,0.07525802
36.45,-117.75,2019-10-17 00:00:00,0,0.029274028
36.45,-117.649994,2019-10-17 00:00:00,0,0.040054727
36.45,-117.549995,2019-10-17 00:00:00,0,0.18303162
36.45,-117.45,2019-10-17 00:00:00,0,0.16333419
36.45,-117.34999,2019-10-17 00:00:00,0,0.11742129
36.45,-117.25,2019-10-17 00:00:00,0,0.1968516
36.45,-117.149994,2019-10-17 00:00:00,0,0.21414149
36.45,-117.049995,2019-10-17 00:00:00,0,0.13933273
36.45,-116.95,2019-10-17 00:00:00,0,0.047784563
36.45,-116.84999,2019-10-17 00:00:00,0,0.049496222
36.45,-116.75,2019-10-17 00:00:00,0,0.18016738
36.45,-116.649994,2019-10-17 00:00:00,0,0.5521886
36.45,-116.549995,2019-10-17 00:00:00,0,0.13812202
36.45,-116.45,2019-10-17 00:00:00,0,0.0
36.45,-116.34999,2019-10-17 00:00:00,0,0.0
36.45,-116.25,2019-10-17 00:00:00,0,0.0
36.45,-116.149994,2019-10-17 00:00:00,0,0.0
36.45,-116.049995,2019-10-17 00:00:00,0,0.0
36.45,-115.95,2019-10-17 00:00:00,0,0.0
36.45,-115.85,2019-10-17 00:00:00,0,0.0
36.45,-115.74999,2019-10-17 00:00:00,0,0.0
36.45,-115.649994,2019-10-17 00:00:00,0,0.0
36.45,-115.549995,2019-10-17 00:00:00,0,0.0
36.45,-115.45,2019-10-17 00:00:00,0,0.0
36.45,-115.35,2019-10-17 00:00:00,0,0.0
36.45,-115.24999,2019-10-17 00:00:00,0,0.0
36.45,-115.149994,2019-10-17 00:00:00,0,0.0
36.45,-115.049995,2019-10-17 00:00:00,0,0.0
36.45,-114.95,2019-10-17 00:00:00,0,0.0
36.45,-114.85,2019-10-17 00:00:00,0,0.0
36.45,-114.74999,2019-10-17 00:00:00,0,0.0
36.45,-114.649994,2019-10-17 00:00:00,0,0.0
36.45,-114.549995,2019-10-17 00:00:00,0,0.0
36.45,-114.45,2019-10-17 00:00:00,0,0.0
36.45,-114.35,2019-10-17 00:00:00,0,0.0
36.45,-114.24999,2019-10-17 00:00:00,0,0.0
36.55,-124.34999,2019-10-17 00:00:00,0,0.0
36.55,-124.25,2019-10-17 00:00:00,0,0.0
36.55,-124.149994,2019-10-17 00:00:00,0,0.0
36.55,-124.049995,2019-10-17 00:00:00,0,0.0
36.55,-123.95,2019-10-17 00:00:00,0,0.0
36.55,-123.84999,2019-10-17 00:00:00,0,0.0
36.55,-123.75,2019-10-17 00:00:00,0,0.0
36.55,-123.649994,2019-10-17 00:00:00,0,0.0
36.55,-123.549995,2019-10-17 00:00:00,0,0.0
36.55,-123.45,2019-10-17 00:00:00,0,0.0
36.55,-123.34999,2019-10-17 00:00:00,0,0.0
36.55,-123.25,2019-10-17 00:00:00,0,0.0
36.55,-123.149994,2019-10-17 00:00:00,0,0.0
36.55,-123.049995,2019-10-17 00:00:00,0,0.0
36.55,-122.95,2019-10-17 00:00:00,0,0.0
36.55,-122.84999,2019-10-17 00:00:00,0,0.0
36.55,-122.75,2019-10-17 00:00:00,0,0.0
36.55,-122.649994,2019-10-17 00:00:00,0,0.0
36.55,-122.549995,2019-10-17 00:00:00,0,0.0
36.55,-122.45,2019-10-17 00:00:00,0,0.0
36.55,-122.34999,2019-10-17 00:00:00,0,0.0
36.55,-122.25,2019-10-17 00:00:00,0,0.0
36.55,-122.149994,2019-10-17 00:00:00,0,0.0
36.55,-122.049995,2019-10-17 00:00:00,0,0.0
36.55,-121.95,2019-10-17 00:00:00,0,0.0
36.55,-121.84999,2019-10-17 00:00:00,0,0.55488336
36.55,-121.75,2019-10-17 00:00:00,0,0.69649357
36.55,-121.649994,2019-10-17 00:00:00,0,0.6878702
36.55,-121.549995,2019-10-17 00:00:00,0,1.1176238
36.55,-121.45,2019-10-17 00:00:00,0,2.2067957
36.55,-121.34999,2019-10-17 00:00:00,0,2.7300706
36.55,-121.25,2019-10-17 00:00:00,0,1.3427688
36.55,-121.149994,2019-10-17 00:00:00,0,1.1684036
36.55,-121.049995,2019-10-17 00:00:00,0,0.38535634
36.55,-120.95,2019-10-17 00:00:00,0,0.12989224
36.55,-120.84999,2019-10-17 00:00:00,0,0.12771507
36.55,-120.75,2019-10-17 00:00:00,0,0.48828766
36.55,-120.649994,2019-10-17 00:00:00,0,0.9170947
36.55,-120.549995,2019-10-17 00:00:00,0,0.51724195
36.55,-120.45,2019-10-17 00:00:00,0,0.38368952
36.55,-120.34999,2019-10-17 00:00:00,0,0.5927664
36.55,-120.25,2019-10-17 00:00:00,0,1.211973
36.55,-120.149994,2019-10-17 00:00:00,0,1.5011714
36.55,-120.049995,2019-10-17 00:00:00,0,1.1411945
36.55,-119.95,2019-10-17 00:00:00,0,0.6253524
36.55,-119.84999,2019-10-17 00:00:00,0,0.38752967
36.55,-119.75,2019-10-17 00:00:00,0,0.29946825
36.55,-119.649994,2019-10-17 00:00:00,0,0.15958644
36.55,-119.549995,2019-10-17 00:00:00,0,0.12157203
36.55,-119.45,2019-10-17 00:00:00,0,0.33876878
36.55,-119.34999,2019-10-17 00:00:00,0,0.47677928
36.55,-119.25,2019-10-17 00:00:00,0,0.2200402
36.55,-119.149994,2019-10-17 00:00:00,0,0.15784958
36.55,-119.049995,2019-10-17 00:00:00,0,0.15174344
36.55,-118.95,2019-10-17 00:00:00,0,0.070289835
36.55,-118.84999,2019-10-17 00:00:00,0,0.24805868
36.55,-118.75,2019-10-17 00:00:00,0,0.07472737
36.55,-118.649994,2019-10-17 00:00:00,0,0.21869327
36.55,-118.549995,2019-10-17 00:00:00,0,0.2938783
36.55,-118.45,2019-10-17 00:00:00,0,1.105093
36.55,-118.34999,2019-10-17 00:00:00,0,2.086466
36.55,-118.25,2019-10-17 00:00:00,0,1.5314204
36.55,-118.149994,2019-10-17 00:00:00,0,0.99639887
36.55,-118.049995,2019-10-17 00:00:00,0,0.38672712
36.55,-117.95,2019-10-17 00:00:00,0,0.093048856
36.55,-117.84999,2019-10-17 00:00:00,0,0.11152449
36.55,-117.75,2019-10-17 00:00:00,0,0.063149534
36.55,-117.649994,2019-10-17 00:00:00,0,0.032908108
36.55,-117.549995,2019-10-17 00:00:00,0,0.1535676
36.55,-117.45,2019-10-17 00:00:00,0,0.20495361
36.55,-117.34999,2019-10-17 00:00:00,0,0.24492764
36.55,-117.25,2019-10-17 00:00:00,0,0.37961856
36.55,-117.149994,2019-10-17 00:00:00,0,0.23175606
36.55,-117.049995,2019-10-17 00:00:00,0,0.10190258
36.55,-116.95,2019-10-17 00:00:00,0,0.1025953
36.55,-116.84999,2019-10-17 00:00:00,0,0.17610618
36.55,-116.75,2019-10-17 00:00:00,0,0.08294646
36.55,-116.649994,2019-10-17 00:00:00,0,0.11383711
36.55,-116.549995,2019-10-17 00:00:00,0,0.0
36.55,-116.45,2019-10-17 00:00:00,0,0.0
36.55,-116.34999,2019-10-17 00:00:00,0,0.0
36.55,-116.25,2019-10-17 00:00:00,0,0.0
36.55,-116.149994,2019-10-17 00:00:00,0,0.0
36.55,-116.049995,2019-10-17 00:00:00,0,0.0
36.55,-115.95,2019-10-17 00:00:00,0,0.0
36.55,-115.85,2019-10-17 00:00:00,0,0.0
36.55,-115.74999,2019-10-17 00:00:00,0,0.0
36.55,-115.649994,2019-10-17 00:00:00,0,0.0
36.55,-115.549995,2019-10-17 00:00:00,0,0.0
36.55,-115.45,2019-10-17 00:00:00,0,0.0
36.55,-115.35,2019-10-17 00:00:00,0,0.0
36.55,-115.24999,2019-10-17 00:00:00,0,0.0
36.55,-115.149994,2019-10-17 00:00:00,0,0.0
36.55,-115.049995,2019-10-17 00:00:00,0,0.0
36.55,-114.95,2019-10-17 00:00:00,0,0.0
36.55,-114.85,2019-10-17 00:00:00,0,0.0
36.55,-114.74999,2019-10-17 00:00:00,0,0.0
36.55,-114.649994,2019-10-17 00:00:00,0,0.0
36.55,-114.549995,2019-10-17 00:00:00,0,0.0
36.55,-114.45,2019-10-17 00:00:00,0,0.0
36.55,-114.35,2019-10-17 00:00:00,0,0.0
36.55,-114.24999,2019-10-17 00:00:00,0,0.0
36.649998,-124.34999,2019-10-17 00:00:00,0,0.0
36.649998,-124.25,2019-10-17 00:00:00,0,0.0
36.649998,-124.149994,2019-10-17 00:00:00,0,0.0
36.649998,-124.049995,2019-10-17 00:00:00,0,0.0
36.649998,-123.95,2019-10-17 00:00:00,0,0.0
36.649998,-123.84999,2019-10-17 00:00:00,0,0.0
36.649998,-123.75,2019-10-17 00:00:00,0,0.0
36.649998,-123.649994,2019-10-17 00:00:00,0,0.0
36.649998,-123.549995,2019-10-17 00:00:00,0,0.0
36.649998,-123.45,2019-10-17 00:00:00,0,0.0
36.649998,-123.34999,2019-10-17 00:00:00,0,0.0
36.649998,-123.25,2019-10-17 00:00:00,0,0.0
36.649998,-123.149994,2019-10-17 00:00:00,0,0.0
36.649998,-123.049995,2019-10-17 00:00:00,0,0.0
36.649998,-122.95,2019-10-17 00:00:00,0,0.0
36.649998,-122.84999,2019-10-17 00:00:00,0,0.0
36.649998,-122.75,2019-10-17 00:00:00,0,0.0
36.649998,-122.649994,2019-10-17 00:00:00,0,0.0
36.649998,-122.549995,2019-10-17 00:00:00,0,0.0
36.649998,-122.45,2019-10-17 00:00:00,0,0.0
36.649998,-122.34999,2019-10-17 00:00:00,0,0.0
36.649998,-122.25,2019-10-17 00:00:00,0,0.0
36.649998,-122.149994,2019-10-17 00:00:00,0,0.0
36.649998,-122.049995,2019-10-17 00:00:00,0,0.0
36.649998,-121.95,2019-10-17 00:00:00,0,0.0
36.649998,-121.84999,2019-10-17 00:00:00,0,0.0
36.649998,-121.75,2019-10-17 00:00:00,0,0.6429006
36.649998,-121.649994,2019-10-17 00:00:00,0,0.5928798
36.649998,-121.549995,2019-10-17 00:00:00,0,1.2296472
36.649998,-121.45,2019-10-17 00:00:00,0,2.6142054
36.649998,-121.34999,2019-10-17 00:00:00,0,1.979412
36.649998,-121.25,2019-10-17 00:00:00,0,1.5401788
36.649998,-121.149994,2019-10-17 00:00:00,0,1.7974584
36.649998,-121.049995,2019-10-17 00:00:00,0,0.97818387
36.649998,-120.95,2019-10-17 00:00:00,0,0.70452607
36.649998,-120.84999,2019-10-17 00:00:00,0,1.1355519
36.649998,-120.75,2019-10-17 00:00:00,0,1.3341135
36.649998,-120.649994,2019-10-17 00:00:00,0,0.8612909
36.649998,-120.549995,2019-10-17 00:00:00,0,0.90006864
36.649998,-120.45,2019-10-17 00:00:00,0,0.60277754
36.649998,-120.34999,2019-10-17 00:00:00,0,0.3630636
36.649998,-120.25,2019-10-17 00:00:00,0,0.41284573
36.649998,-120.149994,2019-10-17 00:00:00,0,0.40128112
36.649998,-120.049995,2019-10-17 00:00:00,0,0.46993545
36.649998,-119.95,2019-10-17 00:00:00,0,0.45387256
36.649998,-119.84999,2019-10-17 00:00:00,0,0.6316649
36.649998,-119.75,2019-10-17 00:00:00,0,0.59010196
36.649998,-119.649994,2019-10-17 00:00:00,0,0.261067
36.649998,-119.549995,2019-10-17 00:00:00,0,0.056110222
36.649998,-119.45,2019-10-17 00:00:00,0,0.04597952
36.649998,-119.34999,2019-10-17 00:00:00,0,0.05031544
36.649998,-119.25,2019-10-17 00:00:00,0,0.05659514
36.649998,-119.149994,2019-10-17 00:00:00,0,0.085853815
36.649998,-119.049995,2019-10-17 00:00:00,0,0.13871601
36.649998,-118.95,2019-10-17 00:00:00,0,0.124341846
36.649998,-118.84999,2019-10-17 00:00:00,0,0.05038216
36.649998,-118.75,2019-10-17 00:00:00,0,0.0781508
36.649998,-118.649994,2019-10-17 00:00:00,0,0.23806027
36.649998,-118.549995,2019-10-17 00:00:00,0,0.16555184
36.649998,-118.45,2019-10-17 00:00:00,0,0.23785542
36.649998,-118.34999,2019-10-17 00:00:00,0,0.5997997
36.649998,-118.25,2019-10-17 00:00:00,0,0.8887734
36.649998,-118.149994,2019-10-17 00:00:00,0,1.9119475
36.649998,-118.049995,2019-10-17 00:00:00,0,0.8811804
36.649998,-117.95,2019-10-17 00:00:00,0,0.25888526
36.649998,-117.84999,2019-10-17 00:00:00,0,0.12450541
36.649998,-117.75,2019-10-17 00:00:00,0,0.09737565
36.649998,-117.649994,2019-10-17 00:00:00,0,0.06829599
36.649998,-117.549995,2019-10-17 00:00:00,0,0.10644878
36.649998,-117.45,2019-10-17 00:00:00,0,0.06106238
36.649998,-117.34999,2019-10-17 00:00:00,0,0.10776498
36.649998,-117.25,2019-10-17 00:00:00,0,0.4633604
36.649998,-117.149994,2019-10-17 00:00:00,0,0.5464476
36.649998,-117.049995,2019-10-17 00:00:00,0,0.1250352
36.649998,-116.95,2019-10-17 00:00:00,0,0.15446879
36.649998,-116.84999,2019-10-17 00:00:00,0,0.43274862
36.649998,-116.75,2019-10-17 00:00:00,0,0.17130749
36.649998,-116.649994,2019-10-17 00:00:00,0,0.0
36.649998,-116.549995,2019-10-17 00:00:00,0,0.0
36.649998,-116.45,2019-10-17 00:00:00,0,0.0
36.649998,-116.34999,2019-10-17 00:00:00,0,0.0
36.649998,-116.25,2019-10-17 00:00:00,0,0.0
36.649998,-116.149994,2019-10-17 00:00:00,0,0.0
36.649998,-116.049995,2019-10-17 00:00:00,0,0.0
36.649998,-115.95,2019-10-17 00:00:00,0,0.0
36.649998,-115.85,2019-10-17 00:00:00,0,0.0
36.649998,-115.74999,2019-10-17 00:00:00,0,0.0
36.649998,-115.649994,2019-10-17 00:00:00,0,0.0
36.649998,-115.549995,2019-10-17 00:00:00,0,0.0
36.649998,-115.45,2019-10-17 00:00:00,0,0.0
36.649998,-115.35,2019-10-17 00:00:00,0,0.0
36.649998,-115.24999,2019-10-17 00:00:00,0,0.0
36.649998,-115.149994,2019-10-17 00:00:00,0,0.0
36.649998,-115.049995,2019-10-17 00:00:00,0,0.0
36.649998,-114.95,2019-10-17 00:00:00,0,0.0
36.649998,-114.85,2019-10-17 00:00:00,0,0.0
36.649998,-114.74999,2019-10-17 00:00:00,0,0.0
36.649998,-114.649994,2019-10-17 00:00:00,0,0.0
36.649998,-114.549995,2019-10-17 00:00:00,0,0.0
36.649998,-114.45,2019-10-17 00:00:00,0,0.0
36.649998,-114.35,2019-10-17 00:00:00,0,0.0
36.649998,-114.24999,2019-10-17 00:00:00,0,0.0
36.750004,-124.34999,2019-10-17 00:00:00,0,0.0
36.750004,-124.25,2019-10-17 00:00:00,0,0.0
36.750004,-124.149994,2019-10-17 00:00:00,0,0.0
36.750004,-124.049995,2019-10-17 00:00:00,0,0.0
36.750004,-123.95,2019-10-17 00:00:00,0,0.0
36.750004,-123.84999,2019-10-17 00:00:00,0,0.0
36.750004,-123.75,2019-10-17 00:00:00,0,0.0
36.750004,-123.649994,2019-10-17 00:00:00,0,0.0
36.750004,-123.549995,2019-10-17 00:00:00,0,0.0
36.750004,-123.45,2019-10-17 00:00:00,0,0.0
36.750004,-123.34999,2019-10-17 00:00:00,0,0.0
36.750004,-123.25,2019-10-17 00:00:00,0,0.0
36.750004,-123.149994,2019-10-17 00:00:00,0,0.0
36.750004,-123.049995,2019-10-17 00:00:00,0,0.0
36.750004,-122.95,2019-10-17 00:00:00,0,0.0
36.750004,-122.84999,2019-10-17 00:00:00,0,0.0
36.750004,-122.75,2019-10-17 00:00:00,0,0.0
36.750004,-122.649994,2019-10-17 00:00:00,0,0.0
36.750004,-122.549995,2019-10-17 00:00:00,0,0.0
36.750004,-122.45,2019-10-17 00:00:00,0,0.0
36.750004,-122.34999,2019-10-17 00:00:00,0,0.0
36.750004,-122.25,2019-10-17 00:00:00,0,0.0
36.750004,-122.149994,2019-10-17 00:00:00,0,0.0
36.750004,-122.049995,2019-10-17 00:00:00,0,0.0
36.750004,-121.95,2019-10-17 00:00:00,0,0.0
36.750004,-121.84999,2019-10-17 00:00:00,0,0.0
36.750004,-121.75,2019-10-17 00:00:00,0,0.42502952
36.750004,-121.649994,2019-10-17 00:00:00,0,0.65657306
36.750004,-121.549995,2019-10-17 00:00:00,0,0.9841537
36.750004,-121.45,2019-10-17 00:00:00,0,1.5011454
36.750004,-121.34999,2019-10-17 00:00:00,0,1.4734492
36.750004,-121.25,2019-10-17 00:00:00,0,1.7134571
36.750004,-121.149994,2019-10-17 00:00:00,0,2.1742504
36.750004,-121.049995,2019-10-17 00:00:00,0,1.7731757
36.750004,-120.95,2019-10-17 00:00:00,0,1.3687477
36.750004,-120.84999,2019-10-17 00:00:00,0,1.4192111
36.750004,-120.75,2019-10-17 00:00:00,0,1.3904055
36.750004,-120.649994,2019-10-17 00:00:00,0,1.1040905
36.750004,-120.549995,2019-10-17 00:00:00,0,0.8324667
36.750004,-120.45,2019-10-17 00:00:00,0,0.4654878
36.750004,-120.34999,2019-10-17 00:00:00,0,0.40036505
36.750004,-120.25,2019-10-17 00:00:00,0,0.11029745
36.750004,-120.149994,2019-10-17 00:00:00,0,0.19871141
36.750004,-120.049995,2019-10-17 00:00:00,0,0.35796255
36.750004,-119.95,2019-10-17 00:00:00,0,0.48346442
36.750004,-119.84999,2019-10-17 00:00:00,0,0.6876817
36.750004,-119.75,2019-10-17 00:00:00,0,0.7061891
36.750004,-119.649994,2019-10-17 00:00:00,0,0.42439893
36.750004,-119.549995,2019-10-17 00:00:00,0,0.16656375
36.750004,-119.45,2019-10-17 00:00:00,0,0.032803893
36.750004,-119.34999,2019-10-17 00:00:00,0,0.0027169362
36.750004,-119.25,2019-10-17 00:00:00,0,0.034729995
36.750004,-119.149994,2019-10-17 00:00:00,0,0.045501564
36.750004,-119.049995,2019-10-17 00:00:00,0,0.03357989
36.750004,-118.95,2019-10-17 00:00:00,0,0.068836436
36.750004,-118.84999,2019-10-17 00:00:00,0,0.049000524
36.750004,-118.75,2019-10-17 00:00:00,0,0.023250643
36.750004,-118.649994,2019-10-17 00:00:00,0,0.15760301
36.750004,-118.549995,2019-10-17 00:00:00,0,0.14676271
36.750004,-118.45,2019-10-17 00:00:00,0,0.32638583
36.750004,-118.34999,2019-10-17 00:00:00,0,0.74516726
36.750004,-118.25,2019-10-17 00:00:00,0,1.3925422
36.750004,-118.149994,2019-10-17 00:00:00,0,1.4267764
36.750004,-118.049995,2019-10-17 00:00:00,0,0.9965665
36.750004,-117.95,2019-10-17 00:00:00,0,0.293473
36.750004,-117.84999,2019-10-17 00:00:00,0,0.11251566
36.750004,-117.75,2019-10-17 00:00:00,0,0.16297334
36.750004,-117.649994,2019-10-17 00:00:00,0,0.1947209
36.750004,-117.549995,2019-10-17 00:00:00,0,0.15971412
36.750004,-117.45,2019-10-17 00:00:00,0,0.061341967
36.750004,-117.34999,2019-10-17 00:00:00,0,0.054537624
36.750004,-117.25,2019-10-17 00:00:00,0,0.18980178
36.750004,-117.149994,2019-10-17 00:00:00,0,0.28973365
36.750004,-117.049995,2019-10-17 00:00:00,0,0.15432742
36.750004,-116.95,2019-10-17 00:00:00,0,0.3027326
36.750004,-116.84999,2019-10-17 00:00:00,0,0.0
36.750004,-116.75,2019-10-17 00:00:00,0,0.0
36.750004,-116.649994,2019-10-17 00:00:00,0,0.0
36.750004,-116.549995,2019-10-17 00:00:00,0,0.0
36.750004,-116.45,2019-10-17 00:00:00,0,0.0
36.750004,-116.34999,2019-10-17 00:00:00,0,0.0
36.750004,-116.25,2019-10-17 00:00:00,0,0.0
36.750004,-116.149994,2019-10-17 00:00:00,0,0.0
36.750004,-116.049995,2019-10-17 00:00:00,0,0.0
36.750004,-115.95,2019-10-17 00:00:00,0,0.0
36.750004,-115.85,2019-10-17 00:00:00,0,0.0
36.750004,-115.74999,2019-10-17 00:00:00,0,0.0
36.750004,-115.649994,2019-10-17 00:00:00,0,0.0
36.750004,-115.549995,2019-10-17 00:00:00,0,0.0
36.750004,-115.45,2019-10-17 00:00:00,0,0.0
36.750004,-115.35,2019-10-17 00:00:00,0,0.0
36.750004,-115.24999,2019-10-17 00:00:00,0,0.0
36.750004,-115.149994,2019-10-17 00:00:00,0,0.0
36.750004,-115.049995,2019-10-17 00:00:00,0,0.0
36.750004,-114.95,2019-10-17 00:00:00,0,0.0
36.750004,-114.85,2019-10-17 00:00:00,0,0.0
36.750004,-114.74999,2019-10-17 00:00:00,0,0.0
36.750004,-114.649994,2019-10-17 00:00:00,0,0.0
36.750004,-114.549995,2019-10-17 00:00:00,0,0.0
36.750004,-114.45,2019-10-17 00:00:00,0,0.0
36.750004,-114.35,2019-10-17 00:00:00,0,0.0
36.750004,-114.24999,2019-10-17 00:00:00,0,0.0
36.850002,-124.34999,2019-10-17 00:00:00,0,0.0
36.850002,-124.25,2019-10-17 00:00:00,0,0.0
36.850002,-124.149994,2019-10-17 00:00:00,0,0.0
36.850002,-124.049995,2019-10-17 00:00:00,0,0.0
36.850002,-123.95,2019-10-17 00:00:00,0,0.0
36.850002,-123.84999,2019-10-17 00:00:00,0,0.0
36.850002,-123.75,2019-10-17 00:00:00,0,0.0
36.850002,-123.649994,2019-10-17 00:00:00,0,0.0
36.850002,-123.549995,2019-10-17 00:00:00,0,0.0
36.850002,-123.45,2019-10-17 00:00:00,0,0.0
36.850002,-123.34999,2019-10-17 00:00:00,0,0.0
36.850002,-123.25,2019-10-17 00:00:00,0,0.0
36.850002,-123.149994,2019-10-17 00:00:00,0,0.0
36.850002,-123.049995,2019-10-17 00:00:00,0,0.0
36.850002,-122.95,2019-10-17 00:00:00,0,0.0
36.850002,-122.84999,2019-10-17 00:00:00,0,0.0
36.850002,-122.75,2019-10-17 00:00:00,0,0.0
36.850002,-122.649994,2019-10-17 00:00:00,0,0.0
36.850002,-122.549995,2019-10-17 00:00:00,0,0.0
36.850002,-122.45,2019-10-17 00:00:00,0,0.0
36.850002,-122.34999,2019-10-17 00:00:00,0,0.0
36.850002,-122.25,2019-10-17 00:00:00,0,0.0
36.850002,-122.149994,2019-10-17 00:00:00,0,0.0
36.850002,-122.049995,2019-10-17 00:00:00,0,0.0
36.850002,-121.95,2019-10-17 00:00:00,0,0.0
36.850002,-121.84999,2019-10-17 00:00:00,0,0.0
36.850002,-121.75,2019-10-17 00:00:00,0,0.76814485
36.850002,-121.649994,2019-10-17 00:00:00,0,0.8872067
36.850002,-121.549995,2019-10-17 00:00:00,0,0.6701875
36.850002,-121.45,2019-10-17 00:00:00,0,0.46729696
36.850002,-121.34999,2019-10-17 00:00:00,0,0.7692299
36.850002,-121.25,2019-10-17 00:00:00,0,1.2214067
36.850002,-121.149994,2019-10-17 00:00:00,0,2.280325
36.850002,-121.049995,2019-10-17 00:00:00,0,2.4292169
36.850002,-120.95,2019-10-17 00:00:00,0,1.4845442
36.850002,-120.84999,2019-10-17 00:00:00,0,1.4756409
36.850002,-120.75,2019-10-17 00:00:00,0,1.3828329
36.850002,-120.649994,2019-10-17 00:00:00,0,0.8184825
36.850002,-120.549995,2019-10-17 00:00:00,0,0.5798333
36.850002,-120.45,2019-10-17 00:00:00,0,0.60993874
36.850002,-120.34999,2019-10-17 00:00:00,0,0.08282108
36.850002,-120.25,2019-10-17 00:00:00,0,0.018558431
36.850002,-120.149994,2019-10-17 00:00:00,0,0.05463768
36.850002,-120.049995,2019-10-17 00:00:00,0,0.21092652
36.850002,-119.95,2019-10-17 00:00:00,0,0.30026752
36.850002,-119.84999,2019-10-17 00:00:00,0,0.46091405
36.850002,-119.75,2019-10-17 00:00:00,0,0.70299095
36.850002,-119.649994,2019-10-17 00:00:00,0,0.5805894
36.850002,-119.549995,2019-10-17 00:00:00,0,0.92167205
36.850002,-119.45,2019-10-17 00:00:00,0,0.16776434
36.850002,-119.34999,2019-10-17 00:00:00,0,0.030936603
36.850002,-119.25,2019-10-17 00:00:00,0,0.031610902
36.850002,-119.149994,2019-10-17 00:00:00,0,0.036547687
36.850002,-119.049995,2019-10-17 00:00:00,0,0.019152682
36.850002,-118.95,2019-10-17 00:00:00,0,0.02819582
36.850002,-118.84999,2019-10-17 00:00:00,0,0.022578465
36.850002,-118.75,2019-10-17 00:00:00,0,0.0657928
36.850002,-118.649994,2019-10-17 00:00:00,0,0.15553719
36.850002,-118.549995,2019-10-17 00:00:00,0,0.13838248
36.850002,-118.45,2019-10-17 00:00:00,0,0.2854749
36.850002,-118.34999,2019-10-17 00:00:00,0,0.67129964
36.850002,-118.25,2019-10-17 00:00:00,0,0.76305324
36.850002,-118.149994,2019-10-17 00:00:00,0,1.0192525
36.850002,-118.049995,2019-10-17 00:00:00,0,1.006111
36.850002,-117.95,2019-10-17 00:00:00,0,0.31942728
36.850002,-117.84999,2019-10-17 00:00:00,0,0.18831748
36.850002,-117.75,2019-10-17 00:00:00,0,0.27060488
36.850002,-117.649994,2019-10-17 00:00:00,0,0.17372273
36.850002,-117.549995,2019-10-17 00:00:00,0,0.068451956
36.850002,-117.45,2019-10-17 00:00:00,0,0.029304778
36.850002,-117.34999,2019-10-17 00:00:00,0,0.024235161
36.850002,-117.25,2019-10-17 00:00:00,0,0.079153255
36.850002,-117.149994,2019-10-17 00:00:00,0,0.24034303
36.850002,-117.049995,2019-10-17 00:00:00,0,0.2102787
36.850002,-116.95,2019-10-17 00:00:00,0,0.0
36.850002,-116.84999,2019-10-17 00:00:00,0,0.0
36.850002,-116.75,2019-10-17 00:00:00,0,0.0
36.850002,-116.649994,2019-10-17 00:00:00,0,0.0
36.850002,-116.549995,2019-10-17 00:00:00,0,0.0
36.850002,-116.45,2019-10-17 00:00:00,0,0.0
36.850002,-116.34999,2019-10-17 00:00:00,0,0.0
36.850002,-116.25,2019-10-17 00:00:00,0,0.0
36.850002,-116.149994,2019-10-17 00:00:00,0,0.0
36.850002,-116.049995,2019-10-17 00:00:00,0,0.0
36.850002,-115.95,2019-10-17 00:00:00,0,0.0
36.850002,-115.85,2019-10-17 00:00:00,0,0.0
36.850002,-115.74999,2019-10-17 00:00:00,0,0.0
36.850002,-115.649994,2019-10-17 00:00:00,0,0.0
36.850002,-115.549995,2019-10-17 00:00:00,0,0.0
36.850002,-115.45,2019-10-17 00:00:00,0,0.0
36.850002,-115.35,2019-10-17 00:00:00,0,0.0
36.850002,-115.24999,2019-10-17 00:00:00,0,0.0
36.850002,-115.149994,2019-10-17 00:00:00,0,0.0
36.850002,-115.049995,2019-10-17 00:00:00,0,0.0
36.850002,-114.95,2019-10-17 00:00:00,0,0.0
36.850002,-114.85,2019-10-17 00:00:00,0,0.0
36.850002,-114.74999,2019-10-17 00:00:00,0,0.0
36.850002,-114.649994,2019-10-17 00:00:00,0,0.0
36.850002,-114.549995,2019-10-17 00:00:00,0,0.0
36.850002,-114.45,2019-10-17 00:00:00,0,0.0
36.850002,-114.35,2019-10-17 00:00:00,0,0.0
36.850002,-114.24999,2019-10-17 00:00:00,0,0.0
36.95,-124.34999,2019-10-17 00:00:00,0,0.0
36.95,-124.25,2019-10-17 00:00:00,0,0.0
36.95,-124.149994,2019-10-17 00:00:00,0,0.0
36.95,-124.049995,2019-10-17 00:00:00,0,0.0
36.95,-123.95,2019-10-17 00:00:00,0,0.0
36.95,-123.84999,2019-10-17 00:00:00,0,0.0
36.95,-123.75,2019-10-17 00:00:00,0,0.0
36.95,-123.649994,2019-10-17 00:00:00,0,0.0
36.95,-123.549995,2019-10-17 00:00:00,0,0.0
36.95,-123.45,2019-10-17 00:00:00,0,0.0
36.95,-123.34999,2019-10-17 00:00:00,0,0.0
36.95,-123.25,2019-10-17 00:00:00,0,0.0
36.95,-123.149994,2019-10-17 00:00:00,0,0.0
36.95,-123.049995,2019-10-17 00:00:00,0,0.0
36.95,-122.95,2019-10-17 00:00:00,0,0.0
36.95,-122.84999,2019-10-17 00:00:00,0,0.0
36.95,-122.75,2019-10-17 00:00:00,0,0.0
36.95,-122.649994,2019-10-17 00:00:00,0,0.0
36.95,-122.549995,2019-10-17 00:00:00,0,0.0
36.95,-122.45,2019-10-17 00:00:00,0,0.0
36.95,-122.34999,2019-10-17 00:00:00,0,0.0
36.95,-122.25,2019-10-17 00:00:00,0,0.0
36.95,-122.149994,2019-10-17 00:00:00,0,0.0
36.95,-122.049995,2019-10-17 00:00:00,0,0.29679278
36.95,-121.95,2019-10-17 00:00:00,0,0.0
36.95,-121.84999,2019-10-17 00:00:00,0,0.79191184
36.95,-121.75,2019-10-17 00:00:00,0,1.2550536
36.95,-121.649994,2019-10-17 00:00:00,0,1.1512406
36.95,-121.549995,2019-10-17 00:00:00,0,0.574217
36.95,-121.45,2019-10-17 00:00:00,0,0.12663126
36.95,-121.34999,2019-10-17 00:00:00,0,0.35866642
36.95,-121.25,2019-10-17 00:00:00,0,0.6551369
36.95,-121.149994,2019-10-17 00:00:00,0,1.695528
36.95,-121.049995,2019-10-17 00:00:00,0,2.4343624
36.95,-120.95,2019-10-17 00:00:00,0,2.5219417
36.95,-120.84999,2019-10-17 00:00:00,0,1.6767488
36.95,-120.75,2019-10-17 00:00:00,0,0.88351345
36.95,-120.649994,2019-10-17 00:00:00,0,0.6284534
36.95,-120.549995,2019-10-17 00:00:00,0,0.7911248
36.95,-120.45,2019-10-17 00:00:00,0,0.15602721
36.95,-120.34999,2019-10-17 00:00:00,0,0.070528366
36.95,-120.25,2019-10-17 00:00:00,0,0.050323747
36.95,-120.149994,2019-10-17 00:00:00,0,0.05209822
36.95,-120.049995,2019-10-17 00:00:00,0,0.12713906
36.95,-119.95,2019-10-17 00:00:00,0,0.14437054
36.95,-119.84999,2019-10-17 00:00:00,0,0.37796485
36.95,-119.75,2019-10-17 00:00:00,0,0.64132905
36.95,-119.649994,2019-10-17 00:00:00,0,0.5325992
36.95,-119.549995,2019-10-17 00:00:00,0,0.4107511
36.95,-119.45,2019-10-17 00:00:00,0,0.23204838
36.95,-119.34999,2019-10-17 00:00:00,0,0.09700707
36.95,-119.25,2019-10-17 00:00:00,0,0.08890006
36.95,-119.149994,2019-10-17 00:00:00,0,0.060947113
36.95,-119.049995,2019-10-17 00:00:00,0,0.04892721
36.95,-118.95,2019-10-17 00:00:00,0,0.06564924
36.95,-118.84999,2019-10-17 00:00:00,0,0.09385687
36.95,-118.75,2019-10-17 00:00:00,0,0.18449822
36.95,-118.649994,2019-10-17 00:00:00,0,0.24243256
36.95,-118.549995,2019-10-17 00:00:00,0,0.17467599
36.95,-118.45,2019-10-17 00:00:00,0,0.18037042
36.95,-118.34999,2019-10-17 00:00:00,0,0.30834156
36.95,-118.25,2019-10-17 00:00:00,0,0.53300726
36.95,-118.149994,2019-10-17 00:00:00,0,0.5368921
36.95,-118.049995,2019-10-17 00:00:00,0,0.47905064
36.95,-117.95,2019-10-17 00:00:00,0,0.40600193
36.95,-117.84999,2019-10-17 00:00:00,0,0.49475896
36.95,-117.75,2019-10-17 00:00:00,0,0.43686455
36.95,-117.649994,2019-10-17 00:00:00,0,0.31142175
36.95,-117.549995,2019-10-17 00:00:00,0,0.19544776
36.95,-117.45,2019-10-17 00:00:00,0,0.10449291
36.95,-117.34999,2019-10-17 00:00:00,0,0.16834193
36.95,-117.25,2019-10-17 00:00:00,0,0.22701636
36.95,-117.149994,2019-10-17 00:00:00,0,0.37214282
36.95,-117.049995,2019-10-17 00:00:00,0,0.0
36.95,-116.95,2019-10-17 00:00:00,0,0.0
36.95,-116.84999,2019-10-17 00:00:00,0,0.0
36.95,-116.75,2019-10-17 00:00:00,0,0.0
36.95,-116.649994,2019-10-17 00:00:00,0,0.0
36.95,-116.549995,2019-10-17 00:00:00,0,0.0
36.95,-116.45,2019-10-17 00:00:00,0,0.0
36.95,-116.34999,2019-10-17 00:00:00,0,0.0
36.95,-116.25,2019-10-17 00:00:00,0,0.0
36.95,-116.149994,2019-10-17 00:00:00,0,0.0
36.95,-116.049995,2019-10-17 00:00:00,0,0.0
36.95,-115.95,2019-10-17 00:00:00,0,0.0
36.95,-115.85,2019-10-17 00:00:00,0,0.0
36.95,-115.74999,2019-10-17 00:00:00,0,0.0
36.95,-115.649994,2019-10-17 00:00:00,0,0.0
36.95,-115.549995,2019-10-17 00:00:00,0,0.0
36.95,-115.45,2019-10-17 00:00:00,0,0.0
36.95,-115.35,2019-10-17 00:00:00,0,0.0
36.95,-115.24999,2019-10-17 00:00:00,0,0.0
36.95,-115.149994,2019-10-17 00:00:00,0,0.0
36.95,-115.049995,2019-10-17 00:00:00,0,0.0
36.95,-114.95,2019-10-17 00:00:00,0,0.0
36.95,-114.85,2019-10-17 00:00:00,0,0.0
36.95,-114.74999,2019-10-17 00:00:00,0,0.0
36.95,-114.649994,2019-10-17 00:00:00,0,0.0
36.95,-114.549995,2019-10-17 00:00:00,0,0.0
36.95,-114.45,2019-10-17 00:00:00,0,0.0
36.95,-114.35,2019-10-17 00:00:00,0,0.0
36.95,-114.24999,2019-10-17 00:00:00,0,0.0
37.05,-124.34999,2019-10-17 00:00:00,0,0.0
37.05,-124.25,2019-10-17 00:00:00,0,0.0
37.05,-124.149994,2019-10-17 00:00:00,0,0.0
37.05,-124.049995,2019-10-17 00:00:00,0,0.0
37.05,-123.95,2019-10-17 00:00:00,0,0.0
37.05,-123.84999,2019-10-17 00:00:00,0,0.0
37.05,-123.75,2019-10-17 00:00:00,0,0.0
37.05,-123.649994,2019-10-17 00:00:00,0,0.0
37.05,-123.549995,2019-10-17 00:00:00,0,0.0
37.05,-123.45,2019-10-17 00:00:00,0,0.0
37.05,-123.34999,2019-10-17 00:00:00,0,0.0
37.05,-123.25,2019-10-17 00:00:00,0,0.0
37.05,-123.149994,2019-10-17 00:00:00,0,0.0
37.05,-123.049995,2019-10-17 00:00:00,0,0.0
37.05,-122.95,2019-10-17 00:00:00,0,0.0
37.05,-122.84999,2019-10-17 00:00:00,0,0.0
37.05,-122.75,2019-10-17 00:00:00,0,0.0
37.05,-122.649994,2019-10-17 00:00:00,0,0.0
37.05,-122.549995,2019-10-17 00:00:00,0,0.0
37.05,-122.45,2019-10-17 00:00:00,0,0.0
37.05,-122.34999,2019-10-17 00:00:00,0,0.0
37.05,-122.25,2019-10-17 00:00:00,0,0.0
37.05,-122.149994,2019-10-17 00:00:00,0,0.5626731
37.05,-122.049995,2019-10-17 00:00:00,0,0.56291074
37.05,-121.95,2019-10-17 00:00:00,0,0.52713525
37.05,-121.84999,2019-10-17 00:00:00,0,0.8029401
37.05,-121.75,2019-10-17 00:00:00,0,0.8249972
37.05,-121.649994,2019-10-17 00:00:00,0,0.93674004
37.05,-121.549995,2019-10-17 00:00:00,0,0.6910213
37.05,-121.45,2019-10-17 00:00:00,0,0.39125705
37.05,-121.34999,2019-10-17 00:00:00,0,0.3464157
37.05,-121.25,2019-10-17 00:00:00,0,0.715302
37.05,-121.149994,2019-10-17 00:00:00,0,1.4966742
37.05,-121.049995,2019-10-17 00:00:00,0,3.7489963
37.05,-120.95,2019-10-17 00:00:00,0,4.127361
37.05,-120.84999,2019-10-17 00:00:00,0,2.2911997
37.05,-120.75,2019-10-17 00:00:00,0,1.4031614
37.05,-120.649994,2019-10-17 00:00:00,0,0.8932136
37.05,-120.549995,2019-10-17 00:00:00,0,0.17190246
37.05,-120.45,2019-10-17 00:00:00,0,0.13801056
37.05,-120.34999,2019-10-17 00:00:00,0,0.022102185
37.05,-120.25,2019-10-17 00:00:00,0,0.0061419276
37.05,-120.149994,2019-10-17 00:00:00,0,0.029251313
37.05,-120.049995,2019-10-17 00:00:00,0,0.119843036
37.05,-119.95,2019-10-17 00:00:00,0,0.15558383
37.05,-119.84999,2019-10-17 00:00:00,0,0.27942336
37.05,-119.75,2019-10-17 00:00:00,0,0.43575555
37.05,-119.649994,2019-10-17 00:00:00,0,0.43945205
37.05,-119.549995,2019-10-17 00:00:00,0,0.40463692
37.05,-119.45,2019-10-17 00:00:00,0,0.26326984
37.05,-119.34999,2019-10-17 00:00:00,0,0.20348746
37.05,-119.25,2019-10-17 00:00:00,0,0.11035655
37.05,-119.149994,2019-10-17 00:00:00,0,0.07584063
37.05,-119.049995,2019-10-17 00:00:00,0,0.094751075
37.05,-118.95,2019-10-17 00:00:00,0,0.14662026
37.05,-118.84999,2019-10-17 00:00:00,0,0.19861516
37.05,-118.75,2019-10-17 00:00:00,0,0.14164233
37.05,-118.649994,2019-10-17 00:00:00,0,0.14053413
37.05,-118.549995,2019-10-17 00:00:00,0,0.15090151
37.05,-118.45,2019-10-17 00:00:00,0,0.090729795
37.05,-118.34999,2019-10-17 00:00:00,0,0.118600875
37.05,-118.25,2019-10-17 00:00:00,0,0.29136127
37.05,-118.149994,2019-10-17 00:00:00,0,0.17528187
37.05,-118.049995,2019-10-17 00:00:00,0,0.16286407
37.05,-117.95,2019-10-17 00:00:00,0,0.3695065
37.05,-117.84999,2019-10-17 00:00:00,0,0.45888796
37.05,-117.75,2019-10-17 00:00:00,0,0.44399303
37.05,-117.649994,2019-10-17 00:00:00,0,0.38746253
37.05,-117.549995,2019-10-17 00:00:00,0,0.3448548
37.05,-117.45,2019-10-17 00:00:00,0,0.113876015
37.05,-117.34999,2019-10-17 00:00:00,0,0.07142832
37.05,-117.25,2019-10-17 00:00:00,0,0.0
37.05,-117.149994,2019-10-17 00:00:00,0,0.0
37.05,-117.049995,2019-10-17 00:00:00,0,0.0
37.05,-116.95,2019-10-17 00:00:00,0,0.0
37.05,-116.84999,2019-10-17 00:00:00,0,0.0
37.05,-116.75,2019-10-17 00:00:00,0,0.0
37.05,-116.649994,2019-10-17 00:00:00,0,0.0
37.05,-116.549995,2019-10-17 00:00:00,0,0.0
37.05,-116.45,2019-10-17 00:00:00,0,0.0
37.05,-116.34999,2019-10-17 00:00:00,0,0.0
37.05,-116.25,2019-10-17 00:00:00,0,0.0
37.05,-116.149994,2019-10-17 00:00:00,0,0.0
37.05,-116.049995,2019-10-17 00:00:00,0,0.0
37.05,-115.95,2019-10-17 00:00:00,0,0.0
37.05,-115.85,2019-10-17 00:00:00,0,0.0
37.05,-115.74999,2019-10-17 00:00:00,0,0.0
37.05,-115.649994,2019-10-17 00:00:00,0,0.0
37.05,-115.549995,2019-10-17 00:00:00,0,0.0
37.05,-115.45,2019-10-17 00:00:00,0,0.0
37.05,-115.35,2019-10-17 00:00:00,0,0.0
37.05,-115.24999,2019-10-17 00:00:00,0,0.0
37.05,-115.149994,2019-10-17 00:00:00,0,0.0
37.05,-115.049995,2019-10-17 00:00:00,0,0.0
37.05,-114.95,2019-10-17 00:00:00,0,0.0
37.05,-114.85,2019-10-17 00:00:00,0,0.0
37.05,-114.74999,2019-10-17 00:00:00,0,0.0
37.05,-114.649994,2019-10-17 00:00:00,0,0.0
37.05,-114.549995,2019-10-17 00:00:00,0,0.0
37.05,-114.45,2019-10-17 00:00:00,0,0.0
37.05,-114.35,2019-10-17 00:00:00,0,0.0
37.05,-114.24999,2019-10-17 00:00:00,0,0.0
37.149998,-124.34999,2019-10-17 00:00:00,0,0.0
37.149998,-124.25,2019-10-17 00:00:00,0,0.0
37.149998,-124.149994,2019-10-17 00:00:00,0,0.0
37.149998,-124.049995,2019-10-17 00:00:00,0,0.0
37.149998,-123.95,2019-10-17 00:00:00,0,0.0
37.149998,-123.84999,2019-10-17 00:00:00,0,0.0
37.149998,-123.75,2019-10-17 00:00:00,0,0.0
37.149998,-123.649994,2019-10-17 00:00:00,0,0.0
37.149998,-123.549995,2019-10-17 00:00:00,0,0.0
37.149998,-123.45,2019-10-17 00:00:00,0,0.0
37.149998,-123.34999,2019-10-17 00:00:00,0,0.0
37.149998,-123.25,2019-10-17 00:00:00,0,0.0
37.149998,-123.149994,2019-10-17 00:00:00,0,0.0
37.149998,-123.049995,2019-10-17 00:00:00,0,0.0
37.149998,-122.95,2019-10-17 00:00:00,0,0.0
37.149998,-122.84999,2019-10-17 00:00:00,0,0.0
37.149998,-122.75,2019-10-17 00:00:00,0,0.0
37.149998,-122.649994,2019-10-17 00:00:00,0,0.0
37.149998,-122.549995,2019-10-17 00:00:00,0,0.0
37.149998,-122.45,2019-10-17 00:00:00,0,0.0
37.149998,-122.34999,2019-10-17 00:00:00,0,0.53689873
37.149998,-122.25,2019-10-17 00:00:00,0,0.7706081
37.149998,-122.149994,2019-10-17 00:00:00,0,0.800654
37.149998,-122.049995,2019-10-17 00:00:00,0,0.68439984
37.149998,-121.95,2019-10-17 00:00:00,0,0.63575363
37.149998,-121.84999,2019-10-17 00:00:00,0,0.7384069
37.149998,-121.75,2019-10-17 00:00:00,0,0.7525512
37.149998,-121.649994,2019-10-17 00:00:00,0,0.86971354
37.149998,-121.549995,2019-10-17 00:00:00,0,1.157303
37.149998,-121.45,2019-10-17 00:00:00,0,1.1445425
37.149998,-121.34999,2019-10-17 00:00:00,0,0.9694998
37.149998,-121.25,2019-10-17 00:00:00,0,0.8959094
37.149998,-121.149994,2019-10-17 00:00:00,0,1.9443545
37.149998,-121.049995,2019-10-17 00:00:00,0,3.7085352
37.149998,-120.95,2019-10-17 00:00:00,0,2.9645278
37.149998,-120.84999,2019-10-17 00:00:00,0,2.6532857
37.149998,-120.75,2019-10-17 00:00:00,0,1.2888136
37.149998,-120.649994,2019-10-17 00:00:00,0,0.55034167
37.149998,-120.549995,2019-10-17 00:00:00,0,0.24048129
37.149998,-120.45,2019-10-17 00:00:00,0,0.12442582
37.149998,-120.34999,2019-10-17 00:00:00,0,0.031702448
37.149998,-120.25,2019-10-17 00:00:00,0,0.021807915
37.149998,-120.149994,2019-10-17 00:00:00,0,0.053906575
37.149998,-120.049995,2019-10-17 00:00:00,0,0.11428276
37.149998,-119.95,2019-10-17 00:00:00,0,0.21100295
37.149998,-119.84999,2019-10-17 00:00:00,0,1.4922619
37.149998,-119.75,2019-10-17 00:00:00,0,1.7156628
37.149998,-119.649994,2019-10-17 00:00:00,0,1.2070396
37.149998,-119.549995,2019-10-17 00:00:00,0,0.35622185
37.149998,-119.45,2019-10-17 00:00:00,0,0.2954415
37.149998,-119.34999,2019-10-17 00:00:00,0,0.32576585
37.149998,-119.25,2019-10-17 00:00:00,0,0.17169616
37.149998,-119.149994,2019-10-17 00:00:00,0,0.09352308
37.149998,-119.049995,2019-10-17 00:00:00,0,0.054524828
37.149998,-118.95,2019-10-17 00:00:00,0,0.10682768
37.149998,-118.84999,2019-10-17 00:00:00,0,0.090131916
37.149998,-118.75,2019-10-17 00:00:00,0,0.12137247
37.149998,-118.649994,2019-10-17 00:00:00,0,0.9138
37.149998,-118.549995,2019-10-17 00:00:00,0,0.064897716
37.149998,-118.45,2019-10-17 00:00:00,0,0.092224486
37.149998,-118.34999,2019-10-17 00:00:00,0,0.10417867
37.149998,-118.25,2019-10-17 00:00:00,0,0.092747115
37.149998,-118.149994,2019-10-17 00:00:00,0,0.044053297
37.149998,-118.049995,2019-10-17 00:00:00,0,0.05723416
37.149998,-117.95,2019-10-17 00:00:00,0,0.15212668
37.149998,-117.84999,2019-10-17 00:00:00,0,0.2556517
37.149998,-117.75,2019-10-17 00:00:00,0,0.39730862
37.149998,-117.649994,2019-10-17 00:00:00,0,0.31857035
37.149998,-117.549995,2019-10-17 00:00:00,0,0.18196465
37.149998,-117.45,2019-10-17 00:00:00,0,0.080445796
37.149998,-117.34999,2019-10-17 00:00:00,0,0.0
37.149998,-117.25,2019-10-17 00:00:00,0,0.0
37.149998,-117.149994,2019-10-17 00:00:00,0,0.0
37.149998,-117.049995,2019-10-17 00:00:00,0,0.0
37.149998,-116.95,2019-10-17 00:00:00,0,0.0
37.149998,-116.84999,2019-10-17 00:00:00,0,0.0
37.149998,-116.75,2019-10-17 00:00:00,0,0.0
37.149998,-116.649994,2019-10-17 00:00:00,0,0.0
37.149998,-116.549995,2019-10-17 00:00:00,0,0.0
37.149998,-116.45,2019-10-17 00:00:00,0,0.0
37.149998,-116.34999,2019-10-17 00:00:00,0,0.0
37.149998,-116.25,2019-10-17 00:00:00,0,0.0
37.149998,-116.149994,2019-10-17 00:00:00,0,0.0
37.149998,-116.049995,2019-10-17 00:00:00,0,0.0
37.149998,-115.95,2019-10-17 00:00:00,0,0.0
37.149998,-115.85,2019-10-17 00:00:00,0,0.0
37.149998,-115.74999,2019-10-17 00:00:00,0,0.0
37.149998,-115.649994,2019-10-17 00:00:00,0,0.0
37.149998,-115.549995,2019-10-17 00:00:00,0,0.0
37.149998,-115.45,2019-10-17 00:00:00,0,0.0
37.149998,-115.35,2019-10-17 00:00:00,0,0.0
37.149998,-115.24999,2019-10-17 00:00:00,0,0.0
37.149998,-115.149994,2019-10-17 00:00:00,0,0.0
37.149998,-115.049995,2019-10-17 00:00:00,0,0.0
37.149998,-114.95,2019-10-17 00:00:00,0,0.0
37.149998,-114.85,2019-10-17 00:00:00,0,0.0
37.149998,-114.74999,2019-10-17 00:00:00,0,0.0
37.149998,-114.649994,2019-10-17 00:00:00,0,0.0
37.149998,-114.549995,2019-10-17 00:00:00,0,0.0
37.149998,-114.45,2019-10-17 00:00:00,0,0.0
37.149998,-114.35,2019-10-17 00:00:00,0,0.0
37.149998,-114.24999,2019-10-17 00:00:00,0,0.0
37.250004,-124.34999,2019-10-17 00:00:00,0,0.0
37.250004,-124.25,2019-10-17 00:00:00,0,0.0
37.250004,-124.149994,2019-10-17 00:00:00,0,0.0
37.250004,-124.049995,2019-10-17 00:00:00,0,0.0
37.250004,-123.95,2019-10-17 00:00:00,0,0.0
37.250004,-123.84999,2019-10-17 00:00:00,0,0.0
37.250004,-123.75,2019-10-17 00:00:00,0,0.0
37.250004,-123.649994,2019-10-17 00:00:00,0,0.0
37.250004,-123.549995,2019-10-17 00:00:00,0,0.0
37.250004,-123.45,2019-10-17 00:00:00,0,0.0
37.250004,-123.34999,2019-10-17 00:00:00,0,0.0
37.250004,-123.25,2019-10-17 00:00:00,0,0.0
37.250004,-123.149994,2019-10-17 00:00:00,0,0.0
37.250004,-123.049995,2019-10-17 00:00:00,0,0.0
37.250004,-122.95,2019-10-17 00:00:00,0,0.0
37.250004,-122.84999,2019-10-17 00:00:00,0,0.0
37.250004,-122.75,2019-10-17 00:00:00,0,0.0
37.250004,-122.649994,2019-10-17 00:00:00,0,0.0
37.250004,-122.549995,2019-10-17 00:00:00,0,0.0
37.250004,-122.45,2019-10-17 00:00:00,0,0.0
37.250004,-122.34999,2019-10-17 00:00:00,0,0.7899917
37.250004,-122.25,2019-10-17 00:00:00,0,0.83031785
37.250004,-122.149994,2019-10-17 00:00:00,0,0.70613337
37.250004,-122.049995,2019-10-17 00:00:00,0,0.5880619
37.250004,-121.95,2019-10-17 00:00:00,0,0.591936
37.250004,-121.84999,2019-10-17 00:00:00,0,0.508628
37.250004,-121.75,2019-10-17 00:00:00,0,0.3978866
37.250004,-121.649994,2019-10-17 00:00:00,0,0.844242
37.250004,-121.549995,2019-10-17 00:00:00,0,1.000788
37.250004,-121.45,2019-10-17 00:00:00,0,1.2197598
37.250004,-121.34999,2019-10-17 00:00:00,0,1.2727435
37.250004,-121.25,2019-10-17 00:00:00,0,1.1439415
37.250004,-121.149994,2019-10-17 00:00:00,0,0.95079815
37.250004,-121.049995,2019-10-17 00:00:00,0,1.1063441
37.250004,-120.95,2019-10-17 00:00:00,0,0.98903584
37.250004,-120.84999,2019-10-17 00:00:00,0,1.3978081
37.250004,-120.75,2019-10-17 00:00:00,0,0.8808239
37.250004,-120.649994,2019-10-17 00:00:00,0,0.51533586
37.250004,-120.549995,2019-10-17 00:00:00,0,0.26582748
37.250004,-120.45,2019-10-17 00:00:00,0,0.16402853
37.250004,-120.34999,2019-10-17 00:00:00,0,0.116315275
37.250004,-120.25,2019-10-17 00:00:00,0,0.08156736
37.250004,-120.149994,2019-10-17 00:00:00,0,0.2149253
37.250004,-120.049995,2019-10-17 00:00:00,0,0.26733148
37.250004,-119.95,2019-10-17 00:00:00,0,0.09036098
37.250004,-119.84999,2019-10-17 00:00:00,0,2.037863
37.250004,-119.75,2019-10-17 00:00:00,0,0.21263954
37.250004,-119.649994,2019-10-17 00:00:00,0,0.2593291
37.250004,-119.549995,2019-10-17 00:00:00,0,0.24866886
37.250004,-119.45,2019-10-17 00:00:00,0,0.27654243
37.250004,-119.34999,2019-10-17 00:00:00,0,0.5575956
37.250004,-119.25,2019-10-17 00:00:00,0,0.558588
37.250004,-119.149994,2019-10-17 00:00:00,0,0.9865265
37.250004,-119.049995,2019-10-17 00:00:00,0,0.18591845
37.250004,-118.95,2019-10-17 00:00:00,0,0.10757098
37.250004,-118.84999,2019-10-17 00:00:00,0,0.0647331
37.250004,-118.75,2019-10-17 00:00:00,0,0.09996352
37.250004,-118.649994,2019-10-17 00:00:00,0,0.06931737
37.250004,-118.549995,2019-10-17 00:00:00,0,0.05740673
37.250004,-118.45,2019-10-17 00:00:00,0,0.30608544
37.250004,-118.34999,2019-10-17 00:00:00,0,0.2904829
37.250004,-118.25,2019-10-17 00:00:00,0,0.10137104
37.250004,-118.149994,2019-10-17 00:00:00,0,0.12991786
37.250004,-118.049995,2019-10-17 00:00:00,0,0.30080047
37.250004,-117.95,2019-10-17 00:00:00,0,0.21495867
37.250004,-117.84999,2019-10-17 00:00:00,0,0.23408896
37.250004,-117.75,2019-10-17 00:00:00,0,0.19740193
37.250004,-117.649994,2019-10-17 00:00:00,0,0.22258805
37.250004,-117.549995,2019-10-17 00:00:00,0,0.26792347
37.250004,-117.45,2019-10-17 00:00:00,0,0.0
37.250004,-117.34999,2019-10-17 00:00:00,0,0.0
37.250004,-117.25,2019-10-17 00:00:00,0,0.0
37.250004,-117.149994,2019-10-17 00:00:00,0,0.0
37.250004,-117.049995,2019-10-17 00:00:00,0,0.0
37.250004,-116.95,2019-10-17 00:00:00,0,0.0
37.250004,-116.84999,2019-10-17 00:00:00,0,0.0
37.250004,-116.75,2019-10-17 00:00:00,0,0.0
37.250004,-116.649994,2019-10-17 00:00:00,0,0.0
37.250004,-116.549995,2019-10-17 00:00:00,0,0.0
37.250004,-116.45,2019-10-17 00:00:00,0,0.0
37.250004,-116.34999,2019-10-17 00:00:00,0,0.0
37.250004,-116.25,2019-10-17 00:00:00,0,0.0
37.250004,-116.149994,2019-10-17 00:00:00,0,0.0
37.250004,-116.049995,2019-10-17 00:00:00,0,0.0
37.250004,-115.95,2019-10-17 00:00:00,0,0.0
37.250004,-115.85,2019-10-17 00:00:00,0,0.0
37.250004,-115.74999,2019-10-17 00:00:00,0,0.0
37.250004,-115.649994,2019-10-17 00:00:00,0,0.0
37.250004,-115.549995,2019-10-17 00:00:00,0,0.0
37.250004,-115.45,2019-10-17 00:00:00,0,0.0
37.250004,-115.35,2019-10-17 00:00:00,0,0.0
37.250004,-115.24999,2019-10-17 00:00:00,0,0.0
37.250004,-115.149994,2019-10-17 00:00:00,0,0.0
37.250004,-115.049995,2019-10-17 00:00:00,0,0.0
37.250004,-114.95,2019-10-17 00:00:00,0,0.0
37.250004,-114.85,2019-10-17 00:00:00,0,0.0
37.250004,-114.74999,2019-10-17 00:00:00,0,0.0
37.250004,-114.649994,2019-10-17 00:00:00,0,0.0
37.250004,-114.549995,2019-10-17 00:00:00,0,0.0
37.250004,-114.45,2019-10-17 00:00:00,0,0.0
37.250004,-114.35,2019-10-17 00:00:00,0,0.0
37.250004,-114.24999,2019-10-17 00:00:00,0,0.0
37.350002,-124.34999,2019-10-17 00:00:00,0,0.0
37.350002,-124.25,2019-10-17 00:00:00,0,0.0
37.350002,-124.149994,2019-10-17 00:00:00,0,0.0
37.350002,-124.049995,2019-10-17 00:00:00,0,0.0
37.350002,-123.95,2019-10-17 00:00:00,0,0.0
37.350002,-123.84999,2019-10-17 00:00:00,0,0.0
37.350002,-123.75,2019-10-17 00:00:00,0,0.0
37.350002,-123.649994,2019-10-17 00:00:00,0,0.0
37.350002,-123.549995,2019-10-17 00:00:00,0,0.0
37.350002,-123.45,2019-10-17 00:00:00,0,0.0
37.350002,-123.34999,2019-10-17 00:00:00,0,0.0
37.350002,-123.25,2019-10-17 00:00:00,0,0.0
37.350002,-123.149994,2019-10-17 00:00:00,0,0.0
37.350002,-123.049995,2019-10-17 00:00:00,0,0.0
37.350002,-122.95,2019-10-17 00:00:00,0,0.0
37.350002,-122.84999,2019-10-17 00:00:00,0,0.0
37.350002,-122.75,2019-10-17 00:00:00,0,0.0
37.350002,-122.649994,2019-10-17 00:00:00,0,0.0
37.350002,-122.549995,2019-10-17 00:00:00,0,0.0
37.350002,-122.45,2019-10-17 00:00:00,0,0.0
37.350002,-122.34999,2019-10-17 00:00:00,0,0.5839569
37.350002,-122.25,2019-10-17 00:00:00,0,0.5894269
37.350002,-122.149994,2019-10-17 00:00:00,0,0.3783153
37.350002,-122.049995,2019-10-17 00:00:00,0,0.47438768
37.350002,-121.95,2019-10-17 00:00:00,0,0.36304936
37.350002,-121.84999,2019-10-17 00:00:00,0,0.2734662
37.350002,-121.75,2019-10-17 00:00:00,0,0.5406194
37.350002,-121.649994,2019-10-17 00:00:00,0,0.8697135
37.350002,-121.549995,2019-10-17 00:00:00,0,0.96619177
37.350002,-121.45,2019-10-17 00:00:00,0,1.1872424
37.350002,-121.34999,2019-10-17 00:00:00,0,1.2462325
37.350002,-121.25,2019-10-17 00:00:00,0,0.9024899
37.350002,-121.149994,2019-10-17 00:00:00,0,0.49319902
37.350002,-121.049995,2019-10-17 00:00:00,0,0.36790603
37.350002,-120.95,2019-10-17 00:00:00,0,0.74203515
37.350002,-120.84999,2019-10-17 00:00:00,0,0.9326936
37.350002,-120.75,2019-10-17 00:00:00,0,0.92389625
37.350002,-120.649994,2019-10-17 00:00:00,0,1.0188404
37.350002,-120.549995,2019-10-17 00:00:00,0,0.76201946
37.350002,-120.45,2019-10-17 00:00:00,0,0.4766513
37.350002,-120.34999,2019-10-17 00:00:00,0,0.47377402
37.350002,-120.25,2019-10-17 00:00:00,0,0.15357989
37.350002,-120.149994,2019-10-17 00:00:00,0,0.24221613
37.350002,-120.049995,2019-10-17 00:00:00,0,0.31760353
37.350002,-119.95,2019-10-17 00:00:00,0,0.17239207
37.350002,-119.84999,2019-10-17 00:00:00,0,0.38749444
37.350002,-119.75,2019-10-17 00:00:00,0,0.055189792
37.350002,-119.649994,2019-10-17 00:00:00,0,0.10929805
37.350002,-119.549995,2019-10-17 00:00:00,0,0.16817793
37.350002,-119.45,2019-10-17 00:00:00,0,0.2378843
37.350002,-119.34999,2019-10-17 00:00:00,0,0.32635653
37.350002,-119.25,2019-10-17 00:00:00,0,0.3156311
37.350002,-119.149994,2019-10-17 00:00:00,0,0.2958302
37.350002,-119.049995,2019-10-17 00:00:00,0,0.26951894
37.350002,-118.95,2019-10-17 00:00:00,0,0.10671727
37.350002,-118.84999,2019-10-17 00:00:00,0,0.07927967
37.350002,-118.75,2019-10-17 00:00:00,0,0.028409686
37.350002,-118.649994,2019-10-17 00:00:00,0,0.01716585
37.350002,-118.549995,2019-10-17 00:00:00,0,0.0790999
37.350002,-118.45,2019-10-17 00:00:00,0,0.11609368
37.350002,-118.34999,2019-10-17 00:00:00,0,0.22553691
37.350002,-118.25,2019-10-17 00:00:00,0,0.115046404
37.350002,-118.149994,2019-10-17 00:00:00,0,0.051022306
37.350002,-118.049995,2019-10-17 00:00:00,0,0.38308555
37.350002,-117.95,2019-10-17 00:00:00,0,0.3333741
37.350002,-117.84999,2019-10-17 00:00:00,0,0.29038003
37.350002,-117.75,2019-10-17 00:00:00,0,0.20863436
37.350002,-117.649994,2019-10-17 00:00:00,0,0.0
37.350002,-117.549995,2019-10-17 00:00:00,0,0.0
37.350002,-117.45,2019-10-17 00:00:00,0,0.0
37.350002,-117.34999,2019-10-17 00:00:00,0,0.0
37.350002,-117.25,2019-10-17 00:00:00,0,0.0
37.350002,-117.149994,2019-10-17 00:00:00,0,0.0
37.350002,-117.049995,2019-10-17 00:00:00,0,0.0
37.350002,-116.95,2019-10-17 00:00:00,0,0.0
37.350002,-116.84999,2019-10-17 00:00:00,0,0.0
37.350002,-116.75,2019-10-17 00:00:00,0,0.0
37.350002,-116.649994,2019-10-17 00:00:00,0,0.0
37.350002,-116.549995,2019-10-17 00:00:00,0,0.0
37.350002,-116.45,2019-10-17 00:00:00,0,0.0
37.350002,-116.34999,2019-10-17 00:00:00,0,0.0
37.350002,-116.25,2019-10-17 00:00:00,0,0.0
37.350002,-116.149994,2019-10-17 00:00:00,0,0.0
37.350002,-116.049995,2019-10-17 00:00:00,0,0.0
37.350002,-115.95,2019-10-17 00:00:00,0,0.0
37.350002,-115.85,2019-10-17 00:00:00,0,0.0
37.350002,-115.74999,2019-10-17 00:00:00,0,0.0
37.350002,-115.649994,2019-10-17 00:00:00,0,0.0
37.350002,-115.549995,2019-10-17 00:00:00,0,0.0
37.350002,-115.45,2019-10-17 00:00:00,0,0.0
37.350002,-115.35,2019-10-17 00:00:00,0,0.0
37.350002,-115.24999,2019-10-17 00:00:00,0,0.0
37.350002,-115.149994,2019-10-17 00:00:00,0,0.0
37.350002,-115.049995,2019-10-17 00:00:00,0,0.0
37.350002,-114.95,2019-10-17 00:00:00,0,0.0
37.350002,-114.85,2019-10-17 00:00:00,0,0.0
37.350002,-114.74999,2019-10-17 00:00:00,0,0.0
37.350002,-114.649994,2019-10-17 00:00:00,0,0.0
37.350002,-114.549995,2019-10-17 00:00:00,0,0.0
37.350002,-114.45,2019-10-17 00:00:00,0,0.0
37.350002,-114.35,2019-10-17 00:00:00,0,0.0
37.350002,-114.24999,2019-10-17 00:00:00,0,0.0
37.45,-124.34999,2019-10-17 00:00:00,0,0.0
37.45,-124.25,2019-10-17 00:00:00,0,0.0
37.45,-124.149994,2019-10-17 00:00:00,0,0.0
37.45,-124.049995,2019-10-17 00:00:00,0,0.0
37.45,-123.95,2019-10-17 00:00:00,0,0.0
37.45,-123.84999,2019-10-17 00:00:00,0,0.0
37.45,-123.75,2019-10-17 00:00:00,0,0.0
37.45,-123.649994,2019-10-17 00:00:00,0,0.0
37.45,-123.549995,2019-10-17 00:00:00,0,0.0
37.45,-123.45,2019-10-17 00:00:00,0,0.0
37.45,-123.34999,2019-10-17 00:00:00,0,0.0
37.45,-123.25,2019-10-17 00:00:00,0,0.0
37.45,-123.149994,2019-10-17 00:00:00,0,0.0
37.45,-123.049995,2019-10-17 00:00:00,0,0.0
37.45,-122.95,2019-10-17 00:00:00,0,0.0
37.45,-122.84999,2019-10-17 00:00:00,0,0.0
37.45,-122.75,2019-10-17 00:00:00,0,0.0
37.45,-122.649994,2019-10-17 00:00:00,0,0.0
37.45,-122.549995,2019-10-17 00:00:00,0,0.0
37.45,-122.45,2019-10-17 00:00:00,0,0.0
37.45,-122.34999,2019-10-17 00:00:00,0,0.55807173
37.45,-122.25,2019-10-17 00:00:00,0,0.45964092
37.45,-122.149994,2019-10-17 00:00:00,0,0.4263554
37.45,-122.049995,2019-10-17 00:00:00,0,0.31975242
37.45,-121.95,2019-10-17 00:00:00,0,0.17437918
37.45,-121.84999,2019-10-17 00:00:00,0,0.42399657
37.45,-121.75,2019-10-17 00:00:00,0,0.6162924
37.45,-121.649994,2019-10-17 00:00:00,0,0.41783398
37.45,-121.549995,2019-10-17 00:00:00,0,0.9954691
37.45,-121.45,2019-10-17 00:00:00,0,1.0529379
37.45,-121.34999,2019-10-17 00:00:00,0,0.69119596
37.45,-121.25,2019-10-17 00:00:00,0,0.45239526
37.45,-121.149994,2019-10-17 00:00:00,0,0.43703282
37.45,-121.049995,2019-10-17 00:00:00,0,0.7020074
37.45,-120.95,2019-10-17 00:00:00,0,1.1110084
37.45,-120.84999,2019-10-17 00:00:00,0,1.0410129
37.45,-120.75,2019-10-17 00:00:00,0,1.1060128
37.45,-120.649994,2019-10-17 00:00:00,0,1.57727
37.45,-120.549995,2019-10-17 00:00:00,0,1.6941729
37.45,-120.45,2019-10-17 00:00:00,0,0.9088299
37.45,-120.34999,2019-10-17 00:00:00,0,0.34751984
37.45,-120.25,2019-10-17 00:00:00,0,0.15508635
37.45,-120.149994,2019-10-17 00:00:00,0,0.26471677
37.45,-120.049995,2019-10-17 00:00:00,0,0.44169962
37.45,-119.95,2019-10-17 00:00:00,0,0.12358122
37.45,-119.84999,2019-10-17 00:00:00,0,0.019926786
37.45,-119.75,2019-10-17 00:00:00,0,0.16610509
37.45,-119.649994,2019-10-17 00:00:00,0,0.06358056
37.45,-119.549995,2019-10-17 00:00:00,0,0.11590936
37.45,-119.45,2019-10-17 00:00:00,0,0.081698194
37.45,-119.34999,2019-10-17 00:00:00,0,0.097685605
37.45,-119.25,2019-10-17 00:00:00,0,0.19972464
37.45,-119.149994,2019-10-17 00:00:00,0,0.31530568
37.45,-119.049995,2019-10-17 00:00:00,0,0.42881936
37.45,-118.95,2019-10-17 00:00:00,0,0.15794955
37.45,-118.84999,2019-10-17 00:00:00,0,0.029586362
37.45,-118.75,2019-10-17 00:00:00,0,0.060837694
37.45,-118.649994,2019-10-17 00:00:00,0,0.10488221
37.45,-118.549995,2019-10-17 00:00:00,0,0.3895956
37.45,-118.45,2019-10-17 00:00:00,0,0.13663787
37.45,-118.34999,2019-10-17 00:00:00,0,0.14169693
37.45,-118.25,2019-10-17 00:00:00,0,0.04289293
37.45,-118.149994,2019-10-17 00:00:00,0,1.6236981
37.45,-118.049995,2019-10-17 00:00:00,0,0.09932696
37.45,-117.95,2019-10-17 00:00:00,0,0.56287587
37.45,-117.84999,2019-10-17 00:00:00,0,0.3002888
37.45,-117.75,2019-10-17 00:00:00,0,0.0
37.45,-117.649994,2019-10-17 00:00:00,0,0.0
37.45,-117.549995,2019-10-17 00:00:00,0,0.0
37.45,-117.45,2019-10-17 00:00:00,0,0.0
37.45,-117.34999,2019-10-17 00:00:00,0,0.0
37.45,-117.25,2019-10-17 00:00:00,0,0.0
37.45,-117.149994,2019-10-17 00:00:00,0,0.0
37.45,-117.049995,2019-10-17 00:00:00,0,0.0
37.45,-116.95,2019-10-17 00:00:00,0,0.0
37.45,-116.84999,2019-10-17 00:00:00,0,0.0
37.45,-116.75,2019-10-17 00:00:00,0,0.0
37.45,-116.649994,2019-10-17 00:00:00,0,0.0
37.45,-116.549995,2019-10-17 00:00:00,0,0.0
37.45,-116.45,2019-10-17 00:00:00,0,0.0
37.45,-116.34999,2019-10-17 00:00:00,0,0.0
37.45,-116.25,2019-10-17 00:00:00,0,0.0
37.45,-116.149994,2019-10-17 00:00:00,0,0.0
37.45,-116.049995,2019-10-17 00:00:00,0,0.0
37.45,-115.95,2019-10-17 00:00:00,0,0.0
37.45,-115.85,2019-10-17 00:00:00,0,0.0
37.45,-115.74999,2019-10-17 00:00:00,0,0.0
37.45,-115.649994,2019-10-17 00:00:00,0,0.0
37.45,-115.549995,2019-10-17 00:00:00,0,0.0
37.45,-115.45,2019-10-17 00:00:00,0,0.0
37.45,-115.35,2019-10-17 00:00:00,0,0.0
37.45,-115.24999,2019-10-17 00:00:00,0,0.0
37.45,-115.149994,2019-10-17 00:00:00,0,0.0
37.45,-115.049995,2019-10-17 00:00:00,0,0.0
37.45,-114.95,2019-10-17 00:00:00,0,0.0
37.45,-114.85,2019-10-17 00:00:00,0,0.0
37.45,-114.74999,2019-10-17 00:00:00,0,0.0
37.45,-114.649994,2019-10-17 00:00:00,0,0.0
37.45,-114.549995,2019-10-17 00:00:00,0,0.0
37.45,-114.45,2019-10-17 00:00:00,0,0.0
37.45,-114.35,2019-10-17 00:00:00,0,0.0
37.45,-114.24999,2019-10-17 00:00:00,0,0.0
37.55,-124.34999,2019-10-17 00:00:00,0,0.0
37.55,-124.25,2019-10-17 00:00:00,0,0.0
37.55,-124.149994,2019-10-17 00:00:00,0,0.0
37.55,-124.049995,2019-10-17 00:00:00,0,0.0
37.55,-123.95,2019-10-17 00:00:00,0,0.0
37.55,-123.84999,2019-10-17 00:00:00,0,0.0
37.55,-123.75,2019-10-17 00:00:00,0,0.0
37.55,-123.649994,2019-10-17 00:00:00,0,0.0
37.55,-123.549995,2019-10-17 00:00:00,0,0.0
37.55,-123.45,2019-10-17 00:00:00,0,0.0
37.55,-123.34999,2019-10-17 00:00:00,0,0.0
37.55,-123.25,2019-10-17 00:00:00,0,0.0
37.55,-123.149994,2019-10-17 00:00:00,0,0.0
37.55,-123.049995,2019-10-17 00:00:00,0,0.0
37.55,-122.95,2019-10-17 00:00:00,0,0.0
37.55,-122.84999,2019-10-17 00:00:00,0,0.0
37.55,-122.75,2019-10-17 00:00:00,0,0.0
37.55,-122.649994,2019-10-17 00:00:00,0,0.0
37.55,-122.549995,2019-10-17 00:00:00,0,0.0
37.55,-122.45,2019-10-17 00:00:00,0,1.212576
37.55,-122.34999,2019-10-17 00:00:00,0,0.8766047
37.55,-122.25,2019-10-17 00:00:00,0,0.8049978
37.55,-122.149994,2019-10-17 00:00:00,0,0.47113633
37.55,-122.049995,2019-10-17 00:00:00,0,0.2015482
37.55,-121.95,2019-10-17 00:00:00,0,0.46360767
37.55,-121.84999,2019-10-17 00:00:00,0,0.6839806
37.55,-121.75,2019-10-17 00:00:00,0,0.31998968
37.55,-121.649994,2019-10-17 00:00:00,0,0.21641083
37.55,-121.549995,2019-10-17 00:00:00,0,0.8769906
37.55,-121.45,2019-10-17 00:00:00,0,1.1330439
37.55,-121.34999,2019-10-17 00:00:00,0,0.6969077
37.55,-121.25,2019-10-17 00:00:00,0,0.46974972
37.55,-121.149994,2019-10-17 00:00:00,0,0.55020636
37.55,-121.049995,2019-10-17 00:00:00,0,0.9710187
37.55,-120.95,2019-10-17 00:00:00,0,1.0298026
37.55,-120.84999,2019-10-17 00:00:00,0,0.74729335
37.55,-120.75,2019-10-17 00:00:00,0,0.6359007
37.55,-120.649994,2019-10-17 00:00:00,0,1.1545559
37.55,-120.549995,2019-10-17 00:00:00,0,1.2717619
37.55,-120.45,2019-10-17 00:00:00,0,0.8459141
37.55,-120.34999,2019-10-17 00:00:00,0,0.25746837
37.55,-120.25,2019-10-17 00:00:00,0,0.13690287
37.55,-120.149994,2019-10-17 00:00:00,0,0.31964433
37.55,-120.049995,2019-10-17 00:00:00,0,0.26288837
37.55,-119.95,2019-10-17 00:00:00,0,0.06486096
37.55,-119.84999,2019-10-17 00:00:00,0,0.1189312
37.55,-119.75,2019-10-17 00:00:00,0,0.2824215
37.55,-119.649994,2019-10-17 00:00:00,0,0.23169684
37.55,-119.549995,2019-10-17 00:00:00,0,0.01603462
37.55,-119.45,2019-10-17 00:00:00,0,0.03432234
37.55,-119.34999,2019-10-17 00:00:00,0,0.14211214
37.55,-119.25,2019-10-17 00:00:00,0,0.11753969
37.55,-119.149994,2019-10-17 00:00:00,0,0.20469904
37.55,-119.049995,2019-10-17 00:00:00,0,0.30371708
37.55,-118.95,2019-10-17 00:00:00,0,0.098151326
37.55,-118.84999,2019-10-17 00:00:00,0,0.03939856
37.55,-118.75,2019-10-17 00:00:00,0,0.09071635
37.55,-118.649994,2019-10-17 00:00:00,0,0.07685209
37.55,-118.549995,2019-10-17 00:00:00,0,0.10387018
37.55,-118.45,2019-10-17 00:00:00,0,0.07359188
37.55,-118.34999,2019-10-17 00:00:00,0,0.024655726
37.55,-118.25,2019-10-17 00:00:00,0,0.14933541
37.55,-118.149994,2019-10-17 00:00:00,0,0.28307682
37.55,-118.049995,2019-10-17 00:00:00,0,0.20457192
37.55,-117.95,2019-10-17 00:00:00,0,0.25829968
37.55,-117.84999,2019-10-17 00:00:00,0,0.0
37.55,-117.75,2019-10-17 00:00:00,0,0.0
37.55,-117.649994,2019-10-17 00:00:00,0,0.0
37.55,-117.549995,2019-10-17 00:00:00,0,0.0
37.55,-117.45,2019-10-17 00:00:00,0,0.0
37.55,-117.34999,2019-10-17 00:00:00,0,0.0
37.55,-117.25,2019-10-17 00:00:00,0,0.0
37.55,-117.149994,2019-10-17 00:00:00,0,0.0
37.55,-117.049995,2019-10-17 00:00:00,0,0.0
37.55,-116.95,2019-10-17 00:00:00,0,0.0
37.55,-116.84999,2019-10-17 00:00:00,0,0.0
37.55,-116.75,2019-10-17 00:00:00,0,0.0
37.55,-116.649994,2019-10-17 00:00:00,0,0.0
37.55,-116.549995,2019-10-17 00:00:00,0,0.0
37.55,-116.45,2019-10-17 00:00:00,0,0.0
37.55,-116.34999,2019-10-17 00:00:00,0,0.0
37.55,-116.25,2019-10-17 00:00:00,0,0.0
37.55,-116.149994,2019-10-17 00:00:00,0,0.0
37.55,-116.049995,2019-10-17 00:00:00,0,0.0
37.55,-115.95,2019-10-17 00:00:00,0,0.0
37.55,-115.85,2019-10-17 00:00:00,0,0.0
37.55,-115.74999,2019-10-17 00:00:00,0,0.0
37.55,-115.649994,2019-10-17 00:00:00,0,0.0
37.55,-115.549995,2019-10-17 00:00:00,0,0.0
37.55,-115.45,2019-10-17 00:00:00,0,0.0
37.55,-115.35,2019-10-17 00:00:00,0,0.0
37.55,-115.24999,2019-10-17 00:00:00,0,0.0
37.55,-115.149994,2019-10-17 00:00:00,0,0.0
37.55,-115.049995,2019-10-17 00:00:00,0,0.0
37.55,-114.95,2019-10-17 00:00:00,0,0.0
37.55,-114.85,2019-10-17 00:00:00,0,0.0
37.55,-114.74999,2019-10-17 00:00:00,0,0.0
37.55,-114.649994,2019-10-17 00:00:00,0,0.0
37.55,-114.549995,2019-10-17 00:00:00,0,0.0
37.55,-114.45,2019-10-17 00:00:00,0,0.0
37.55,-114.35,2019-10-17 00:00:00,0,0.0
37.55,-114.24999,2019-10-17 00:00:00,0,0.0
37.649998,-124.34999,2019-10-17 00:00:00,0,0.0
37.649998,-124.25,2019-10-17 00:00:00,0,0.0
37.649998,-124.149994,2019-10-17 00:00:00,0,0.0
37.649998,-124.049995,2019-10-17 00:00:00,0,0.0
37.649998,-123.95,2019-10-17 00:00:00,0,0.0
37.649998,-123.84999,2019-10-17 00:00:00,0,0.0
37.649998,-123.75,2019-10-17 00:00:00,0,0.0
37.649998,-123.649994,2019-10-17 00:00:00,0,0.0
37.649998,-123.549995,2019-10-17 00:00:00,0,0.0
37.649998,-123.45,2019-10-17 00:00:00,0,0.0
37.649998,-123.34999,2019-10-17 00:00:00,0,0.0
37.649998,-123.25,2019-10-17 00:00:00,0,0.0
37.649998,-123.149994,2019-10-17 00:00:00,0,0.0
37.649998,-123.049995,2019-10-17 00:00:00,0,0.0
37.649998,-122.95,2019-10-17 00:00:00,0,0.0
37.649998,-122.84999,2019-10-17 00:00:00,0,0.0
37.649998,-122.75,2019-10-17 00:00:00,0,0.0
37.649998,-122.649994,2019-10-17 00:00:00,0,0.0
37.649998,-122.549995,2019-10-17 00:00:00,0,0.0
37.649998,-122.45,2019-10-17 00:00:00,0,2.003935
37.649998,-122.34999,2019-10-17 00:00:00,0,1.5120298
37.649998,-122.25,2019-10-17 00:00:00,0,1.2128378
37.649998,-122.149994,2019-10-17 00:00:00,0,0.82740885
37.649998,-122.049995,2019-10-17 00:00:00,0,0.98216736
37.649998,-121.95,2019-10-17 00:00:00,0,1.0420105
37.649998,-121.84999,2019-10-17 00:00:00,0,0.5382333
37.649998,-121.75,2019-10-17 00:00:00,0,0.6251623
37.649998,-121.649994,2019-10-17 00:00:00,0,0.7095328
37.649998,-121.549995,2019-10-17 00:00:00,0,0.47536322
37.649998,-121.45,2019-10-17 00:00:00,0,0.27108374
37.649998,-121.34999,2019-10-17 00:00:00,0,0.551299
37.649998,-121.25,2019-10-17 00:00:00,0,0.65650964
37.649998,-121.149994,2019-10-17 00:00:00,0,0.9829881
37.649998,-121.049995,2019-10-17 00:00:00,0,1.0474821
37.649998,-120.95,2019-10-17 00:00:00,0,0.77317375
37.649998,-120.84999,2019-10-17 00:00:00,0,0.6457707
37.649998,-120.75,2019-10-17 00:00:00,0,0.5881392
37.649998,-120.649994,2019-10-17 00:00:00,0,0.6271839
37.649998,-120.549995,2019-10-17 00:00:00,0,0.39747643
37.649998,-120.45,2019-10-17 00:00:00,0,0.17549226
37.649998,-120.34999,2019-10-17 00:00:00,0,0.12382647
37.649998,-120.25,2019-10-17 00:00:00,0,0.16210102
37.649998,-120.149994,2019-10-17 00:00:00,0,0.61634034
37.649998,-120.049995,2019-10-17 00:00:00,0,0.8115348
37.649998,-119.95,2019-10-17 00:00:00,0,0.1818372
37.649998,-119.84999,2019-10-17 00:00:00,0,0.089593425
37.649998,-119.75,2019-10-17 00:00:00,0,0.71870196
37.649998,-119.649994,2019-10-17 00:00:00,0,0.22925168
37.649998,-119.549995,2019-10-17 00:00:00,0,0.041066315
37.649998,-119.45,2019-10-17 00:00:00,0,0.062442947
37.649998,-119.34999,2019-10-17 00:00:00,0,0.08255451
37.649998,-119.25,2019-10-17 00:00:00,0,0.1456
37.649998,-119.149994,2019-10-17 00:00:00,0,0.124775454
37.649998,-119.049995,2019-10-17 00:00:00,0,0.24766785
37.649998,-118.95,2019-10-17 00:00:00,0,0.1449663
37.649998,-118.84999,2019-10-17 00:00:00,0,0.10626099
37.649998,-118.75,2019-10-17 00:00:00,0,0.23996574
37.649998,-118.649994,2019-10-17 00:00:00,0,0.24407703
37.649998,-118.549995,2019-10-17 00:00:00,0,0.304285
37.649998,-118.45,2019-10-17 00:00:00,0,0.10366201
37.649998,-118.34999,2019-10-17 00:00:00,0,0.17845757
37.649998,-118.25,2019-10-17 00:00:00,0,0.086769365
37.649998,-118.149994,2019-10-17 00:00:00,0,0.20219788
37.649998,-118.049995,2019-10-17 00:00:00,0,0.0
37.649998,-117.95,2019-10-17 00:00:00,0,0.0
37.649998,-117.84999,2019-10-17 00:00:00,0,0.0
37.649998,-117.75,2019-10-17 00:00:00,0,0.0
37.649998,-117.649994,2019-10-17 00:00:00,0,0.0
37.649998,-117.549995,2019-10-17 00:00:00,0,0.0
37.649998,-117.45,2019-10-17 00:00:00,0,0.0
37.649998,-117.34999,2019-10-17 00:00:00,0,0.0
37.649998,-117.25,2019-10-17 00:00:00,0,0.0
37.649998,-117.149994,2019-10-17 00:00:00,0,0.0
37.649998,-117.049995,2019-10-17 00:00:00,0,0.0
37.649998,-116.95,2019-10-17 00:00:00,0,0.0
37.649998,-116.84999,2019-10-17 00:00:00,0,0.0
37.649998,-116.75,2019-10-17 00:00:00,0,0.0
37.649998,-116.649994,2019-10-17 00:00:00,0,0.0
37.649998,-116.549995,2019-10-17 00:00:00,0,0.0
37.649998,-116.45,2019-10-17 00:00:00,0,0.0
37.649998,-116.34999,2019-10-17 00:00:00,0,0.0
37.649998,-116.25,2019-10-17 00:00:00,0,0.0
37.649998,-116.149994,2019-10-17 00:00:00,0,0.0
37.649998,-116.049995,2019-10-17 00:00:00,0,0.0
37.649998,-115.95,2019-10-17 00:00:00,0,0.0
37.649998,-115.85,2019-10-17 00:00:00,0,0.0
37.649998,-115.74999,2019-10-17 00:00:00,0,0.0
37.649998,-115.649994,2019-10-17 00:00:00,0,0.0
37.649998,-115.549995,2019-10-17 00:00:00,0,0.0
37.649998,-115.45,2019-10-17 00:00:00,0,0.0
37.649998,-115.35,2019-10-17 00:00:00,0,0.0
37.649998,-115.24999,2019-10-17 00:00:00,0,0.0
37.649998,-115.149994,2019-10-17 00:00:00,0,0.0
37.649998,-115.049995,2019-10-17 00:00:00,0,0.0
37.649998,-114.95,2019-10-17 00:00:00,0,0.0
37.649998,-114.85,2019-10-17 00:00:00,0,0.0
37.649998,-114.74999,2019-10-17 00:00:00,0,0.0
37.649998,-114.649994,2019-10-17 00:00:00,0,0.0
37.649998,-114.549995,2019-10-17 00:00:00,0,0.0
37.649998,-114.45,2019-10-17 00:00:00,0,0.0
37.649998,-114.35,2019-10-17 00:00:00,0,0.0
37.649998,-114.24999,2019-10-17 00:00:00,0,0.0
37.750004,-124.34999,2019-10-17 00:00:00,0,0.0
37.750004,-124.25,2019-10-17 00:00:00,0,0.0
37.750004,-124.149994,2019-10-17 00:00:00,0,0.0
37.750004,-124.049995,2019-10-17 00:00:00,0,0.0
37.750004,-123.95,2019-10-17 00:00:00,0,0.0
37.750004,-123.84999,2019-10-17 00:00:00,0,0.0
37.750004,-123.75,2019-10-17 00:00:00,0,0.0
37.750004,-123.649994,2019-10-17 00:00:00,0,0.0
37.750004,-123.549995,2019-10-17 00:00:00,0,0.0
37.750004,-123.45,2019-10-17 00:00:00,0,0.0
37.750004,-123.34999,2019-10-17 00:00:00,0,0.0
37.750004,-123.25,2019-10-17 00:00:00,0,0.0
37.750004,-123.149994,2019-10-17 00:00:00,0,0.0
37.750004,-123.049995,2019-10-17 00:00:00,0,0.0
37.750004,-122.95,2019-10-17 00:00:00,0,0.0
37.750004,-122.84999,2019-10-17 00:00:00,0,0.0
37.750004,-122.75,2019-10-17 00:00:00,0,0.0
37.750004,-122.649994,2019-10-17 00:00:00,0,0.0
37.750004,-122.549995,2019-10-17 00:00:00,0,0.0
37.750004,-122.45,2019-10-17 00:00:00,0,2.1924152
37.750004,-122.34999,2019-10-17 00:00:00,0,2.0172613
37.750004,-122.25,2019-10-17 00:00:00,0,1.345795
37.750004,-122.149994,2019-10-17 00:00:00,0,1.3593043
37.750004,-122.049995,2019-10-17 00:00:00,0,1.5358785
37.750004,-121.95,2019-10-17 00:00:00,0,1.2350628
37.750004,-121.84999,2019-10-17 00:00:00,0,0.91446143
37.750004,-121.75,2019-10-17 00:00:00,0,0.64263844
37.750004,-121.649994,2019-10-17 00:00:00,0,0.59657925
37.750004,-121.549995,2019-10-17 00:00:00,0,0.25950372
37.750004,-121.45,2019-10-17 00:00:00,0,0.12543008
37.750004,-121.34999,2019-10-17 00:00:00,0,0.40311658
37.750004,-121.25,2019-10-17 00:00:00,0,0.8921256
37.750004,-121.149994,2019-10-17 00:00:00,0,1.0781769
37.750004,-121.049995,2019-10-17 00:00:00,0,0.74718267
37.750004,-120.95,2019-10-17 00:00:00,0,0.69344586
37.750004,-120.84999,2019-10-17 00:00:00,0,0.63962454
37.750004,-120.75,2019-10-17 00:00:00,0,0.65429187
37.750004,-120.649994,2019-10-17 00:00:00,0,0.5908136
37.750004,-120.549995,2019-10-17 00:00:00,0,0.18333164
37.750004,-120.45,2019-10-17 00:00:00,0,0.06954577
37.750004,-120.34999,2019-10-17 00:00:00,0,0.15808524
37.750004,-120.25,2019-10-17 00:00:00,0,0.630057
37.750004,-120.149994,2019-10-17 00:00:00,0,1.3051637
37.750004,-120.049995,2019-10-17 00:00:00,0,3.0218465
37.750004,-119.95,2019-10-17 00:00:00,0,0.76572037
37.750004,-119.84999,2019-10-17 00:00:00,0,0.24768347
37.750004,-119.75,2019-10-17 00:00:00,0,0.23290694
37.750004,-119.649994,2019-10-17 00:00:00,0,0.14662975
37.750004,-119.549995,2019-10-17 00:00:00,0,0.030035868
37.750004,-119.45,2019-10-17 00:00:00,0,0.012757122
37.750004,-119.34999,2019-10-17 00:00:00,0,0.03177931
37.750004,-119.25,2019-10-17 00:00:00,0,0.17992078
37.750004,-119.149994,2019-10-17 00:00:00,0,0.14254913
37.750004,-119.049995,2019-10-17 00:00:00,0,0.08388068
37.750004,-118.95,2019-10-17 00:00:00,0,0.13027054
37.750004,-118.84999,2019-10-17 00:00:00,0,0.3280401
37.750004,-118.75,2019-10-17 00:00:00,0,0.4099266
37.750004,-118.649994,2019-10-17 00:00:00,0,0.26102263
37.750004,-118.549995,2019-10-17 00:00:00,0,0.14757198
37.750004,-118.45,2019-10-17 00:00:00,0,0.28984886
37.750004,-118.34999,2019-10-17 00:00:00,0,0.04852946
37.750004,-118.25,2019-10-17 00:00:00,0,0.08277653
37.750004,-118.149994,2019-10-17 00:00:00,0,0.0
37.750004,-118.049995,2019-10-17 00:00:00,0,0.0
37.750004,-117.95,2019-10-17 00:00:00,0,0.0
37.750004,-117.84999,2019-10-17 00:00:00,0,0.0
37.750004,-117.75,2019-10-17 00:00:00,0,0.0
37.750004,-117.649994,2019-10-17 00:00:00,0,0.0
37.750004,-117.549995,2019-10-17 00:00:00,0,0.0
37.750004,-117.45,2019-10-17 00:00:00,0,0.0
37.750004,-117.34999,2019-10-17 00:00:00,0,0.0
37.750004,-117.25,2019-10-17 00:00:00,0,0.0
37.750004,-117.149994,2019-10-17 00:00:00,0,0.0
37.750004,-117.049995,2019-10-17 00:00:00,0,0.0
37.750004,-116.95,2019-10-17 00:00:00,0,0.0
37.750004,-116.84999,2019-10-17 00:00:00,0,0.0
37.750004,-116.75,2019-10-17 00:00:00,0,0.0
37.750004,-116.649994,2019-10-17 00:00:00,0,0.0
37.750004,-116.549995,2019-10-17 00:00:00,0,0.0
37.750004,-116.45,2019-10-17 00:00:00,0,0.0
37.750004,-116.34999,2019-10-17 00:00:00,0,0.0
37.750004,-116.25,2019-10-17 00:00:00,0,0.0
37.750004,-116.149994,2019-10-17 00:00:00,0,0.0
37.750004,-116.049995,2019-10-17 00:00:00,0,0.0
37.750004,-115.95,2019-10-17 00:00:00,0,0.0
37.750004,-115.85,2019-10-17 00:00:00,0,0.0
37.750004,-115.74999,2019-10-17 00:00:00,0,0.0
37.750004,-115.649994,2019-10-17 00:00:00,0,0.0
37.750004,-115.549995,2019-10-17 00:00:00,0,0.0
37.750004,-115.45,2019-10-17 00:00:00,0,0.0
37.750004,-115.35,2019-10-17 00:00:00,0,0.0
37.750004,-115.24999,2019-10-17 00:00:00,0,0.0
37.750004,-115.149994,2019-10-17 00:00:00,0,0.0
37.750004,-115.049995,2019-10-17 00:00:00,0,0.0
37.750004,-114.95,2019-10-17 00:00:00,0,0.0
37.750004,-114.85,2019-10-17 00:00:00,0,0.0
37.750004,-114.74999,2019-10-17 00:00:00,0,0.0
37.750004,-114.649994,2019-10-17 00:00:00,0,0.0
37.750004,-114.549995,2019-10-17 00:00:00,0,0.0
37.750004,-114.45,2019-10-17 00:00:00,0,0.0
37.750004,-114.35,2019-10-17 00:00:00,0,0.0
37.750004,-114.24999,2019-10-17 00:00:00,0,0.0
37.850002,-124.34999,2019-10-17 00:00:00,0,0.0
37.850002,-124.25,2019-10-17 00:00:00,0,0.0
37.850002,-124.149994,2019-10-17 00:00:00,0,0.0
37.850002,-124.049995,2019-10-17 00:00:00,0,0.0
37.850002,-123.95,2019-10-17 00:00:00,0,0.0
37.850002,-123.84999,2019-10-17 00:00:00,0,0.0
37.850002,-123.75,2019-10-17 00:00:00,0,0.0
37.850002,-123.649994,2019-10-17 00:00:00,0,0.0
37.850002,-123.549995,2019-10-17 00:00:00,0,0.0
37.850002,-123.45,2019-10-17 00:00:00,0,0.0
37.850002,-123.34999,2019-10-17 00:00:00,0,0.0
37.850002,-123.25,2019-10-17 00:00:00,0,0.0
37.850002,-123.149994,2019-10-17 00:00:00,0,0.0
37.850002,-123.049995,2019-10-17 00:00:00,0,0.0
37.850002,-122.95,2019-10-17 00:00:00,0,0.0
37.850002,-122.84999,2019-10-17 00:00:00,0,0.0
37.850002,-122.75,2019-10-17 00:00:00,0,0.0
37.850002,-122.649994,2019-10-17 00:00:00,0,0.0
37.850002,-122.549995,2019-10-17 00:00:00,0,1.7505052
37.850002,-122.45,2019-10-17 00:00:00,0,1.8922646
37.850002,-122.34999,2019-10-17 00:00:00,0,2.1295588
37.850002,-122.25,2019-10-17 00:00:00,0,2.3372498
37.850002,-122.149994,2019-10-17 00:00:00,0,2.337263
37.850002,-122.049995,2019-10-17 00:00:00,0,1.9938357
37.850002,-121.95,2019-10-17 00:00:00,0,1.8539076
37.850002,-121.84999,2019-10-17 00:00:00,0,1.8226415
37.850002,-121.75,2019-10-17 00:00:00,0,0.9668457
37.850002,-121.649994,2019-10-17 00:00:00,0,0.80311614
37.850002,-121.549995,2019-10-17 00:00:00,0,0.4472884
37.850002,-121.45,2019-10-17 00:00:00,0,0.41648382
37.850002,-121.34999,2019-10-17 00:00:00,0,0.84325546
37.850002,-121.25,2019-10-17 00:00:00,0,1.1029767
37.850002,-121.149994,2019-10-17 00:00:00,0,0.79290754
37.850002,-121.049995,2019-10-17 00:00:00,0,0.7402731
37.850002,-120.95,2019-10-17 00:00:00,0,0.62680984
37.850002,-120.84999,2019-10-17 00:00:00,0,0.61709154
37.850002,-120.75,2019-10-17 00:00:00,0,0.47805518
37.850002,-120.649994,2019-10-17 00:00:00,0,0.16992988
37.850002,-120.549995,2019-10-17 00:00:00,0,0.06492711
37.850002,-120.45,2019-10-17 00:00:00,0,0.116419494
37.850002,-120.34999,2019-10-17 00:00:00,0,0.14295623
37.850002,-120.25,2019-10-17 00:00:00,0,0.14011867
37.850002,-120.149994,2019-10-17 00:00:00,0,0.61854345
37.850002,-120.049995,2019-10-17 00:00:00,0,1.8699037
37.850002,-119.95,2019-10-17 00:00:00,0,2.0554607
37.850002,-119.84999,2019-10-17 00:00:00,0,0.55134654
37.850002,-119.75,2019-10-17 00:00:00,0,0.41292173
37.850002,-119.649994,2019-10-17 00:00:00,0,0.2825001
37.850002,-119.549995,2019-10-17 00:00:00,0,0.050944254
37.850002,-119.45,2019-10-17 00:00:00,0,0.009406188
37.850002,-119.34999,2019-10-17 00:00:00,0,0.15293896
37.850002,-119.25,2019-10-17 00:00:00,0,0.17816643
37.850002,-119.149994,2019-10-17 00:00:00,0,0.119594835
37.850002,-119.049995,2019-10-17 00:00:00,0,0.031632416
37.850002,-118.95,2019-10-17 00:00:00,0,0.4256674
37.850002,-118.84999,2019-10-17 00:00:00,0,1.7357364
37.850002,-118.75,2019-10-17 00:00:00,0,1.4093888
37.850002,-118.649994,2019-10-17 00:00:00,0,0.32022017
37.850002,-118.549995,2019-10-17 00:00:00,0,0.36825776
37.850002,-118.45,2019-10-17 00:00:00,0,0.36680353
37.850002,-118.34999,2019-10-17 00:00:00,0,0.0
37.850002,-118.25,2019-10-17 00:00:00,0,0.0
37.850002,-118.149994,2019-10-17 00:00:00,0,0.0
37.850002,-118.049995,2019-10-17 00:00:00,0,0.0
37.850002,-117.95,2019-10-17 00:00:00,0,0.0
37.850002,-117.84999,2019-10-17 00:00:00,0,0.0
37.850002,-117.75,2019-10-17 00:00:00,0,0.0
37.850002,-117.649994,2019-10-17 00:00:00,0,0.0
37.850002,-117.549995,2019-10-17 00:00:00,0,0.0
37.850002,-117.45,2019-10-17 00:00:00,0,0.0
37.850002,-117.34999,2019-10-17 00:00:00,0,0.0
37.850002,-117.25,2019-10-17 00:00:00,0,0.0
37.850002,-117.149994,2019-10-17 00:00:00,0,0.0
37.850002,-117.049995,2019-10-17 00:00:00,0,0.0
37.850002,-116.95,2019-10-17 00:00:00,0,0.0
37.850002,-116.84999,2019-10-17 00:00:00,0,0.0
37.850002,-116.75,2019-10-17 00:00:00,0,0.0
37.850002,-116.649994,2019-10-17 00:00:00,0,0.0
37.850002,-116.549995,2019-10-17 00:00:00,0,0.0
37.850002,-116.45,2019-10-17 00:00:00,0,0.0
37.850002,-116.34999,2019-10-17 00:00:00,0,0.0
37.850002,-116.25,2019-10-17 00:00:00,0,0.0
37.850002,-116.149994,2019-10-17 00:00:00,0,0.0
37.850002,-116.049995,2019-10-17 00:00:00,0,0.0
37.850002,-115.95,2019-10-17 00:00:00,0,0.0
37.850002,-115.85,2019-10-17 00:00:00,0,0.0
37.850002,-115.74999,2019-10-17 00:00:00,0,0.0
37.850002,-115.649994,2019-10-17 00:00:00,0,0.0
37.850002,-115.549995,2019-10-17 00:00:00,0,0.0
37.850002,-115.45,2019-10-17 00:00:00,0,0.0
37.850002,-115.35,2019-10-17 00:00:00,0,0.0
37.850002,-115.24999,2019-10-17 00:00:00,0,0.0
37.850002,-115.149994,2019-10-17 00:00:00,0,0.0
37.850002,-115.049995,2019-10-17 00:00:00,0,0.0
37.850002,-114.95,2019-10-17 00:00:00,0,0.0
37.850002,-114.85,2019-10-17 00:00:00,0,0.0
37.850002,-114.74999,2019-10-17 00:00:00,0,0.0
37.850002,-114.649994,2019-10-17 00:00:00,0,0.0
37.850002,-114.549995,2019-10-17 00:00:00,0,0.0
37.850002,-114.45,2019-10-17 00:00:00,0,0.0
37.850002,-114.35,2019-10-17 00:00:00,0,0.0
37.850002,-114.24999,2019-10-17 00:00:00,0,0.0
37.95,-124.34999,2019-10-17 00:00:00,0,0.0
37.95,-124.25,2019-10-17 00:00:00,0,0.0
37.95,-124.149994,2019-10-17 00:00:00,0,0.0
37.95,-124.049995,2019-10-17 00:00:00,0,0.0
37.95,-123.95,2019-10-17 00:00:00,0,0.0
37.95,-123.84999,2019-10-17 00:00:00,0,0.0
37.95,-123.75,2019-10-17 00:00:00,0,0.0
37.95,-123.649994,2019-10-17 00:00:00,0,0.0
37.95,-123.549995,2019-10-17 00:00:00,0,0.0
37.95,-123.45,2019-10-17 00:00:00,0,0.0
37.95,-123.34999,2019-10-17 00:00:00,0,0.0
37.95,-123.25,2019-10-17 00:00:00,0,0.0
37.95,-123.149994,2019-10-17 00:00:00,0,0.0
37.95,-123.049995,2019-10-17 00:00:00,0,0.0
37.95,-122.95,2019-10-17 00:00:00,0,0.0
37.95,-122.84999,2019-10-17 00:00:00,0,0.0
37.95,-122.75,2019-10-17 00:00:00,0,1.0900791
37.95,-122.649994,2019-10-17 00:00:00,0,1.5326276
37.95,-122.549995,2019-10-17 00:00:00,0,1.7927845
37.95,-122.45,2019-10-17 00:00:00,0,1.991049
37.95,-122.34999,2019-10-17 00:00:00,0,2.5143998
37.95,-122.25,2019-10-17 00:00:00,0,3.001168
37.95,-122.149994,2019-10-17 00:00:00,0,2.8245742
37.95,-122.049995,2019-10-17 00:00:00,0,2.5342412
37.95,-121.95,2019-10-17 00:00:00,0,2.8393593
37.95,-121.84999,2019-10-17 00:00:00,0,2.4058473
37.95,-121.75,2019-10-17 00:00:00,0,1.7511079
37.95,-121.649994,2019-10-17 00:00:00,0,1.0978878
37.95,-121.549995,2019-10-17 00:00:00,0,0.7513085
37.95,-121.45,2019-10-17 00:00:00,0,0.7438153
37.95,-121.34999,2019-10-17 00:00:00,0,1.134851
37.95,-121.25,2019-10-17 00:00:00,0,0.84690523
37.95,-121.149994,2019-10-17 00:00:00,0,0.815234
37.95,-121.049995,2019-10-17 00:00:00,0,0.6192413
37.95,-120.95,2019-10-17 00:00:00,0,0.47366065
37.95,-120.84999,2019-10-17 00:00:00,0,0.33391792
37.95,-120.75,2019-10-17 00:00:00,0,0.09163703
37.95,-120.649994,2019-10-17 00:00:00,0,0.12664783
37.95,-120.549995,2019-10-17 00:00:00,0,0.06961916
37.95,-120.45,2019-10-17 00:00:00,0,0.13
37.95,-120.34999,2019-10-17 00:00:00,0,0.060695313
37.95,-120.25,2019-10-17 00:00:00,0,0.24388191
37.95,-120.149994,2019-10-17 00:00:00,0,0.20764637
37.95,-120.049995,2019-10-17 00:00:00,0,0.8292856
37.95,-119.95,2019-10-17 00:00:00,0,2.9730701
37.95,-119.84999,2019-10-17 00:00:00,0,1.2339809
37.95,-119.75,2019-10-17 00:00:00,0,0.79574245
37.95,-119.649994,2019-10-17 00:00:00,0,1.1673551
37.95,-119.549995,2019-10-17 00:00:00,0,0.18146841
37.95,-119.45,2019-10-17 00:00:00,0,0.002329631
37.95,-119.34999,2019-10-17 00:00:00,0,0.09638708
37.95,-119.25,2019-10-17 00:00:00,0,0.10067732
37.95,-119.149994,2019-10-17 00:00:00,0,0.118493356
37.95,-119.049995,2019-10-17 00:00:00,0,0.1522749
37.95,-118.95,2019-10-17 00:00:00,0,0.2850085
37.95,-118.84999,2019-10-17 00:00:00,0,1.2499038
37.95,-118.75,2019-10-17 00:00:00,0,1.6930836
37.95,-118.649994,2019-10-17 00:00:00,0,0.40553093
37.95,-118.549995,2019-10-17 00:00:00,0,0.36747363
37.95,-118.45,2019-10-17 00:00:00,0,0.0
37.95,-118.34999,2019-10-17 00:00:00,0,0.0
37.95,-118.25,2019-10-17 00:00:00,0,0.0
37.95,-118.149994,2019-10-17 00:00:00,0,0.0
37.95,-118.049995,2019-10-17 00:00:00,0,0.0
37.95,-117.95,2019-10-17 00:00:00,0,0.0
37.95,-117.84999,2019-10-17 00:00:00,0,0.0
37.95,-117.75,2019-10-17 00:00:00,0,0.0
37.95,-117.649994,2019-10-17 00:00:00,0,0.0
37.95,-117.549995,2019-10-17 00:00:00,0,0.0
37.95,-117.45,2019-10-17 00:00:00,0,0.0
37.95,-117.34999,2019-10-17 00:00:00,0,0.0
37.95,-117.25,2019-10-17 00:00:00,0,0.0
37.95,-117.149994,2019-10-17 00:00:00,0,0.0
37.95,-117.049995,2019-10-17 00:00:00,0,0.0
37.95,-116.95,2019-10-17 00:00:00,0,0.0
37.95,-116.84999,2019-10-17 00:00:00,0,0.0
37.95,-116.75,2019-10-17 00:00:00,0,0.0
37.95,-116.649994,2019-10-17 00:00:00,0,0.0
37.95,-116.549995,2019-10-17 00:00:00,0,0.0
37.95,-116.45,2019-10-17 00:00:00,0,0.0
37.95,-116.34999,2019-10-17 00:00:00,0,0.0
37.95,-116.25,2019-10-17 00:00:00,0,0.0
37.95,-116.149994,2019-10-17 00:00:00,0,0.0
37.95,-116.049995,2019-10-17 00:00:00,0,0.0
37.95,-115.95,2019-10-17 00:00:00,0,0.0
37.95,-115.85,2019-10-17 00:00:00,0,0.0
37.95,-115.74999,2019-10-17 00:00:00,0,0.0
37.95,-115.649994,2019-10-17 00:00:00,0,0.0
37.95,-115.549995,2019-10-17 00:00:00,0,0.0
37.95,-115.45,2019-10-17 00:00:00,0,0.0
37.95,-115.35,2019-10-17 00:00:00,0,0.0
37.95,-115.24999,2019-10-17 00:00:00,0,0.0
37.95,-115.149994,2019-10-17 00:00:00,0,0.0
37.95,-115.049995,2019-10-17 00:00:00,0,0.0
37.95,-114.95,2019-10-17 00:00:00,0,0.0
37.95,-114.85,2019-10-17 00:00:00,0,0.0
37.95,-114.74999,2019-10-17 00:00:00,0,0.0
37.95,-114.649994,2019-10-17 00:00:00,0,0.0
37.95,-114.549995,2019-10-17 00:00:00,0,0.0
37.95,-114.45,2019-10-17 00:00:00,0,0.0
37.95,-114.35,2019-10-17 00:00:00,0,0.0
37.95,-114.24999,2019-10-17 00:00:00,0,0.0
38.05,-124.34999,2019-10-17 00:00:00,0,0.0
38.05,-124.25,2019-10-17 00:00:00,0,0.0
38.05,-124.149994,2019-10-17 00:00:00,0,0.0
38.05,-124.049995,2019-10-17 00:00:00,0,0.0
38.05,-123.95,2019-10-17 00:00:00,0,0.0
38.05,-123.84999,2019-10-17 00:00:00,0,0.0
38.05,-123.75,2019-10-17 00:00:00,0,0.0
38.05,-123.649994,2019-10-17 00:00:00,0,0.0
38.05,-123.549995,2019-10-17 00:00:00,0,0.0
38.05,-123.45,2019-10-17 00:00:00,0,0.0
38.05,-123.34999,2019-10-17 00:00:00,0,0.0
38.05,-123.25,2019-10-17 00:00:00,0,0.0
38.05,-123.149994,2019-10-17 00:00:00,0,0.0
38.05,-123.049995,2019-10-17 00:00:00,0,0.0
38.05,-122.95,2019-10-17 00:00:00,0,0.37892956
38.05,-122.84999,2019-10-17 00:00:00,0,0.7022727
38.05,-122.75,2019-10-17 00:00:00,0,0.66872513
38.05,-122.649994,2019-10-17 00:00:00,0,1.2134278
38.05,-122.549995,2019-10-17 00:00:00,0,1.5779816
38.05,-122.45,2019-10-17 00:00:00,0,2.3135388
38.05,-122.34999,2019-10-17 00:00:00,0,2.972559
38.05,-122.25,2019-10-17 00:00:00,0,3.0731168
38.05,-122.149994,2019-10-17 00:00:00,0,3.121387
38.05,-122.049995,2019-10-17 00:00:00,0,3.5175502
38.05,-121.95,2019-10-17 00:00:00,0,3.0267878
38.05,-121.84999,2019-10-17 00:00:00,0,2.8994048
38.05,-121.75,2019-10-17 00:00:00,0,1.8963872
38.05,-121.649994,2019-10-17 00:00:00,0,1.4328291
38.05,-121.549995,2019-10-17 00:00:00,0,1.2602866
38.05,-121.45,2019-10-17 00:00:00,0,1.1978383
38.05,-121.34999,2019-10-17 00:00:00,0,0.90734136
38.05,-121.25,2019-10-17 00:00:00,0,1.0036622
38.05,-121.149994,2019-10-17 00:00:00,0,0.6398821
38.05,-121.049995,2019-10-17 00:00:00,0,0.39451724
38.05,-120.95,2019-10-17 00:00:00,0,0.20891057
38.05,-120.84999,2019-10-17 00:00:00,0,0.016041957
38.05,-120.75,2019-10-17 00:00:00,0,0.1331293
38.05,-120.649994,2019-10-17 00:00:00,0,0.12144803
38.05,-120.549995,2019-10-17 00:00:00,0,0.25339428
38.05,-120.45,2019-10-17 00:00:00,0,0.16115794
38.05,-120.34999,2019-10-17 00:00:00,0,0.2791654
38.05,-120.25,2019-10-17 00:00:00,0,0.10286325
38.05,-120.149994,2019-10-17 00:00:00,0,0.13116778
38.05,-120.049995,2019-10-17 00:00:00,0,0.3235655
38.05,-119.95,2019-10-17 00:00:00,0,1.50916
38.05,-119.84999,2019-10-17 00:00:00,0,1.0939204
38.05,-119.75,2019-10-17 00:00:00,0,0.5937682
38.05,-119.649994,2019-10-17 00:00:00,0,0.9155425
38.05,-119.549995,2019-10-17 00:00:00,0,0.1660233
38.05,-119.45,2019-10-17 00:00:00,0,0.007277802
38.05,-119.34999,2019-10-17 00:00:00,0,0.107640035
38.05,-119.25,2019-10-17 00:00:00,0,0.13932122
38.05,-119.149994,2019-10-17 00:00:00,0,0.11949499
38.05,-119.049995,2019-10-17 00:00:00,0,0.020412967
38.05,-118.95,2019-10-17 00:00:00,0,0.13934153
38.05,-118.84999,2019-10-17 00:00:00,0,0.7551619
38.05,-118.75,2019-10-17 00:00:00,0,0.5278661
38.05,-118.649994,2019-10-17 00:00:00,0,0.22965878
38.05,-118.549995,2019-10-17 00:00:00,0,0.0
38.05,-118.45,2019-10-17 00:00:00,0,0.0
38.05,-118.34999,2019-10-17 00:00:00,0,0.0
38.05,-118.25,2019-10-17 00:00:00,0,0.0
38.05,-118.149994,2019-10-17 00:00:00,0,0.0
38.05,-118.049995,2019-10-17 00:00:00,0,0.0
38.05,-117.95,2019-10-17 00:00:00,0,0.0
38.05,-117.84999,2019-10-17 00:00:00,0,0.0
38.05,-117.75,2019-10-17 00:00:00,0,0.0
38.05,-117.649994,2019-10-17 00:00:00,0,0.0
38.05,-117.549995,2019-10-17 00:00:00,0,0.0
38.05,-117.45,2019-10-17 00:00:00,0,0.0
38.05,-117.34999,2019-10-17 00:00:00,0,0.0
38.05,-117.25,2019-10-17 00:00:00,0,0.0
38.05,-117.149994,2019-10-17 00:00:00,0,0.0
38.05,-117.049995,2019-10-17 00:00:00,0,0.0
38.05,-116.95,2019-10-17 00:00:00,0,0.0
38.05,-116.84999,2019-10-17 00:00:00,0,0.0
38.05,-116.75,2019-10-17 00:00:00,0,0.0
38.05,-116.649994,2019-10-17 00:00:00,0,0.0
38.05,-116.549995,2019-10-17 00:00:00,0,0.0
38.05,-116.45,2019-10-17 00:00:00,0,0.0
38.05,-116.34999,2019-10-17 00:00:00,0,0.0
38.05,-116.25,2019-10-17 00:00:00,0,0.0
38.05,-116.149994,2019-10-17 00:00:00,0,0.0
38.05,-116.049995,2019-10-17 00:00:00,0,0.0
38.05,-115.95,2019-10-17 00:00:00,0,0.0
38.05,-115.85,2019-10-17 00:00:00,0,0.0
38.05,-115.74999,2019-10-17 00:00:00,0,0.0
38.05,-115.649994,2019-10-17 00:00:00,0,0.0
38.05,-115.549995,2019-10-17 00:00:00,0,0.0
38.05,-115.45,2019-10-17 00:00:00,0,0.0
38.05,-115.35,2019-10-17 00:00:00,0,0.0
38.05,-115.24999,2019-10-17 00:00:00,0,0.0
38.05,-115.149994,2019-10-17 00:00:00,0,0.0
38.05,-115.049995,2019-10-17 00:00:00,0,0.0
38.05,-114.95,2019-10-17 00:00:00,0,0.0
38.05,-114.85,2019-10-17 00:00:00,0,0.0
38.05,-114.74999,2019-10-17 00:00:00,0,0.0
38.05,-114.649994,2019-10-17 00:00:00,0,0.0
38.05,-114.549995,2019-10-17 00:00:00,0,0.0
38.05,-114.45,2019-10-17 00:00:00,0,0.0
38.05,-114.35,2019-10-17 00:00:00,0,0.0
38.05,-114.24999,2019-10-17 00:00:00,0,0.0
38.150005,-124.34999,2019-10-17 00:00:00,0,0.0
38.150005,-124.25,2019-10-17 00:00:00,0,0.0
38.150005,-124.149994,2019-10-17 00:00:00,0,0.0
38.150005,-124.049995,2019-10-17 00:00:00,0,0.0
38.150005,-123.95,2019-10-17 00:00:00,0,0.0
38.150005,-123.84999,2019-10-17 00:00:00,0,0.0
38.150005,-123.75,2019-10-17 00:00:00,0,0.0
38.150005,-123.649994,2019-10-17 00:00:00,0,0.0
38.150005,-123.549995,2019-10-17 00:00:00,0,0.0
38.150005,-123.45,2019-10-17 00:00:00,0,0.0
38.150005,-123.34999,2019-10-17 00:00:00,0,0.0
38.150005,-123.25,2019-10-17 00:00:00,0,0.0
38.150005,-123.149994,2019-10-17 00:00:00,0,0.0
38.150005,-123.049995,2019-10-17 00:00:00,0,0.0
38.150005,-122.95,2019-10-17 00:00:00,0,0.18488467
38.150005,-122.84999,2019-10-17 00:00:00,0,0.35847014
38.150005,-122.75,2019-10-17 00:00:00,0,0.4943054
38.150005,-122.649994,2019-10-17 00:00:00,0,0.7602594
38.150005,-122.549995,2019-10-17 00:00:00,0,1.3282628
38.150005,-122.45,2019-10-17 00:00:00,0,2.3202443
38.150005,-122.34999,2019-10-17 00:00:00,0,2.551578
38.150005,-122.25,2019-10-17 00:00:00,0,2.61727
38.150005,-122.149994,2019-10-17 00:00:00,0,3.456746
38.150005,-122.049995,2019-10-17 00:00:00,0,3.4044127
38.150005,-121.95,2019-10-17 00:00:00,0,3.3393118
38.150005,-121.84999,2019-10-17 00:00:00,0,2.8517005
38.150005,-121.75,2019-10-17 00:00:00,0,2.201186
38.150005,-121.649994,2019-10-17 00:00:00,0,1.9306425
38.150005,-121.549995,2019-10-17 00:00:00,0,1.6376679
38.150005,-121.45,2019-10-17 00:00:00,0,1.0496572
38.150005,-121.34999,2019-10-17 00:00:00,0,1.0640002
38.150005,-121.25,2019-10-17 00:00:00,0,0.69043136
38.150005,-121.149994,2019-10-17 00:00:00,0,0.40462402
38.150005,-121.049995,2019-10-17 00:00:00,0,0.2483135
38.150005,-120.95,2019-10-17 00:00:00,0,0.10349193
38.150005,-120.84999,2019-10-17 00:00:00,0,0.19438405
38.150005,-120.75,2019-10-17 00:00:00,0,0.18067838
38.150005,-120.649994,2019-10-17 00:00:00,0,0.2977671
38.150005,-120.549995,2019-10-17 00:00:00,0,0.23061253
38.150005,-120.45,2019-10-17 00:00:00,0,0.13791952
38.150005,-120.34999,2019-10-17 00:00:00,0,0.11942679
38.150005,-120.25,2019-10-17 00:00:00,0,0.13027316
38.150005,-120.149994,2019-10-17 00:00:00,0,0.12768455
38.150005,-120.049995,2019-10-17 00:00:00,0,0.28787848
38.150005,-119.95,2019-10-17 00:00:00,0,0.75164187
38.150005,-119.84999,2019-10-17 00:00:00,0,0.8264323
38.150005,-119.75,2019-10-17 00:00:00,0,1.0597862
38.150005,-119.649994,2019-10-17 00:00:00,0,1.1867217
38.150005,-119.549995,2019-10-17 00:00:00,0,0.6107755
38.150005,-119.45,2019-10-17 00:00:00,0,0.28101146
38.150005,-119.34999,2019-10-17 00:00:00,0,0.24685869
38.150005,-119.25,2019-10-17 00:00:00,0,0.28060699
38.150005,-119.149994,2019-10-17 00:00:00,0,0.06928384
38.150005,-119.049995,2019-10-17 00:00:00,0,0.026872415
38.150005,-118.95,2019-10-17 00:00:00,0,0.19090831
38.150005,-118.84999,2019-10-17 00:00:00,0,1.4701334
38.150005,-118.75,2019-10-17 00:00:00,0,0.0
38.150005,-118.649994,2019-10-17 00:00:00,0,0.0
38.150005,-118.549995,2019-10-17 00:00:00,0,0.0
38.150005,-118.45,2019-10-17 00:00:00,0,0.0
38.150005,-118.34999,2019-10-17 00:00:00,0,0.0
38.150005,-118.25,2019-10-17 00:00:00,0,0.0
38.150005,-118.149994,2019-10-17 00:00:00,0,0.0
38.150005,-118.049995,2019-10-17 00:00:00,0,0.0
38.150005,-117.95,2019-10-17 00:00:00,0,0.0
38.150005,-117.84999,2019-10-17 00:00:00,0,0.0
38.150005,-117.75,2019-10-17 00:00:00,0,0.0
38.150005,-117.649994,2019-10-17 00:00:00,0,0.0
38.150005,-117.549995,2019-10-17 00:00:00,0,0.0
38.150005,-117.45,2019-10-17 00:00:00,0,0.0
38.150005,-117.34999,2019-10-17 00:00:00,0,0.0
38.150005,-117.25,2019-10-17 00:00:00,0,0.0
38.150005,-117.149994,2019-10-17 00:00:00,0,0.0
38.150005,-117.049995,2019-10-17 00:00:00,0,0.0
38.150005,-116.95,2019-10-17 00:00:00,0,0.0
38.150005,-116.84999,2019-10-17 00:00:00,0,0.0
38.150005,-116.75,2019-10-17 00:00:00,0,0.0
38.150005,-116.649994,2019-10-17 00:00:00,0,0.0
38.150005,-116.549995,2019-10-17 00:00:00,0,0.0
38.150005,-116.45,2019-10-17 00:00:00,0,0.0
38.150005,-116.34999,2019-10-17 00:00:00,0,0.0
38.150005,-116.25,2019-10-17 00:00:00,0,0.0
38.150005,-116.149994,2019-10-17 00:00:00,0,0.0
38.150005,-116.049995,2019-10-17 00:00:00,0,0.0
38.150005,-115.95,2019-10-17 00:00:00,0,0.0
38.150005,-115.85,2019-10-17 00:00:00,0,0.0
38.150005,-115.74999,2019-10-17 00:00:00,0,0.0
38.150005,-115.649994,2019-10-17 00:00:00,0,0.0
38.150005,-115.549995,2019-10-17 00:00:00,0,0.0
38.150005,-115.45,2019-10-17 00:00:00,0,0.0
38.150005,-115.35,2019-10-17 00:00:00,0,0.0
38.150005,-115.24999,2019-10-17 00:00:00,0,0.0
38.150005,-115.149994,2019-10-17 00:00:00,0,0.0
38.150005,-115.049995,2019-10-17 00:00:00,0,0.0
38.150005,-114.95,2019-10-17 00:00:00,0,0.0
38.150005,-114.85,2019-10-17 00:00:00,0,0.0
38.150005,-114.74999,2019-10-17 00:00:00,0,0.0
38.150005,-114.649994,2019-10-17 00:00:00,0,0.0
38.150005,-114.549995,2019-10-17 00:00:00,0,0.0
38.150005,-114.45,2019-10-17 00:00:00,0,0.0
38.150005,-114.35,2019-10-17 00:00:00,0,0.0
38.150005,-114.24999,2019-10-17 00:00:00,0,0.0
38.249996,-124.34999,2019-10-17 00:00:00,0,0.0
38.249996,-124.25,2019-10-17 00:00:00,0,0.0
38.249996,-124.149994,2019-10-17 00:00:00,0,0.0
38.249996,-124.049995,2019-10-17 00:00:00,0,0.0
38.249996,-123.95,2019-10-17 00:00:00,0,0.0
38.249996,-123.84999,2019-10-17 00:00:00,0,0.0
38.249996,-123.75,2019-10-17 00:00:00,0,0.0
38.249996,-123.649994,2019-10-17 00:00:00,0,0.0
38.249996,-123.549995,2019-10-17 00:00:00,0,0.0
38.249996,-123.45,2019-10-17 00:00:00,0,0.0
38.249996,-123.34999,2019-10-17 00:00:00,0,0.0
38.249996,-123.25,2019-10-17 00:00:00,0,0.0
38.249996,-123.149994,2019-10-17 00:00:00,0,0.0
38.249996,-123.049995,2019-10-17 00:00:00,0,0.0
38.249996,-122.95,2019-10-17 00:00:00,0,0.16712958
38.249996,-122.84999,2019-10-17 00:00:00,0,0.28887758
38.249996,-122.75,2019-10-17 00:00:00,0,0.28781354
38.249996,-122.649994,2019-10-17 00:00:00,0,0.3876584
38.249996,-122.549995,2019-10-17 00:00:00,0,0.9058254
38.249996,-122.45,2019-10-17 00:00:00,0,1.7560983
38.249996,-122.34999,2019-10-17 00:00:00,0,2.1166685
38.249996,-122.25,2019-10-17 00:00:00,0,2.6361854
38.249996,-122.149994,2019-10-17 00:00:00,0,3.127757
38.249996,-122.049995,2019-10-17 00:00:00,0,3.0632045
38.249996,-121.95,2019-10-17 00:00:00,0,2.8230007
38.249996,-121.84999,2019-10-17 00:00:00,0,2.585799
38.249996,-121.75,2019-10-17 00:00:00,0,2.325384
38.249996,-121.649994,2019-10-17 00:00:00,0,1.8126014
38.249996,-121.549995,2019-10-17 00:00:00,0,1.8539728
38.249996,-121.45,2019-10-17 00:00:00,0,1.8127229
38.249996,-121.34999,2019-10-17 00:00:00,0,1.4029095
38.249996,-121.25,2019-10-17 00:00:00,0,0.8806927
38.249996,-121.149994,2019-10-17 00:00:00,0,0.4836407
38.249996,-121.049995,2019-10-17 00:00:00,0,0.35441878
38.249996,-120.95,2019-10-17 00:00:00,0,0.3043399
38.249996,-120.84999,2019-10-17 00:00:00,0,0.5321047
38.249996,-120.75,2019-10-17 00:00:00,0,0.47320747
38.249996,-120.649994,2019-10-17 00:00:00,0,0.34731263
38.249996,-120.549995,2019-10-17 00:00:00,0,0.26177326
38.249996,-120.45,2019-10-17 00:00:00,0,0.1103426
38.249996,-120.34999,2019-10-17 00:00:00,0,0.094786376
38.249996,-120.25,2019-10-17 00:00:00,0,0.013165429
38.249996,-120.149994,2019-10-17 00:00:00,0,0.028979305
38.249996,-120.049995,2019-10-17 00:00:00,0,0.115907446
38.249996,-119.95,2019-10-17 00:00:00,0,0.17559278
38.249996,-119.84999,2019-10-17 00:00:00,0,0.3257159
38.249996,-119.75,2019-10-17 00:00:00,0,0.7893752
38.249996,-119.649994,2019-10-17 00:00:00,0,0.579791
38.249996,-119.549995,2019-10-17 00:00:00,0,0.739225
38.249996,-119.45,2019-10-17 00:00:00,0,0.2345629
38.249996,-119.34999,2019-10-17 00:00:00,0,0.68353367
38.249996,-119.25,2019-10-17 00:00:00,0,0.3333626
38.249996,-119.149994,2019-10-17 00:00:00,0,0.085070804
38.249996,-119.049995,2019-10-17 00:00:00,0,0.04467216
38.249996,-118.95,2019-10-17 00:00:00,0,0.052903824
38.249996,-118.84999,2019-10-17 00:00:00,0,0.0
38.249996,-118.75,2019-10-17 00:00:00,0,0.0
38.249996,-118.649994,2019-10-17 00:00:00,0,0.0
38.249996,-118.549995,2019-10-17 00:00:00,0,0.0
38.249996,-118.45,2019-10-17 00:00:00,0,0.0
38.249996,-118.34999,2019-10-17 00:00:00,0,0.0
38.249996,-118.25,2019-10-17 00:00:00,0,0.0
38.249996,-118.149994,2019-10-17 00:00:00,0,0.0
38.249996,-118.049995,2019-10-17 00:00:00,0,0.0
38.249996,-117.95,2019-10-17 00:00:00,0,0.0
38.249996,-117.84999,2019-10-17 00:00:00,0,0.0
38.249996,-117.75,2019-10-17 00:00:00,0,0.0
38.249996,-117.649994,2019-10-17 00:00:00,0,0.0
38.249996,-117.549995,2019-10-17 00:00:00,0,0.0
38.249996,-117.45,2019-10-17 00:00:00,0,0.0
38.249996,-117.34999,2019-10-17 00:00:00,0,0.0
38.249996,-117.25,2019-10-17 00:00:00,0,0.0
38.249996,-117.149994,2019-10-17 00:00:00,0,0.0
38.249996,-117.049995,2019-10-17 00:00:00,0,0.0
38.249996,-116.95,2019-10-17 00:00:00,0,0.0
38.249996,-116.84999,2019-10-17 00:00:00,0,0.0
38.249996,-116.75,2019-10-17 00:00:00,0,0.0
38.249996,-116.649994,2019-10-17 00:00:00,0,0.0
38.249996,-116.549995,2019-10-17 00:00:00,0,0.0
38.249996,-116.45,2019-10-17 00:00:00,0,0.0
38.249996,-116.34999,2019-10-17 00:00:00,0,0.0
38.249996,-116.25,2019-10-17 00:00:00,0,0.0
38.249996,-116.149994,2019-10-17 00:00:00,0,0.0
38.249996,-116.049995,2019-10-17 00:00:00,0,0.0
38.249996,-115.95,2019-10-17 00:00:00,0,0.0
38.249996,-115.85,2019-10-17 00:00:00,0,0.0
38.249996,-115.74999,2019-10-17 00:00:00,0,0.0
38.249996,-115.649994,2019-10-17 00:00:00,0,0.0
38.249996,-115.549995,2019-10-17 00:00:00,0,0.0
38.249996,-115.45,2019-10-17 00:00:00,0,0.0
38.249996,-115.35,2019-10-17 00:00:00,0,0.0
38.249996,-115.24999,2019-10-17 00:00:00,0,0.0
38.249996,-115.149994,2019-10-17 00:00:00,0,0.0
38.249996,-115.049995,2019-10-17 00:00:00,0,0.0
38.249996,-114.95,2019-10-17 00:00:00,0,0.0
38.249996,-114.85,2019-10-17 00:00:00,0,0.0
38.249996,-114.74999,2019-10-17 00:00:00,0,0.0
38.249996,-114.649994,2019-10-17 00:00:00,0,0.0
38.249996,-114.549995,2019-10-17 00:00:00,0,0.0
38.249996,-114.45,2019-10-17 00:00:00,0,0.0
38.249996,-114.35,2019-10-17 00:00:00,0,0.0
38.249996,-114.24999,2019-10-17 00:00:00,0,0.0
38.350002,-124.34999,2019-10-17 00:00:00,0,0.0
38.350002,-124.25,2019-10-17 00:00:00,0,0.0
38.350002,-124.149994,2019-10-17 00:00:00,0,0.0
38.350002,-124.049995,2019-10-17 00:00:00,0,0.0
38.350002,-123.95,2019-10-17 00:00:00,0,0.0
38.350002,-123.84999,2019-10-17 00:00:00,0,0.0
38.350002,-123.75,2019-10-17 00:00:00,0,0.0
38.350002,-123.649994,2019-10-17 00:00:00,0,0.0
38.350002,-123.549995,2019-10-17 00:00:00,0,0.0
38.350002,-123.45,2019-10-17 00:00:00,0,0.0
38.350002,-123.34999,2019-10-17 00:00:00,0,0.0
38.350002,-123.25,2019-10-17 00:00:00,0,0.0
38.350002,-123.149994,2019-10-17 00:00:00,0,0.0
38.350002,-123.049995,2019-10-17 00:00:00,0,0.16073348
38.350002,-122.95,2019-10-17 00:00:00,0,0.14624366
38.350002,-122.84999,2019-10-17 00:00:00,0,0.16814706
38.350002,-122.75,2019-10-17 00:00:00,0,0.24793817
38.350002,-122.649994,2019-10-17 00:00:00,0,0.29254752
38.350002,-122.549995,2019-10-17 00:00:00,0,0.5421939
38.350002,-122.45,2019-10-17 00:00:00,0,1.2705544
38.350002,-122.34999,2019-10-17 00:00:00,0,1.9716563
38.350002,-122.25,2019-10-17 00:00:00,0,2.5342803
38.350002,-122.149994,2019-10-17 00:00:00,0,2.8095086
38.350002,-122.049995,2019-10-17 00:00:00,0,3.028658
38.350002,-121.95,2019-10-17 00:00:00,0,2.9422297
38.350002,-121.84999,2019-10-17 00:00:00,0,2.5552893
38.350002,-121.75,2019-10-17 00:00:00,0,1.3707148
38.350002,-121.649994,2019-10-17 00:00:00,0,1.2159228
38.350002,-121.549995,2019-10-17 00:00:00,0,1.8730823
38.350002,-121.45,2019-10-17 00:00:00,0,1.8710669
38.350002,-121.34999,2019-10-17 00:00:00,0,1.625063
38.350002,-121.25,2019-10-17 00:00:00,0,1.3374252
38.350002,-121.149994,2019-10-17 00:00:00,0,0.6493932
38.350002,-121.049995,2019-10-17 00:00:00,0,0.29101938
38.350002,-120.95,2019-10-17 00:00:00,0,0.30438557
38.350002,-120.84999,2019-10-17 00:00:00,0,0.2305392
38.350002,-120.75,2019-10-17 00:00:00,0,0.33355442
38.350002,-120.649994,2019-10-17 00:00:00,0,0.25227866
38.350002,-120.549995,2019-10-17 00:00:00,0,0.089567974
38.350002,-120.45,2019-10-17 00:00:00,0,0.089567974
38.350002,-120.34999,2019-10-17 00:00:00,0,0.0
38.350002,-120.25,2019-10-17 00:00:00,0,0.018580493
38.350002,-120.149994,2019-10-17 00:00:00,0,0.033281684
38.350002,-120.049995,2019-10-17 00:00:00,0,0.0
38.350002,-119.95,2019-10-17 00:00:00,0,0.00085352827
38.350002,-119.84999,2019-10-17 00:00:00,0,0.13982676
38.350002,-119.75,2019-10-17 00:00:00,0,0.5414555
38.350002,-119.649994,2019-10-17 00:00:00,0,0.18830557
38.350002,-119.549995,2019-10-17 00:00:00,0,0.04081035
38.350002,-119.45,2019-10-17 00:00:00,0,0.026432915
38.350002,-119.34999,2019-10-17 00:00:00,0,0.1371773
38.350002,-119.25,2019-10-17 00:00:00,0,0.09002459
38.350002,-119.149994,2019-10-17 00:00:00,0,0.046197463
38.350002,-119.049995,2019-10-17 00:00:00,0,0.0
38.350002,-118.95,2019-10-17 00:00:00,0,0.0
38.350002,-118.84999,2019-10-17 00:00:00,0,0.0
38.350002,-118.75,2019-10-17 00:00:00,0,0.0
38.350002,-118.649994,2019-10-17 00:00:00,0,0.0
38.350002,-118.549995,2019-10-17 00:00:00,0,0.0
38.350002,-118.45,2019-10-17 00:00:00,0,0.0
38.350002,-118.34999,2019-10-17 00:00:00,0,0.0
38.350002,-118.25,2019-10-17 00:00:00,0,0.0
38.350002,-118.149994,2019-10-17 00:00:00,0,0.0
38.350002,-118.049995,2019-10-17 00:00:00,0,0.0
38.350002,-117.95,2019-10-17 00:00:00,0,0.0
38.350002,-117.84999,2019-10-17 00:00:00,0,0.0
38.350002,-117.75,2019-10-17 00:00:00,0,0.0
38.350002,-117.649994,2019-10-17 00:00:00,0,0.0
38.350002,-117.549995,2019-10-17 00:00:00,0,0.0
38.350002,-117.45,2019-10-17 00:00:00,0,0.0
38.350002,-117.34999,2019-10-17 00:00:00,0,0.0
38.350002,-117.25,2019-10-17 00:00:00,0,0.0
38.350002,-117.149994,2019-10-17 00:00:00,0,0.0
38.350002,-117.049995,2019-10-17 00:00:00,0,0.0
38.350002,-116.95,2019-10-17 00:00:00,0,0.0
38.350002,-116.84999,2019-10-17 00:00:00,0,0.0
38.350002,-116.75,2019-10-17 00:00:00,0,0.0
38.350002,-116.649994,2019-10-17 00:00:00,0,0.0
38.350002,-116.549995,2019-10-17 00:00:00,0,0.0
38.350002,-116.45,2019-10-17 00:00:00,0,0.0
38.350002,-116.34999,2019-10-17 00:00:00,0,0.0
38.350002,-116.25,2019-10-17 00:00:00,0,0.0
38.350002,-116.149994,2019-10-17 00:00:00,0,0.0
38.350002,-116.049995,2019-10-17 00:00:00,0,0.0
38.350002,-115.95,2019-10-17 00:00:00,0,0.0
38.350002,-115.85,2019-10-17 00:00:00,0,0.0
38.350002,-115.74999,2019-10-17 00:00:00,0,0.0
38.350002,-115.649994,2019-10-17 00:00:00,0,0.0
38.350002,-115.549995,2019-10-17 00:00:00,0,0.0
38.350002,-115.45,2019-10-17 00:00:00,0,0.0
38.350002,-115.35,2019-10-17 00:00:00,0,0.0
38.350002,-115.24999,2019-10-17 00:00:00,0,0.0
38.350002,-115.149994,2019-10-17 00:00:00,0,0.0
38.350002,-115.049995,2019-10-17 00:00:00,0,0.0
38.350002,-114.95,2019-10-17 00:00:00,0,0.0
38.350002,-114.85,2019-10-17 00:00:00,0,0.0
38.350002,-114.74999,2019-10-17 00:00:00,0,0.0
38.350002,-114.649994,2019-10-17 00:00:00,0,0.0
38.350002,-114.549995,2019-10-17 00:00:00,0,0.0
38.350002,-114.45,2019-10-17 00:00:00,0,0.0
38.350002,-114.35,2019-10-17 00:00:00,0,0.0
38.350002,-114.24999,2019-10-17 00:00:00,0,0.0
38.45001,-124.34999,2019-10-17 00:00:00,0,0.0
38.45001,-124.25,2019-10-17 00:00:00,0,0.0
38.45001,-124.149994,2019-10-17 00:00:00,0,0.0
38.45001,-124.049995,2019-10-17 00:00:00,0,0.0
38.45001,-123.95,2019-10-17 00:00:00,0,0.0
38.45001,-123.84999,2019-10-17 00:00:00,0,0.0
38.45001,-123.75,2019-10-17 00:00:00,0,0.0
38.45001,-123.649994,2019-10-17 00:00:00,0,0.0
38.45001,-123.549995,2019-10-17 00:00:00,0,0.0
38.45001,-123.45,2019-10-17 00:00:00,0,0.0
38.45001,-123.34999,2019-10-17 00:00:00,0,0.0
38.45001,-123.25,2019-10-17 00:00:00,0,0.0
38.45001,-123.149994,2019-10-17 00:00:00,0,0.0
38.45001,-123.049995,2019-10-17 00:00:00,0,0.14006034
38.45001,-122.95,2019-10-17 00:00:00,0,0.031687457
38.45001,-122.84999,2019-10-17 00:00:00,0,0.085716724
38.45001,-122.75,2019-10-17 00:00:00,0,0.22006923
38.45001,-122.649994,2019-10-17 00:00:00,0,0.37430513
38.45001,-122.549995,2019-10-17 00:00:00,0,0.4223563
38.45001,-122.45,2019-10-17 00:00:00,0,0.7380169
38.45001,-122.34999,2019-10-17 00:00:00,0,1.6243323
38.45001,-122.25,2019-10-17 00:00:00,0,2.1964998
38.45001,-122.149994,2019-10-17 00:00:00,0,2.48576
38.45001,-122.049995,2019-10-17 00:00:00,0,2.7251627
38.45001,-121.95,2019-10-17 00:00:00,0,2.7954137
38.45001,-121.84999,2019-10-17 00:00:00,0,1.7154523
38.45001,-121.75,2019-10-17 00:00:00,0,1.0879705
38.45001,-121.649994,2019-10-17 00:00:00,0,0.8728733
38.45001,-121.549995,2019-10-17 00:00:00,0,1.251756
38.45001,-121.45,2019-10-17 00:00:00,0,1.7334547
38.45001,-121.34999,2019-10-17 00:00:00,0,1.6385198
38.45001,-121.25,2019-10-17 00:00:00,0,1.5081912
38.45001,-121.149994,2019-10-17 00:00:00,0,0.7627712
38.45001,-121.049995,2019-10-17 00:00:00,0,0.25065377
38.45001,-120.95,2019-10-17 00:00:00,0,0.1868052
38.45001,-120.84999,2019-10-17 00:00:00,0,0.25495794
38.45001,-120.75,2019-10-17 00:00:00,0,0.29467875
38.45001,-120.649994,2019-10-17 00:00:00,0,0.16714583
38.45001,-120.549995,2019-10-17 00:00:00,0,0.10023546
38.45001,-120.45,2019-10-17 00:00:00,0,0.0
38.45001,-120.34999,2019-10-17 00:00:00,0,0.0
38.45001,-120.25,2019-10-17 00:00:00,0,0.053552903
38.45001,-120.149994,2019-10-17 00:00:00,0,0.009235167
38.45001,-120.049995,2019-10-17 00:00:00,0,0.0
38.45001,-119.95,2019-10-17 00:00:00,0,0.090718344
38.45001,-119.84999,2019-10-17 00:00:00,0,0.084573954
38.45001,-119.75,2019-10-17 00:00:00,0,0.18400213
38.45001,-119.649994,2019-10-17 00:00:00,0,0.023244355
38.45001,-119.549995,2019-10-17 00:00:00,0,0.00479749
38.45001,-119.45,2019-10-17 00:00:00,0,0.0016157196
38.45001,-119.34999,2019-10-17 00:00:00,0,0.007569802
38.45001,-119.25,2019-10-17 00:00:00,0,0.020086123
38.45001,-119.149994,2019-10-17 00:00:00,0,0.0
38.45001,-119.049995,2019-10-17 00:00:00,0,0.0
38.45001,-118.95,2019-10-17 00:00:00,0,0.0
38.45001,-118.84999,2019-10-17 00:00:00,0,0.0
38.45001,-118.75,2019-10-17 00:00:00,0,0.0
38.45001,-118.649994,2019-10-17 00:00:00,0,0.0
38.45001,-118.549995,2019-10-17 00:00:00,0,0.0
38.45001,-118.45,2019-10-17 00:00:00,0,0.0
38.45001,-118.34999,2019-10-17 00:00:00,0,0.0
38.45001,-118.25,2019-10-17 00:00:00,0,0.0
38.45001,-118.149994,2019-10-17 00:00:00,0,0.0
38.45001,-118.049995,2019-10-17 00:00:00,0,0.0
38.45001,-117.95,2019-10-17 00:00:00,0,0.0
38.45001,-117.84999,2019-10-17 00:00:00,0,0.0
38.45001,-117.75,2019-10-17 00:00:00,0,0.0
38.45001,-117.649994,2019-10-17 00:00:00,0,0.0
38.45001,-117.549995,2019-10-17 00:00:00,0,0.0
38.45001,-117.45,2019-10-17 00:00:00,0,0.0
38.45001,-117.34999,2019-10-17 00:00:00,0,0.0
38.45001,-117.25,2019-10-17 00:00:00,0,0.0
38.45001,-117.149994,2019-10-17 00:00:00,0,0.0
38.45001,-117.049995,2019-10-17 00:00:00,0,0.0
38.45001,-116.95,2019-10-17 00:00:00,0,0.0
38.45001,-116.84999,2019-10-17 00:00:00,0,0.0
38.45001,-116.75,2019-10-17 00:00:00,0,0.0
38.45001,-116.649994,2019-10-17 00:00:00,0,0.0
38.45001,-116.549995,2019-10-17 00:00:00,0,0.0
38.45001,-116.45,2019-10-17 00:00:00,0,0.0
38.45001,-116.34999,2019-10-17 00:00:00,0,0.0
38.45001,-116.25,2019-10-17 00:00:00,0,0.0
38.45001,-116.149994,2019-10-17 00:00:00,0,0.0
38.45001,-116.049995,2019-10-17 00:00:00,0,0.0
38.45001,-115.95,2019-10-17 00:00:00,0,0.0
38.45001,-115.85,2019-10-17 00:00:00,0,0.0
38.45001,-115.74999,2019-10-17 00:00:00,0,0.0
38.45001,-115.649994,2019-10-17 00:00:00,0,0.0
38.45001,-115.549995,2019-10-17 00:00:00,0,0.0
38.45001,-115.45,2019-10-17 00:00:00,0,0.0
38.45001,-115.35,2019-10-17 00:00:00,0,0.0
38.45001,-115.24999,2019-10-17 00:00:00,0,0.0
38.45001,-115.149994,2019-10-17 00:00:00,0,0.0
38.45001,-115.049995,2019-10-17 00:00:00,0,0.0
38.45001,-114.95,2019-10-17 00:00:00,0,0.0
38.45001,-114.85,2019-10-17 00:00:00,0,0.0
38.45001,-114.74999,2019-10-17 00:00:00,0,0.0
38.45001,-114.649994,2019-10-17 00:00:00,0,0.0
38.45001,-114.549995,2019-10-17 00:00:00,0,0.0
38.45001,-114.45,2019-10-17 00:00:00,0,0.0
38.45001,-114.35,2019-10-17 00:00:00,0,0.0
38.45001,-114.24999,2019-10-17 00:00:00,0,0.0
38.55,-124.34999,2019-10-17 00:00:00,0,0.0
38.55,-124.25,2019-10-17 00:00:00,0,0.0
38.55,-124.149994,2019-10-17 00:00:00,0,0.0
38.55,-124.049995,2019-10-17 00:00:00,0,0.0
38.55,-123.95,2019-10-17 00:00:00,0,0.0
38.55,-123.84999,2019-10-17 00:00:00,0,0.0
38.55,-123.75,2019-10-17 00:00:00,0,0.0
38.55,-123.649994,2019-10-17 00:00:00,0,0.0
38.55,-123.549995,2019-10-17 00:00:00,0,0.0
38.55,-123.45,2019-10-17 00:00:00,0,0.0
38.55,-123.34999,2019-10-17 00:00:00,0,0.0
38.55,-123.25,2019-10-17 00:00:00,0,0.25797287
38.55,-123.149994,2019-10-17 00:00:00,0,0.13599463
38.55,-123.049995,2019-10-17 00:00:00,0,0.027420718
38.55,-122.95,2019-10-17 00:00:00,0,0.014208907
38.55,-122.84999,2019-10-17 00:00:00,0,0.033842348
38.55,-122.75,2019-10-17 00:00:00,0,0.15496776
38.55,-122.649994,2019-10-17 00:00:00,0,0.1887641
38.55,-122.549995,2019-10-17 00:00:00,0,0.28250515
38.55,-122.45,2019-10-17 00:00:00,0,0.3652456
38.55,-122.34999,2019-10-17 00:00:00,0,0.7983147
38.55,-122.25,2019-10-17 00:00:00,0,1.4748209
38.55,-122.149994,2019-10-17 00:00:00,0,2.2731192
38.55,-122.049995,2019-10-17 00:00:00,0,2.227197
38.55,-121.95,2019-10-17 00:00:00,0,1.8865246
38.55,-121.84999,2019-10-17 00:00:00,0,1.2789664
38.55,-121.75,2019-10-17 00:00:00,0,0.9271189
38.55,-121.649994,2019-10-17 00:00:00,0,0.73105896
38.55,-121.549995,2019-10-17 00:00:00,0,1.1600457
38.55,-121.45,2019-10-17 00:00:00,0,1.7684639
38.55,-121.34999,2019-10-17 00:00:00,0,1.402169
38.55,-121.25,2019-10-17 00:00:00,0,1.1544293
38.55,-121.149994,2019-10-17 00:00:00,0,0.8273861
38.55,-121.049995,2019-10-17 00:00:00,0,0.44274113
38.55,-120.95,2019-10-17 00:00:00,0,0.3610118
38.55,-120.84999,2019-10-17 00:00:00,0,0.48566842
38.55,-120.75,2019-10-17 00:00:00,0,0.28451696
38.55,-120.649994,2019-10-17 00:00:00,0,0.079732254
38.55,-120.549995,2019-10-17 00:00:00,0,0.009598353
38.55,-120.45,2019-10-17 00:00:00,0,0.0
38.55,-120.34999,2019-10-17 00:00:00,0,0.06
38.55,-120.25,2019-10-17 00:00:00,0,0.026525661
38.55,-120.149994,2019-10-17 00:00:00,0,0.007556046
38.55,-120.049995,2019-10-17 00:00:00,0,0.15304595
38.55,-119.95,2019-10-17 00:00:00,0,0.115779445
38.55,-119.84999,2019-10-17 00:00:00,0,0.5020263
38.55,-119.75,2019-10-17 00:00:00,0,0.040659152
38.55,-119.649994,2019-10-17 00:00:00,0,0.011740616
38.55,-119.549995,2019-10-17 00:00:00,0,0.007853197
38.55,-119.45,2019-10-17 00:00:00,0,0.0
38.55,-119.34999,2019-10-17 00:00:00,0,0.0
38.55,-119.25,2019-10-17 00:00:00,0,0.0
38.55,-119.149994,2019-10-17 00:00:00,0,0.0
38.55,-119.049995,2019-10-17 00:00:00,0,0.0
38.55,-118.95,2019-10-17 00:00:00,0,0.0
38.55,-118.84999,2019-10-17 00:00:00,0,0.0
38.55,-118.75,2019-10-17 00:00:00,0,0.0
38.55,-118.649994,2019-10-17 00:00:00,0,0.0
38.55,-118.549995,2019-10-17 00:00:00,0,0.0
38.55,-118.45,2019-10-17 00:00:00,0,0.0
38.55,-118.34999,2019-10-17 00:00:00,0,0.0
38.55,-118.25,2019-10-17 00:00:00,0,0.0
38.55,-118.149994,2019-10-17 00:00:00,0,0.0
38.55,-118.049995,2019-10-17 00:00:00,0,0.0
38.55,-117.95,2019-10-17 00:00:00,0,0.0
38.55,-117.84999,2019-10-17 00:00:00,0,0.0
38.55,-117.75,2019-10-17 00:00:00,0,0.0
38.55,-117.649994,2019-10-17 00:00:00,0,0.0
38.55,-117.549995,2019-10-17 00:00:00,0,0.0
38.55,-117.45,2019-10-17 00:00:00,0,0.0
38.55,-117.34999,2019-10-17 00:00:00,0,0.0
38.55,-117.25,2019-10-17 00:00:00,0,0.0
38.55,-117.149994,2019-10-17 00:00:00,0,0.0
38.55,-117.049995,2019-10-17 00:00:00,0,0.0
38.55,-116.95,2019-10-17 00:00:00,0,0.0
38.55,-116.84999,2019-10-17 00:00:00,0,0.0
38.55,-116.75,2019-10-17 00:00:00,0,0.0
38.55,-116.649994,2019-10-17 00:00:00,0,0.0
38.55,-116.549995,2019-10-17 00:00:00,0,0.0
38.55,-116.45,2019-10-17 00:00:00,0,0.0
38.55,-116.34999,2019-10-17 00:00:00,0,0.0
38.55,-116.25,2019-10-17 00:00:00,0,0.0
38.55,-116.149994,2019-10-17 00:00:00,0,0.0
38.55,-116.049995,2019-10-17 00:00:00,0,0.0
38.55,-115.95,2019-10-17 00:00:00,0,0.0
38.55,-115.85,2019-10-17 00:00:00,0,0.0
38.55,-115.74999,2019-10-17 00:00:00,0,0.0
38.55,-115.649994,2019-10-17 00:00:00,0,0.0
38.55,-115.549995,2019-10-17 00:00:00,0,0.0
38.55,-115.45,2019-10-17 00:00:00,0,0.0
38.55,-115.35,2019-10-17 00:00:00,0,0.0
38.55,-115.24999,2019-10-17 00:00:00,0,0.0
38.55,-115.149994,2019-10-17 00:00:00,0,0.0
38.55,-115.049995,2019-10-17 00:00:00,0,0.0
38.55,-114.95,2019-10-17 00:00:00,0,0.0
38.55,-114.85,2019-10-17 00:00:00,0,0.0
38.55,-114.74999,2019-10-17 00:00:00,0,0.0
38.55,-114.649994,2019-10-17 00:00:00,0,0.0
38.55,-114.549995,2019-10-17 00:00:00,0,0.0
38.55,-114.45,2019-10-17 00:00:00,0,0.0
38.55,-114.35,2019-10-17 00:00:00,0,0.0
38.55,-114.24999,2019-10-17 00:00:00,0,0.0
38.650005,-124.34999,2019-10-17 00:00:00,0,0.0
38.650005,-124.25,2019-10-17 00:00:00,0,0.0
38.650005,-124.149994,2019-10-17 00:00:00,0,0.0
38.650005,-124.049995,2019-10-17 00:00:00,0,0.0
38.650005,-123.95,2019-10-17 00:00:00,0,0.0
38.650005,-123.84999,2019-10-17 00:00:00,0,0.0
38.650005,-123.75,2019-10-17 00:00:00,0,0.0
38.650005,-123.649994,2019-10-17 00:00:00,0,0.0
38.650005,-123.549995,2019-10-17 00:00:00,0,0.0
38.650005,-123.45,2019-10-17 00:00:00,0,0.0
38.650005,-123.34999,2019-10-17 00:00:00,0,0.2294206
38.650005,-123.25,2019-10-17 00:00:00,0,0.081504904
38.650005,-123.149994,2019-10-17 00:00:00,0,0.028275846
38.650005,-123.049995,2019-10-17 00:00:00,0,0.0032501712
38.650005,-122.95,2019-10-17 00:00:00,0,0.0012688059
38.650005,-122.84999,2019-10-17 00:00:00,0,0.01719816
38.650005,-122.75,2019-10-17 00:00:00,0,0.038894475
38.650005,-122.649994,2019-10-17 00:00:00,0,0.036572523
38.650005,-122.549995,2019-10-17 00:00:00,0,0.22341901
38.650005,-122.45,2019-10-17 00:00:00,0,0.3891616
38.650005,-122.34999,2019-10-17 00:00:00,0,0.72246486
38.650005,-122.25,2019-10-17 00:00:00,0,1.290909
38.650005,-122.149994,2019-10-17 00:00:00,0,1.7546545
38.650005,-122.049995,2019-10-17 00:00:00,0,1.9034182
38.650005,-121.95,2019-10-17 00:00:00,0,0.9675952
38.650005,-121.84999,2019-10-17 00:00:00,0,1.0261209
38.650005,-121.75,2019-10-17 00:00:00,0,0.8702657
38.650005,-121.649994,2019-10-17 00:00:00,0,0.98954755
38.650005,-121.549995,2019-10-17 00:00:00,0,1.2827065
38.650005,-121.45,2019-10-17 00:00:00,0,1.0437496
38.650005,-121.34999,2019-10-17 00:00:00,0,0.98129827
38.650005,-121.25,2019-10-17 00:00:00,0,1.1732463
38.650005,-121.149994,2019-10-17 00:00:00,0,0.9671601
38.650005,-121.049995,2019-10-17 00:00:00,0,0.520923
38.650005,-120.95,2019-10-17 00:00:00,0,0.4998437
38.650005,-120.84999,2019-10-17 00:00:00,0,0.47094238
38.650005,-120.75,2019-10-17 00:00:00,0,0.20466465
38.650005,-120.649994,2019-10-17 00:00:00,0,0.024090739
38.650005,-120.549995,2019-10-17 00:00:00,0,0.0
38.650005,-120.45,2019-10-17 00:00:00,0,0.0
38.650005,-120.34999,2019-10-17 00:00:00,0,0.049938075
38.650005,-120.25,2019-10-17 00:00:00,0,0.010254257
38.650005,-120.149994,2019-10-17 00:00:00,0,0.10681784
38.650005,-120.049995,2019-10-17 00:00:00,0,0.18694526
38.650005,-119.95,2019-10-17 00:00:00,0,0.44107765
38.650005,-119.84999,2019-10-17 00:00:00,0,0.033082012
38.650005,-119.75,2019-10-17 00:00:00,0,0.0022828975
38.650005,-119.649994,2019-10-17 00:00:00,0,0.0032251463
38.650005,-119.549995,2019-10-17 00:00:00,0,0.044775985
38.650005,-119.45,2019-10-17 00:00:00,0,0.0
38.650005,-119.34999,2019-10-17 00:00:00,0,0.0
38.650005,-119.25,2019-10-17 00:00:00,0,0.0
38.650005,-119.149994,2019-10-17 00:00:00,0,0.0
38.650005,-119.049995,2019-10-17 00:00:00,0,0.0
38.650005,-118.95,2019-10-17 00:00:00,0,0.0
38.650005,-118.84999,2019-10-17 00:00:00,0,0.0
38.650005,-118.75,2019-10-17 00:00:00,0,0.0
38.650005,-118.649994,2019-10-17 00:00:00,0,0.0
38.650005,-118.549995,2019-10-17 00:00:00,0,0.0
38.650005,-118.45,2019-10-17 00:00:00,0,0.0
38.650005,-118.34999,2019-10-17 00:00:00,0,0.0
38.650005,-118.25,2019-10-17 00:00:00,0,0.0
38.650005,-118.149994,2019-10-17 00:00:00,0,0.0
38.650005,-118.049995,2019-10-17 00:00:00,0,0.0
38.650005,-117.95,2019-10-17 00:00:00,0,0.0
38.650005,-117.84999,2019-10-17 00:00:00,0,0.0
38.650005,-117.75,2019-10-17 00:00:00,0,0.0
38.650005,-117.649994,2019-10-17 00:00:00,0,0.0
38.650005,-117.549995,2019-10-17 00:00:00,0,0.0
38.650005,-117.45,2019-10-17 00:00:00,0,0.0
38.650005,-117.34999,2019-10-17 00:00:00,0,0.0
38.650005,-117.25,2019-10-17 00:00:00,0,0.0
38.650005,-117.149994,2019-10-17 00:00:00,0,0.0
38.650005,-117.049995,2019-10-17 00:00:00,0,0.0
38.650005,-116.95,2019-10-17 00:00:00,0,0.0
38.650005,-116.84999,2019-10-17 00:00:00,0,0.0
38.650005,-116.75,2019-10-17 00:00:00,0,0.0
38.650005,-116.649994,2019-10-17 00:00:00,0,0.0
38.650005,-116.549995,2019-10-17 00:00:00,0,0.0
38.650005,-116.45,2019-10-17 00:00:00,0,0.0
38.650005,-116.34999,2019-10-17 00:00:00,0,0.0
38.650005,-116.25,2019-10-17 00:00:00,0,0.0
38.650005,-116.149994,2019-10-17 00:00:00,0,0.0
38.650005,-116.049995,2019-10-17 00:00:00,0,0.0
38.650005,-115.95,2019-10-17 00:00:00,0,0.0
38.650005,-115.85,2019-10-17 00:00:00,0,0.0
38.650005,-115.74999,2019-10-17 00:00:00,0,0.0
38.650005,-115.649994,2019-10-17 00:00:00,0,0.0
38.650005,-115.549995,2019-10-17 00:00:00,0,0.0
38.650005,-115.45,2019-10-17 00:00:00,0,0.0
38.650005,-115.35,2019-10-17 00:00:00,0,0.0
38.650005,-115.24999,2019-10-17 00:00:00,0,0.0
38.650005,-115.149994,2019-10-17 00:00:00,0,0.0
38.650005,-115.049995,2019-10-17 00:00:00,0,0.0
38.650005,-114.95,2019-10-17 00:00:00,0,0.0
38.650005,-114.85,2019-10-17 00:00:00,0,0.0
38.650005,-114.74999,2019-10-17 00:00:00,0,0.0
38.650005,-114.649994,2019-10-17 00:00:00,0,0.0
38.650005,-114.549995,2019-10-17 00:00:00,0,0.0
38.650005,-114.45,2019-10-17 00:00:00,0,0.0
38.650005,-114.35,2019-10-17 00:00:00,0,0.0
38.650005,-114.24999,2019-10-17 00:00:00,0,0.0
38.749996,-124.34999,2019-10-17 00:00:00,0,0.0
38.749996,-124.25,2019-10-17 00:00:00,0,0.0
38.749996,-124.149994,2019-10-17 00:00:00,0,0.0
38.749996,-124.049995,2019-10-17 00:00:00,0,0.0
38.749996,-123.95,2019-10-17 00:00:00,0,0.0
38.749996,-123.84999,2019-10-17 00:00:00,0,0.0
38.749996,-123.75,2019-10-17 00:00:00,0,0.0
38.749996,-123.649994,2019-10-17 00:00:00,0,0.0
38.749996,-123.549995,2019-10-17 00:00:00,0,0.0
38.749996,-123.45,2019-10-17 00:00:00,0,0.35229808
38.749996,-123.34999,2019-10-17 00:00:00,0,0.15731385
38.749996,-123.25,2019-10-17 00:00:00,0,0.08099673
38.749996,-123.149994,2019-10-17 00:00:00,0,0.019138359
38.749996,-123.049995,2019-10-17 00:00:00,0,0.0039451923
38.749996,-122.95,2019-10-17 00:00:00,0,0.0007328926
38.749996,-122.84999,2019-10-17 00:00:00,0,0.00017571024
38.749996,-122.75,2019-10-17 00:00:00,0,0.0017957415
38.749996,-122.649994,2019-10-17 00:00:00,0,0.011928917
38.749996,-122.549995,2019-10-17 00:00:00,0,0.055585694
38.749996,-122.45,2019-10-17 00:00:00,0,0.39543346
38.749996,-122.34999,2019-10-17 00:00:00,0,0.72974116
38.749996,-122.25,2019-10-17 00:00:00,0,0.97182554
38.749996,-122.149994,2019-10-17 00:00:00,0,1.4995768
38.749996,-122.049995,2019-10-17 00:00:00,0,1.2815373
38.749996,-121.95,2019-10-17 00:00:00,0,0.9902092
38.749996,-121.84999,2019-10-17 00:00:00,0,1.0200834
38.749996,-121.75,2019-10-17 00:00:00,0,1.191525
38.749996,-121.649994,2019-10-17 00:00:00,0,1.4394699
38.749996,-121.549995,2019-10-17 00:00:00,0,0.94767433
38.749996,-121.45,2019-10-17 00:00:00,0,0.7055143
38.749996,-121.34999,2019-10-17 00:00:00,0,0.7249396
38.749996,-121.25,2019-10-17 00:00:00,0,0.5862366
38.749996,-121.149994,2019-10-17 00:00:00,0,0.5991609
38.749996,-121.049995,2019-10-17 00:00:00,0,0.3614354
38.749996,-120.95,2019-10-17 00:00:00,0,0.17691253
38.749996,-120.84999,2019-10-17 00:00:00,0,0.05403621
38.749996,-120.75,2019-10-17 00:00:00,0,0.17416205
38.749996,-120.649994,2019-10-17 00:00:00,0,0.050062496
38.749996,-120.549995,2019-10-17 00:00:00,0,0.0
38.749996,-120.45,2019-10-17 00:00:00,0,0.10483542
38.749996,-120.34999,2019-10-17 00:00:00,0,0.025321672
38.749996,-120.25,2019-10-17 00:00:00,0,0.19755164
38.749996,-120.149994,2019-10-17 00:00:00,0,0.12823299
38.749996,-120.049995,2019-10-17 00:00:00,0,0.22790477
38.749996,-119.95,2019-10-17 00:00:00,0,0.06368548
38.749996,-119.84999,2019-10-17 00:00:00,0,0.0
38.749996,-119.75,2019-10-17 00:00:00,0,0.0
38.749996,-119.649994,2019-10-17 00:00:00,0,0.04192402
38.749996,-119.549995,2019-10-17 00:00:00,0,0.0
38.749996,-119.45,2019-10-17 00:00:00,0,0.0
38.749996,-119.34999,2019-10-17 00:00:00,0,0.0
38.749996,-119.25,2019-10-17 00:00:00,0,0.0
38.749996,-119.149994,2019-10-17 00:00:00,0,0.0
38.749996,-119.049995,2019-10-17 00:00:00,0,0.0
38.749996,-118.95,2019-10-17 00:00:00,0,0.0
38.749996,-118.84999,2019-10-17 00:00:00,0,0.0
38.749996,-118.75,2019-10-17 00:00:00,0,0.0
38.749996,-118.649994,2019-10-17 00:00:00,0,0.0
38.749996,-118.549995,2019-10-17 00:00:00,0,0.0
38.749996,-118.45,2019-10-17 00:00:00,0,0.0
38.749996,-118.34999,2019-10-17 00:00:00,0,0.0
38.749996,-118.25,2019-10-17 00:00:00,0,0.0
38.749996,-118.149994,2019-10-17 00:00:00,0,0.0
38.749996,-118.049995,2019-10-17 00:00:00,0,0.0
38.749996,-117.95,2019-10-17 00:00:00,0,0.0
38.749996,-117.84999,2019-10-17 00:00:00,0,0.0
38.749996,-117.75,2019-10-17 00:00:00,0,0.0
38.749996,-117.649994,2019-10-17 00:00:00,0,0.0
38.749996,-117.549995,2019-10-17 00:00:00,0,0.0
38.749996,-117.45,2019-10-17 00:00:00,0,0.0
38.749996,-117.34999,2019-10-17 00:00:00,0,0.0
38.749996,-117.25,2019-10-17 00:00:00,0,0.0
38.749996,-117.149994,2019-10-17 00:00:00,0,0.0
38.749996,-117.049995,2019-10-17 00:00:00,0,0.0
38.749996,-116.95,2019-10-17 00:00:00,0,0.0
38.749996,-116.84999,2019-10-17 00:00:00,0,0.0
38.749996,-116.75,2019-10-17 00:00:00,0,0.0
38.749996,-116.649994,2019-10-17 00:00:00,0,0.0
38.749996,-116.549995,2019-10-17 00:00:00,0,0.0
38.749996,-116.45,2019-10-17 00:00:00,0,0.0
38.749996,-116.34999,2019-10-17 00:00:00,0,0.0
38.749996,-116.25,2019-10-17 00:00:00,0,0.0
38.749996,-116.149994,2019-10-17 00:00:00,0,0.0
38.749996,-116.049995,2019-10-17 00:00:00,0,0.0
38.749996,-115.95,2019-10-17 00:00:00,0,0.0
38.749996,-115.85,2019-10-17 00:00:00,0,0.0
38.749996,-115.74999,2019-10-17 00:00:00,0,0.0
38.749996,-115.649994,2019-10-17 00:00:00,0,0.0
38.749996,-115.549995,2019-10-17 00:00:00,0,0.0
38.749996,-115.45,2019-10-17 00:00:00,0,0.0
38.749996,-115.35,2019-10-17 00:00:00,0,0.0
38.749996,-115.24999,2019-10-17 00:00:00,0,0.0
38.749996,-115.149994,2019-10-17 00:00:00,0,0.0
38.749996,-115.049995,2019-10-17 00:00:00,0,0.0
38.749996,-114.95,2019-10-17 00:00:00,0,0.0
38.749996,-114.85,2019-10-17 00:00:00,0,0.0
38.749996,-114.74999,2019-10-17 00:00:00,0,0.0
38.749996,-114.649994,2019-10-17 00:00:00,0,0.0
38.749996,-114.549995,2019-10-17 00:00:00,0,0.0
38.749996,-114.45,2019-10-17 00:00:00,0,0.0
38.749996,-114.35,2019-10-17 00:00:00,0,0.0
38.749996,-114.24999,2019-10-17 00:00:00,0,0.0
38.850002,-124.34999,2019-10-17 00:00:00,0,0.0
38.850002,-124.25,2019-10-17 00:00:00,0,0.0
38.850002,-124.149994,2019-10-17 00:00:00,0,0.0
38.850002,-124.049995,2019-10-17 00:00:00,0,0.0
38.850002,-123.95,2019-10-17 00:00:00,0,0.0
38.850002,-123.84999,2019-10-17 00:00:00,0,0.0
38.850002,-123.75,2019-10-17 00:00:00,0,0.0
38.850002,-123.649994,2019-10-17 00:00:00,0,0.0
38.850002,-123.549995,2019-10-17 00:00:00,0,0.5909709
38.850002,-123.45,2019-10-17 00:00:00,0,0.17977796
38.850002,-123.34999,2019-10-17 00:00:00,0,0.10902849
38.850002,-123.25,2019-10-17 00:00:00,0,0.0443773
38.850002,-123.149994,2019-10-17 00:00:00,0,0.007519125
38.850002,-123.049995,2019-10-17 00:00:00,0,0.0
38.850002,-122.95,2019-10-17 00:00:00,0,0.0
38.850002,-122.84999,2019-10-17 00:00:00,0,0.0
38.850002,-122.75,2019-10-17 00:00:00,0,0.01167232
38.850002,-122.649994,2019-10-17 00:00:00,0,0.08169871
38.850002,-122.549995,2019-10-17 00:00:00,0,0.1387482
38.850002,-122.45,2019-10-17 00:00:00,0,0.3621305
38.850002,-122.34999,2019-10-17 00:00:00,0,0.34230894
38.850002,-122.25,2019-10-17 00:00:00,0,0.5671744
38.850002,-122.149994,2019-10-17 00:00:00,0,1.0154814
38.850002,-122.049995,2019-10-17 00:00:00,0,0.9017952
38.850002,-121.95,2019-10-17 00:00:00,0,1.0210456
38.850002,-121.84999,2019-10-17 00:00:00,0,1.3353701
38.850002,-121.75,2019-10-17 00:00:00,0,1.4248972
38.850002,-121.649994,2019-10-17 00:00:00,0,1.3998489
38.850002,-121.549995,2019-10-17 00:00:00,0,1.1021404
38.850002,-121.45,2019-10-17 00:00:00,0,0.8681808
38.850002,-121.34999,2019-10-17 00:00:00,0,0.52452034
38.850002,-121.25,2019-10-17 00:00:00,0,0.36295524
38.850002,-121.149994,2019-10-17 00:00:00,0,0.24255899
38.850002,-121.049995,2019-10-17 00:00:00,0,0.10376687
38.850002,-120.95,2019-10-17 00:00:00,0,0.041586086
38.850002,-120.84999,2019-10-17 00:00:00,0,0.035855964
38.850002,-120.75,2019-10-17 00:00:00,0,0.06620857
38.850002,-120.649994,2019-10-17 00:00:00,0,0.011088492
38.850002,-120.549995,2019-10-17 00:00:00,0,0.17931771
38.850002,-120.45,2019-10-17 00:00:00,0,0.047408264
38.850002,-120.34999,2019-10-17 00:00:00,0,0.266891
38.850002,-120.25,2019-10-17 00:00:00,0,0.14093423
38.850002,-120.149994,2019-10-17 00:00:00,0,0.17114256
38.850002,-120.049995,2019-10-17 00:00:00,0,0.12216199
38.850002,-119.95,2019-10-17 00:00:00,0,0.10730329
38.850002,-119.84999,2019-10-17 00:00:00,0,0.13079876
38.850002,-119.75,2019-10-17 00:00:00,0,0.0
38.850002,-119.649994,2019-10-17 00:00:00,0,0.0
38.850002,-119.549995,2019-10-17 00:00:00,0,0.0
38.850002,-119.45,2019-10-17 00:00:00,0,0.0
38.850002,-119.34999,2019-10-17 00:00:00,0,0.0
38.850002,-119.25,2019-10-17 00:00:00,0,0.0
38.850002,-119.149994,2019-10-17 00:00:00,0,0.0
38.850002,-119.049995,2019-10-17 00:00:00,0,0.0
38.850002,-118.95,2019-10-17 00:00:00,0,0.0
38.850002,-118.84999,2019-10-17 00:00:00,0,0.0
38.850002,-118.75,2019-10-17 00:00:00,0,0.0
38.850002,-118.649994,2019-10-17 00:00:00,0,0.0
38.850002,-118.549995,2019-10-17 00:00:00,0,0.0
38.850002,-118.45,2019-10-17 00:00:00,0,0.0
38.850002,-118.34999,2019-10-17 00:00:00,0,0.0
38.850002,-118.25,2019-10-17 00:00:00,0,0.0
38.850002,-118.149994,2019-10-17 00:00:00,0,0.0
38.850002,-118.049995,2019-10-17 00:00:00,0,0.0
38.850002,-117.95,2019-10-17 00:00:00,0,0.0
38.850002,-117.84999,2019-10-17 00:00:00,0,0.0
38.850002,-117.75,2019-10-17 00:00:00,0,0.0
38.850002,-117.649994,2019-10-17 00:00:00,0,0.0
38.850002,-117.549995,2019-10-17 00:00:00,0,0.0
38.850002,-117.45,2019-10-17 00:00:00,0,0.0
38.850002,-117.34999,2019-10-17 00:00:00,0,0.0
38.850002,-117.25,2019-10-17 00:00:00,0,0.0
38.850002,-117.149994,2019-10-17 00:00:00,0,0.0
38.850002,-117.049995,2019-10-17 00:00:00,0,0.0
38.850002,-116.95,2019-10-17 00:00:00,0,0.0
38.850002,-116.84999,2019-10-17 00:00:00,0,0.0
38.850002,-116.75,2019-10-17 00:00:00,0,0.0
38.850002,-116.649994,2019-10-17 00:00:00,0,0.0
38.850002,-116.549995,2019-10-17 00:00:00,0,0.0
38.850002,-116.45,2019-10-17 00:00:00,0,0.0
38.850002,-116.34999,2019-10-17 00:00:00,0,0.0
38.850002,-116.25,2019-10-17 00:00:00,0,0.0
38.850002,-116.149994,2019-10-17 00:00:00,0,0.0
38.850002,-116.049995,2019-10-17 00:00:00,0,0.0
38.850002,-115.95,2019-10-17 00:00:00,0,0.0
38.850002,-115.85,2019-10-17 00:00:00,0,0.0
38.850002,-115.74999,2019-10-17 00:00:00,0,0.0
38.850002,-115.649994,2019-10-17 00:00:00,0,0.0
38.850002,-115.549995,2019-10-17 00:00:00,0,0.0
38.850002,-115.45,2019-10-17 00:00:00,0,0.0
38.850002,-115.35,2019-10-17 00:00:00,0,0.0
38.850002,-115.24999,2019-10-17 00:00:00,0,0.0
38.850002,-115.149994,2019-10-17 00:00:00,0,0.0
38.850002,-115.049995,2019-10-17 00:00:00,0,0.0
38.850002,-114.95,2019-10-17 00:00:00,0,0.0
38.850002,-114.85,2019-10-17 00:00:00,0,0.0
38.850002,-114.74999,2019-10-17 00:00:00,0,0.0
38.850002,-114.649994,2019-10-17 00:00:00,0,0.0
38.850002,-114.549995,2019-10-17 00:00:00,0,0.0
38.850002,-114.45,2019-10-17 00:00:00,0,0.0
38.850002,-114.35,2019-10-17 00:00:00,0,0.0
38.850002,-114.24999,2019-10-17 00:00:00,0,0.0
38.95001,-124.34999,2019-10-17 00:00:00,0,0.0
38.95001,-124.25,2019-10-17 00:00:00,0,0.0
38.95001,-124.149994,2019-10-17 00:00:00,0,0.0
38.95001,-124.049995,2019-10-17 00:00:00,0,0.0
38.95001,-123.95,2019-10-17 00:00:00,0,0.0
38.95001,-123.84999,2019-10-17 00:00:00,0,0.0
38.95001,-123.75,2019-10-17 00:00:00,0,0.0
38.95001,-123.649994,2019-10-17 00:00:00,0,0.99226815
38.95001,-123.549995,2019-10-17 00:00:00,0,0.5244939
38.95001,-123.45,2019-10-17 00:00:00,0,0.25775144
38.95001,-123.34999,2019-10-17 00:00:00,0,0.13128334
38.95001,-123.25,2019-10-17 00:00:00,0,0.049070723
38.95001,-123.149994,2019-10-17 00:00:00,0,0.0
38.95001,-123.049995,2019-10-17 00:00:00,0,0.0
38.95001,-122.95,2019-10-17 00:00:00,0,0.0
38.95001,-122.84999,2019-10-17 00:00:00,0,0.0
38.95001,-122.75,2019-10-17 00:00:00,0,0.0023344639
38.95001,-122.649994,2019-10-17 00:00:00,0,0.0431177
38.95001,-122.549995,2019-10-17 00:00:00,0,0.14763626
38.95001,-122.45,2019-10-17 00:00:00,0,0.063558154
38.95001,-122.34999,2019-10-17 00:00:00,0,0.06922902
38.95001,-122.25,2019-10-17 00:00:00,0,0.47961116
38.95001,-122.149994,2019-10-17 00:00:00,0,1.1238083
38.95001,-122.049995,2019-10-17 00:00:00,0,1.139595
38.95001,-121.95,2019-10-17 00:00:00,0,1.141158
38.95001,-121.84999,2019-10-17 00:00:00,0,1.3715448
38.95001,-121.75,2019-10-17 00:00:00,0,1.5285867
38.95001,-121.649994,2019-10-17 00:00:00,0,1.5972973
38.95001,-121.549995,2019-10-17 00:00:00,0,1.3674332
38.95001,-121.45,2019-10-17 00:00:00,0,1.1136181
38.95001,-121.34999,2019-10-17 00:00:00,0,0.6742709
38.95001,-121.25,2019-10-17 00:00:00,0,0.20338537
38.95001,-121.149994,2019-10-17 00:00:00,0,0.12355438
38.95001,-121.049995,2019-10-17 00:00:00,0,0.029948117
38.95001,-120.95,2019-10-17 00:00:00,0,0.02734754
38.95001,-120.84999,2019-10-17 00:00:00,0,0.0013508825
38.95001,-120.75,2019-10-17 00:00:00,0,0.007936434
38.95001,-120.649994,2019-10-17 00:00:00,0,0.2875765
38.95001,-120.549995,2019-10-17 00:00:00,0,0.07488379
38.95001,-120.45,2019-10-17 00:00:00,0,0.42156804
38.95001,-120.34999,2019-10-17 00:00:00,0,0.2764223
38.95001,-120.25,2019-10-17 00:00:00,0,0.20293906
38.95001,-120.149994,2019-10-17 00:00:00,0,0.28326136
38.95001,-120.049995,2019-10-17 00:00:00,0,0.2570501
38.95001,-119.95,2019-10-17 00:00:00,0,0.32353398
38.95001,-119.84999,2019-10-17 00:00:00,0,0.0
38.95001,-119.75,2019-10-17 00:00:00,0,0.0
38.95001,-119.649994,2019-10-17 00:00:00,0,0.0
38.95001,-119.549995,2019-10-17 00:00:00,0,0.0
38.95001,-119.45,2019-10-17 00:00:00,0,0.0
38.95001,-119.34999,2019-10-17 00:00:00,0,0.0
38.95001,-119.25,2019-10-17 00:00:00,0,0.0
38.95001,-119.149994,2019-10-17 00:00:00,0,0.0
38.95001,-119.049995,2019-10-17 00:00:00,0,0.0
38.95001,-118.95,2019-10-17 00:00:00,0,0.0
38.95001,-118.84999,2019-10-17 00:00:00,0,0.0
38.95001,-118.75,2019-10-17 00:00:00,0,0.0
38.95001,-118.649994,2019-10-17 00:00:00,0,0.0
38.95001,-118.549995,2019-10-17 00:00:00,0,0.0
38.95001,-118.45,2019-10-17 00:00:00,0,0.0
38.95001,-118.34999,2019-10-17 00:00:00,0,0.0
38.95001,-118.25,2019-10-17 00:00:00,0,0.0
38.95001,-118.149994,2019-10-17 00:00:00,0,0.0
38.95001,-118.049995,2019-10-17 00:00:00,0,0.0
38.95001,-117.95,2019-10-17 00:00:00,0,0.0
38.95001,-117.84999,2019-10-17 00:00:00,0,0.0
38.95001,-117.75,2019-10-17 00:00:00,0,0.0
38.95001,-117.649994,2019-10-17 00:00:00,0,0.0
38.95001,-117.549995,2019-10-17 00:00:00,0,0.0
38.95001,-117.45,2019-10-17 00:00:00,0,0.0
38.95001,-117.34999,2019-10-17 00:00:00,0,0.0
38.95001,-117.25,2019-10-17 00:00:00,0,0.0
38.95001,-117.149994,2019-10-17 00:00:00,0,0.0
38.95001,-117.049995,2019-10-17 00:00:00,0,0.0
38.95001,-116.95,2019-10-17 00:00:00,0,0.0
38.95001,-116.84999,2019-10-17 00:00:00,0,0.0
38.95001,-116.75,2019-10-17 00:00:00,0,0.0
38.95001,-116.649994,2019-10-17 00:00:00,0,0.0
38.95001,-116.549995,2019-10-17 00:00:00,0,0.0
38.95001,-116.45,2019-10-17 00:00:00,0,0.0
38.95001,-116.34999,2019-10-17 00:00:00,0,0.0
38.95001,-116.25,2019-10-17 00:00:00,0,0.0
38.95001,-116.149994,2019-10-17 00:00:00,0,0.0
38.95001,-116.049995,2019-10-17 00:00:00,0,0.0
38.95001,-115.95,2019-10-17 00:00:00,0,0.0
38.95001,-115.85,2019-10-17 00:00:00,0,0.0
38.95001,-115.74999,2019-10-17 00:00:00,0,0.0
38.95001,-115.649994,2019-10-17 00:00:00,0,0.0
38.95001,-115.549995,2019-10-17 00:00:00,0,0.0
38.95001,-115.45,2019-10-17 00:00:00,0,0.0
38.95001,-115.35,2019-10-17 00:00:00,0,0.0
38.95001,-115.24999,2019-10-17 00:00:00,0,0.0
38.95001,-115.149994,2019-10-17 00:00:00,0,0.0
38.95001,-115.049995,2019-10-17 00:00:00,0,0.0
38.95001,-114.95,2019-10-17 00:00:00,0,0.0
38.95001,-114.85,2019-10-17 00:00:00,0,0.0
38.95001,-114.74999,2019-10-17 00:00:00,0,0.0
38.95001,-114.649994,2019-10-17 00:00:00,0,0.0
38.95001,-114.549995,2019-10-17 00:00:00,0,0.0
38.95001,-114.45,2019-10-17 00:00:00,0,0.0
38.95001,-114.35,2019-10-17 00:00:00,0,0.0
38.95001,-114.24999,2019-10-17 00:00:00,0,0.0
39.05,-124.34999,2019-10-17 00:00:00,0,0.0
39.05,-124.25,2019-10-17 00:00:00,0,0.0
39.05,-124.149994,2019-10-17 00:00:00,0,0.0
39.05,-124.049995,2019-10-17 00:00:00,0,0.0
39.05,-123.95,2019-10-17 00:00:00,0,0.0
39.05,-123.84999,2019-10-17 00:00:00,0,0.0
39.05,-123.75,2019-10-17 00:00:00,0,0.0
39.05,-123.649994,2019-10-17 00:00:00,0,0.66785574
39.05,-123.549995,2019-10-17 00:00:00,0,0.43731502
39.05,-123.45,2019-10-17 00:00:00,0,0.25040314
39.05,-123.34999,2019-10-17 00:00:00,0,0.11382346
39.05,-123.25,2019-10-17 00:00:00,0,0.0
39.05,-123.149994,2019-10-17 00:00:00,0,0.0
39.05,-123.049995,2019-10-17 00:00:00,0,0.0
39.05,-122.95,2019-10-17 00:00:00,0,0.0
39.05,-122.84999,2019-10-17 00:00:00,0,0.0
39.05,-122.75,2019-10-17 00:00:00,0,0.042276394
39.05,-122.649994,2019-10-17 00:00:00,0,0.017655093
39.05,-122.549995,2019-10-17 00:00:00,0,0.048353184
39.05,-122.45,2019-10-17 00:00:00,0,0.13676804
39.05,-122.34999,2019-10-17 00:00:00,0,0.51824695
39.05,-122.25,2019-10-17 00:00:00,0,0.25635603
39.05,-122.149994,2019-10-17 00:00:00,0,1.2302362
39.05,-122.049995,2019-10-17 00:00:00,0,1.761713
39.05,-121.95,2019-10-17 00:00:00,0,2.1912403
39.05,-121.84999,2019-10-17 00:00:00,0,2.2395945
39.05,-121.75,2019-10-17 00:00:00,0,1.9670404
39.05,-121.649994,2019-10-17 00:00:00,0,1.3231121
39.05,-121.549995,2019-10-17 00:00:00,0,1.0930848
39.05,-121.45,2019-10-17 00:00:00,0,0.645347
39.05,-121.34999,2019-10-17 00:00:00,0,0.43780586
39.05,-121.25,2019-10-17 00:00:00,0,0.2401528
39.05,-121.149994,2019-10-17 00:00:00,0,0.08554354
39.05,-121.049995,2019-10-17 00:00:00,0,0.05069806
39.05,-120.95,2019-10-17 00:00:00,0,0.0
39.05,-120.84999,2019-10-17 00:00:00,0,0.0
39.05,-120.75,2019-10-17 00:00:00,0,0.3881371
39.05,-120.649994,2019-10-17 00:00:00,0,0.12049402
39.05,-120.549995,2019-10-17 00:00:00,0,0.67833674
39.05,-120.45,2019-10-17 00:00:00,0,0.44064522
39.05,-120.34999,2019-10-17 00:00:00,0,0.20178585
39.05,-120.25,2019-10-17 00:00:00,0,0.14887893
39.05,-120.149994,2019-10-17 00:00:00,0,0.13786243
39.05,-120.049995,2019-10-17 00:00:00,0,0.08466785
39.05,-119.95,2019-10-17 00:00:00,0,0.0
39.05,-119.84999,2019-10-17 00:00:00,0,0.0
39.05,-119.75,2019-10-17 00:00:00,0,0.0
39.05,-119.649994,2019-10-17 00:00:00,0,0.0
39.05,-119.549995,2019-10-17 00:00:00,0,0.0
39.05,-119.45,2019-10-17 00:00:00,0,0.0
39.05,-119.34999,2019-10-17 00:00:00,0,0.0
39.05,-119.25,2019-10-17 00:00:00,0,0.0
39.05,-119.149994,2019-10-17 00:00:00,0,0.0
39.05,-119.049995,2019-10-17 00:00:00,0,0.0
39.05,-118.95,2019-10-17 00:00:00,0,0.0
39.05,-118.84999,2019-10-17 00:00:00,0,0.0
39.05,-118.75,2019-10-17 00:00:00,0,0.0
39.05,-118.649994,2019-10-17 00:00:00,0,0.0
39.05,-118.549995,2019-10-17 00:00:00,0,0.0
39.05,-118.45,2019-10-17 00:00:00,0,0.0
39.05,-118.34999,2019-10-17 00:00:00,0,0.0
39.05,-118.25,2019-10-17 00:00:00,0,0.0
39.05,-118.149994,2019-10-17 00:00:00,0,0.0
39.05,-118.049995,2019-10-17 00:00:00,0,0.0
39.05,-117.95,2019-10-17 00:00:00,0,0.0
39.05,-117.84999,2019-10-17 00:00:00,0,0.0
39.05,-117.75,2019-10-17 00:00:00,0,0.0
39.05,-117.649994,2019-10-17 00:00:00,0,0.0
39.05,-117.549995,2019-10-17 00:00:00,0,0.0
39.05,-117.45,2019-10-17 00:00:00,0,0.0
39.05,-117.34999,2019-10-17 00:00:00,0,0.0
39.05,-117.25,2019-10-17 00:00:00,0,0.0
39.05,-117.149994,2019-10-17 00:00:00,0,0.0
39.05,-117.049995,2019-10-17 00:00:00,0,0.0
39.05,-116.95,2019-10-17 00:00:00,0,0.0
39.05,-116.84999,2019-10-17 00:00:00,0,0.0
39.05,-116.75,2019-10-17 00:00:00,0,0.0
39.05,-116.649994,2019-10-17 00:00:00,0,0.0
39.05,-116.549995,2019-10-17 00:00:00,0,0.0
39.05,-116.45,2019-10-17 00:00:00,0,0.0
39.05,-116.34999,2019-10-17 00:00:00,0,0.0
39.05,-116.25,2019-10-17 00:00:00,0,0.0
39.05,-116.149994,2019-10-17 00:00:00,0,0.0
39.05,-116.049995,2019-10-17 00:00:00,0,0.0
39.05,-115.95,2019-10-17 00:00:00,0,0.0
39.05,-115.85,2019-10-17 00:00:00,0,0.0
39.05,-115.74999,2019-10-17 00:00:00,0,0.0
39.05,-115.649994,2019-10-17 00:00:00,0,0.0
39.05,-115.549995,2019-10-17 00:00:00,0,0.0
39.05,-115.45,2019-10-17 00:00:00,0,0.0
39.05,-115.35,2019-10-17 00:00:00,0,0.0
39.05,-115.24999,2019-10-17 00:00:00,0,0.0
39.05,-115.149994,2019-10-17 00:00:00,0,0.0
39.05,-115.049995,2019-10-17 00:00:00,0,0.0
39.05,-114.95,2019-10-17 00:00:00,0,0.0
39.05,-114.85,2019-10-17 00:00:00,0,0.0
39.05,-114.74999,2019-10-17 00:00:00,0,0.0
39.05,-114.649994,2019-10-17 00:00:00,0,0.0
39.05,-114.549995,2019-10-17 00:00:00,0,0.0
39.05,-114.45,2019-10-17 00:00:00,0,0.0
39.05,-114.35,2019-10-17 00:00:00,0,0.0
39.05,-114.24999,2019-10-17 00:00:00,0,0.0
39.150005,-124.34999,2019-10-17 00:00:00,0,0.0
39.150005,-124.25,2019-10-17 00:00:00,0,0.0
39.150005,-124.149994,2019-10-17 00:00:00,0,0.0
39.150005,-124.049995,2019-10-17 00:00:00,0,0.0
39.150005,-123.95,2019-10-17 00:00:00,0,0.0
39.150005,-123.84999,2019-10-17 00:00:00,0,0.0
39.150005,-123.75,2019-10-17 00:00:00,0,0.0
39.150005,-123.649994,2019-10-17 00:00:00,0,0.7367579
39.150005,-123.549995,2019-10-17 00:00:00,0,0.48588043
39.150005,-123.45,2019-10-17 00:00:00,0,0.23095763
39.150005,-123.34999,2019-10-17 00:00:00,0,0.017451549
39.150005,-123.25,2019-10-17 00:00:00,0,0.0
39.150005,-123.149994,2019-10-17 00:00:00,0,0.0
39.150005,-123.049995,2019-10-17 00:00:00,0,0.0
39.150005,-122.95,2019-10-17 00:00:00,0,0.0
39.150005,-122.84999,2019-10-17 00:00:00,0,0.0
39.150005,-122.75,2019-10-17 00:00:00,0,0.0
39.150005,-122.649994,2019-10-17 00:00:00,0,0.00071829656
39.150005,-122.549995,2019-10-17 00:00:00,0,0.028719012
39.150005,-122.45,2019-10-17 00:00:00,0,0.5631564
39.150005,-122.34999,2019-10-17 00:00:00,0,0.2248641
39.150005,-122.25,2019-10-17 00:00:00,0,0.3921153
39.150005,-122.149994,2019-10-17 00:00:00,0,1.0994467
39.150005,-122.049995,2019-10-17 00:00:00,0,2.332808
39.150005,-121.95,2019-10-17 00:00:00,0,3.333325
39.150005,-121.84999,2019-10-17 00:00:00,0,3.365316
39.150005,-121.75,2019-10-17 00:00:00,0,2.2409425
39.150005,-121.649994,2019-10-17 00:00:00,0,1.8055878
39.150005,-121.549995,2019-10-17 00:00:00,0,1.2224617
39.150005,-121.45,2019-10-17 00:00:00,0,0.79316247
39.150005,-121.34999,2019-10-17 00:00:00,0,0.49721697
39.150005,-121.25,2019-10-17 00:00:00,0,0.19351648
39.150005,-121.149994,2019-10-17 00:00:00,0,0.0800443
39.150005,-121.049995,2019-10-17 00:00:00,0,0.012326434
39.150005,-120.95,2019-10-17 00:00:00,0,0.012079905
39.150005,-120.84999,2019-10-17 00:00:00,0,0.26183337
39.150005,-120.75,2019-10-17 00:00:00,0,0.13499999
39.150005,-120.649994,2019-10-17 00:00:00,0,0.76
39.150005,-120.549995,2019-10-17 00:00:00,0,0.70372546
39.150005,-120.45,2019-10-17 00:00:00,0,0.25472805
39.150005,-120.34999,2019-10-17 00:00:00,0,0.259832
39.150005,-120.25,2019-10-17 00:00:00,0,0.25811166
39.150005,-120.149994,2019-10-17 00:00:00,0,0.16675451
39.150005,-120.049995,2019-10-17 00:00:00,0,0.09139766
39.150005,-119.95,2019-10-17 00:00:00,0,0.0
39.150005,-119.84999,2019-10-17 00:00:00,0,0.0
39.150005,-119.75,2019-10-17 00:00:00,0,0.0
39.150005,-119.649994,2019-10-17 00:00:00,0,0.0
39.150005,-119.549995,2019-10-17 00:00:00,0,0.0
39.150005,-119.45,2019-10-17 00:00:00,0,0.0
39.150005,-119.34999,2019-10-17 00:00:00,0,0.0
39.150005,-119.25,2019-10-17 00:00:00,0,0.0
39.150005,-119.149994,2019-10-17 00:00:00,0,0.0
39.150005,-119.049995,2019-10-17 00:00:00,0,0.0
39.150005,-118.95,2019-10-17 00:00:00,0,0.0
39.150005,-118.84999,2019-10-17 00:00:00,0,0.0
39.150005,-118.75,2019-10-17 00:00:00,0,0.0
39.150005,-118.649994,2019-10-17 00:00:00,0,0.0
39.150005,-118.549995,2019-10-17 00:00:00,0,0.0
39.150005,-118.45,2019-10-17 00:00:00,0,0.0
39.150005,-118.34999,2019-10-17 00:00:00,0,0.0
39.150005,-118.25,2019-10-17 00:00:00,0,0.0
39.150005,-118.149994,2019-10-17 00:00:00,0,0.0
39.150005,-118.049995,2019-10-17 00:00:00,0,0.0
39.150005,-117.95,2019-10-17 00:00:00,0,0.0
39.150005,-117.84999,2019-10-17 00:00:00,0,0.0
39.150005,-117.75,2019-10-17 00:00:00,0,0.0
39.150005,-117.649994,2019-10-17 00:00:00,0,0.0
39.150005,-117.549995,2019-10-17 00:00:00,0,0.0
39.150005,-117.45,2019-10-17 00:00:00,0,0.0
39.150005,-117.34999,2019-10-17 00:00:00,0,0.0
39.150005,-117.25,2019-10-17 00:00:00,0,0.0
39.150005,-117.149994,2019-10-17 00:00:00,0,0.0
39.150005,-117.049995,2019-10-17 00:00:00,0,0.0
39.150005,-116.95,2019-10-17 00:00:00,0,0.0
39.150005,-116.84999,2019-10-17 00:00:00,0,0.0
39.150005,-116.75,2019-10-17 00:00:00,0,0.0
39.150005,-116.649994,2019-10-17 00:00:00,0,0.0
39.150005,-116.549995,2019-10-17 00:00:00,0,0.0
39.150005,-116.45,2019-10-17 00:00:00,0,0.0
39.150005,-116.34999,2019-10-17 00:00:00,0,0.0
39.150005,-116.25,2019-10-17 00:00:00,0,0.0
39.150005,-116.149994,2019-10-17 00:00:00,0,0.0
39.150005,-116.049995,2019-10-17 00:00:00,0,0.0
39.150005,-115.95,2019-10-17 00:00:00,0,0.0
39.150005,-115.85,2019-10-17 00:00:00,0,0.0
39.150005,-115.74999,2019-10-17 00:00:00,0,0.0
39.150005,-115.649994,2019-10-17 00:00:00,0,0.0
39.150005,-115.549995,2019-10-17 00:00:00,0,0.0
39.150005,-115.45,2019-10-17 00:00:00,0,0.0
39.150005,-115.35,2019-10-17 00:00:00,0,0.0
39.150005,-115.24999,2019-10-17 00:00:00,0,0.0
39.150005,-115.149994,2019-10-17 00:00:00,0,0.0
39.150005,-115.049995,2019-10-17 00:00:00,0,0.0
39.150005,-114.95,2019-10-17 00:00:00,0,0.0
39.150005,-114.85,2019-10-17 00:00:00,0,0.0
39.150005,-114.74999,2019-10-17 00:00:00,0,0.0
39.150005,-114.649994,2019-10-17 00:00:00,0,0.0
39.150005,-114.549995,2019-10-17 00:00:00,0,0.0
39.150005,-114.45,2019-10-17 00:00:00,0,0.0
39.150005,-114.35,2019-10-17 00:00:00,0,0.0
39.150005,-114.24999,2019-10-17 00:00:00,0,0.0
39.249996,-124.34999,2019-10-17 00:00:00,0,0.0
39.249996,-124.25,2019-10-17 00:00:00,0,0.0
39.249996,-124.149994,2019-10-17 00:00:00,0,0.0
39.249996,-124.049995,2019-10-17 00:00:00,0,0.0
39.249996,-123.95,2019-10-17 00:00:00,0,0.0
39.249996,-123.84999,2019-10-17 00:00:00,0,0.0
39.249996,-123.75,2019-10-17 00:00:00,0,1.2036273
39.249996,-123.649994,2019-10-17 00:00:00,0,0.75726426
39.249996,-123.549995,2019-10-17 00:00:00,0,0.42693555
39.249996,-123.45,2019-10-17 00:00:00,0,0.21677247
39.249996,-123.34999,2019-10-17 00:00:00,0,0.017451549
39.249996,-123.25,2019-10-17 00:00:00,0,0.0
39.249996,-123.149994,2019-10-17 00:00:00,0,0.0
39.249996,-123.049995,2019-10-17 00:00:00,0,0.0
39.249996,-122.95,2019-10-17 00:00:00,0,0.0
39.249996,-122.84999,2019-10-17 00:00:00,0,0.11349774
39.249996,-122.75,2019-10-17 00:00:00,0,0.013433917
39.249996,-122.649994,2019-10-17 00:00:00,0,0.015500672
39.249996,-122.549995,2019-10-17 00:00:00,0,0.0127325095
39.249996,-122.45,2019-10-17 00:00:00,0,0.16995318
39.249996,-122.34999,2019-10-17 00:00:00,0,0.59086823
39.249996,-122.25,2019-10-17 00:00:00,0,0.96695644
39.249996,-122.149994,2019-10-17 00:00:00,0,2.2438018
39.249996,-122.049995,2019-10-17 00:00:00,0,3.2902508
39.249996,-121.95,2019-10-17 00:00:00,0,4.3368363
39.249996,-121.84999,2019-10-17 00:00:00,0,4.0880094
39.249996,-121.75,2019-10-17 00:00:00,0,3.1864054
39.249996,-121.649994,2019-10-17 00:00:00,0,2.030219
39.249996,-121.549995,2019-10-17 00:00:00,0,1.2719429
39.249996,-121.45,2019-10-17 00:00:00,0,1.0143443
39.249996,-121.34999,2019-10-17 00:00:00,0,0.4777772
39.249996,-121.25,2019-10-17 00:00:00,0,0.19181645
39.249996,-121.149994,2019-10-17 00:00:00,0,0.052130498
39.249996,-121.049995,2019-10-17 00:00:00,0,0.036592
39.249996,-120.95,2019-10-17 00:00:00,0,0.035845224
39.249996,-120.84999,2019-10-17 00:00:00,0,0.011586848
39.249996,-120.75,2019-10-17 00:00:00,0,0.0
39.249996,-120.649994,2019-10-17 00:00:00,0,0.85133094
39.249996,-120.549995,2019-10-17 00:00:00,0,0.38361132
39.249996,-120.45,2019-10-17 00:00:00,0,0.4361071
39.249996,-120.34999,2019-10-17 00:00:00,0,0.40770063
39.249996,-120.25,2019-10-17 00:00:00,0,0.30616206
39.249996,-120.149994,2019-10-17 00:00:00,0,0.17739756
39.249996,-120.049995,2019-10-17 00:00:00,0,0.18471873
39.249996,-119.95,2019-10-17 00:00:00,0,0.0
39.249996,-119.84999,2019-10-17 00:00:00,0,0.0
39.249996,-119.75,2019-10-17 00:00:00,0,0.0
39.249996,-119.649994,2019-10-17 00:00:00,0,0.0
39.249996,-119.549995,2019-10-17 00:00:00,0,0.0
39.249996,-119.45,2019-10-17 00:00:00,0,0.0
39.249996,-119.34999,2019-10-17 00:00:00,0,0.0
39.249996,-119.25,2019-10-17 00:00:00,0,0.0
39.249996,-119.149994,2019-10-17 00:00:00,0,0.0
39.249996,-119.049995,2019-10-17 00:00:00,0,0.0
39.249996,-118.95,2019-10-17 00:00:00,0,0.0
39.249996,-118.84999,2019-10-17 00:00:00,0,0.0
39.249996,-118.75,2019-10-17 00:00:00,0,0.0
39.249996,-118.649994,2019-10-17 00:00:00,0,0.0
39.249996,-118.549995,2019-10-17 00:00:00,0,0.0
39.249996,-118.45,2019-10-17 00:00:00,0,0.0
39.249996,-118.34999,2019-10-17 00:00:00,0,0.0
39.249996,-118.25,2019-10-17 00:00:00,0,0.0
39.249996,-118.149994,2019-10-17 00:00:00,0,0.0
39.249996,-118.049995,2019-10-17 00:00:00,0,0.0
39.249996,-117.95,2019-10-17 00:00:00,0,0.0
39.249996,-117.84999,2019-10-17 00:00:00,0,0.0
39.249996,-117.75,2019-10-17 00:00:00,0,0.0
39.249996,-117.649994,2019-10-17 00:00:00,0,0.0
39.249996,-117.549995,2019-10-17 00:00:00,0,0.0
39.249996,-117.45,2019-10-17 00:00:00,0,0.0
39.249996,-117.34999,2019-10-17 00:00:00,0,0.0
39.249996,-117.25,2019-10-17 00:00:00,0,0.0
39.249996,-117.149994,2019-10-17 00:00:00,0,0.0
39.249996,-117.049995,2019-10-17 00:00:00,0,0.0
39.249996,-116.95,2019-10-17 00:00:00,0,0.0
39.249996,-116.84999,2019-10-17 00:00:00,0,0.0
39.249996,-116.75,2019-10-17 00:00:00,0,0.0
39.249996,-116.649994,2019-10-17 00:00:00,0,0.0
39.249996,-116.549995,2019-10-17 00:00:00,0,0.0
39.249996,-116.45,2019-10-17 00:00:00,0,0.0
39.249996,-116.34999,2019-10-17 00:00:00,0,0.0
39.249996,-116.25,2019-10-17 00:00:00,0,0.0
39.249996,-116.149994,2019-10-17 00:00:00,0,0.0
39.249996,-116.049995,2019-10-17 00:00:00,0,0.0
39.249996,-115.95,2019-10-17 00:00:00,0,0.0
39.249996,-115.85,2019-10-17 00:00:00,0,0.0
39.249996,-115.74999,2019-10-17 00:00:00,0,0.0
39.249996,-115.649994,2019-10-17 00:00:00,0,0.0
39.249996,-115.549995,2019-10-17 00:00:00,0,0.0
39.249996,-115.45,2019-10-17 00:00:00,0,0.0
39.249996,-115.35,2019-10-17 00:00:00,0,0.0
39.249996,-115.24999,2019-10-17 00:00:00,0,0.0
39.249996,-115.149994,2019-10-17 00:00:00,0,0.0
39.249996,-115.049995,2019-10-17 00:00:00,0,0.0
39.249996,-114.95,2019-10-17 00:00:00,0,0.0
39.249996,-114.85,2019-10-17 00:00:00,0,0.0
39.249996,-114.74999,2019-10-17 00:00:00,0,0.0
39.249996,-114.649994,2019-10-17 00:00:00,0,0.0
39.249996,-114.549995,2019-10-17 00:00:00,0,0.0
39.249996,-114.45,2019-10-17 00:00:00,0,0.0
39.249996,-114.35,2019-10-17 00:00:00,0,0.0
39.249996,-114.24999,2019-10-17 00:00:00,0,0.0
39.350002,-124.34999,2019-10-17 00:00:00,0,0.0
39.350002,-124.25,2019-10-17 00:00:00,0,0.0
39.350002,-124.149994,2019-10-17 00:00:00,0,0.0
39.350002,-124.049995,2019-10-17 00:00:00,0,0.0
39.350002,-123.95,2019-10-17 00:00:00,0,0.0
39.350002,-123.84999,2019-10-17 00:00:00,0,0.0
39.350002,-123.75,2019-10-17 00:00:00,0,2.1370752
39.350002,-123.649994,2019-10-17 00:00:00,0,0.9634175
39.350002,-123.549995,2019-10-17 00:00:00,0,0.32532158
39.350002,-123.45,2019-10-17 00:00:00,0,0.17373377
39.350002,-123.34999,2019-10-17 00:00:00,0,0.015706394
39.350002,-123.25,2019-10-17 00:00:00,0,0.0
39.350002,-123.149994,2019-10-17 00:00:00,0,0.0
39.350002,-123.049995,2019-10-17 00:00:00,0,0.060667295
39.350002,-122.95,2019-10-17 00:00:00,0,0.08508526
39.350002,-122.84999,2019-10-17 00:00:00,0,0.010924283
39.350002,-122.75,2019-10-17 00:00:00,0,0.08281789
39.350002,-122.649994,2019-10-17 00:00:00,0,0.09826935
39.350002,-122.549995,2019-10-17 00:00:00,0,0.06603852
39.350002,-122.45,2019-10-17 00:00:00,0,0.3876552
39.350002,-122.34999,2019-10-17 00:00:00,0,0.866699
39.350002,-122.25,2019-10-17 00:00:00,0,2.2177434
39.350002,-122.149994,2019-10-17 00:00:00,0,2.9588957
39.350002,-122.049995,2019-10-17 00:00:00,0,4.2605577
39.350002,-121.95,2019-10-17 00:00:00,0,4.8041787
39.350002,-121.84999,2019-10-17 00:00:00,0,5.130293
39.350002,-121.75,2019-10-17 00:00:00,0,4.1247654
39.350002,-121.649994,2019-10-17 00:00:00,0,2.4992125
39.350002,-121.549995,2019-10-17 00:00:00,0,1.7649493
39.350002,-121.45,2019-10-17 00:00:00,0,0.9863419
39.350002,-121.34999,2019-10-17 00:00:00,0,0.42009252
39.350002,-121.25,2019-10-17 00:00:00,0,0.17954636
39.350002,-121.149994,2019-10-17 00:00:00,0,0.09874886
39.350002,-121.049995,2019-10-17 00:00:00,0,0.186813
39.350002,-120.95,2019-10-17 00:00:00,0,0.049150586
39.350002,-120.84999,2019-10-17 00:00:00,0,0.0
39.350002,-120.75,2019-10-17 00:00:00,0,0.34809387
39.350002,-120.649994,2019-10-17 00:00:00,0,0.41880512
39.350002,-120.549995,2019-10-17 00:00:00,0,0.5474636
39.350002,-120.45,2019-10-17 00:00:00,0,0.656023
39.350002,-120.34999,2019-10-17 00:00:00,0,0.5044423
39.350002,-120.25,2019-10-17 00:00:00,0,0.32675418
39.350002,-120.149994,2019-10-17 00:00:00,0,0.33303943
39.350002,-120.049995,2019-10-17 00:00:00,0,0.19079404
39.350002,-119.95,2019-10-17 00:00:00,0,0.0
39.350002,-119.84999,2019-10-17 00:00:00,0,0.0
39.350002,-119.75,2019-10-17 00:00:00,0,0.0
39.350002,-119.649994,2019-10-17 00:00:00,0,0.0
39.350002,-119.549995,2019-10-17 00:00:00,0,0.0
39.350002,-119.45,2019-10-17 00:00:00,0,0.0
39.350002,-119.34999,2019-10-17 00:00:00,0,0.0
39.350002,-119.25,2019-10-17 00:00:00,0,0.0
39.350002,-119.149994,2019-10-17 00:00:00,0,0.0
39.350002,-119.049995,2019-10-17 00:00:00,0,0.0
39.350002,-118.95,2019-10-17 00:00:00,0,0.0
39.350002,-118.84999,2019-10-17 00:00:00,0,0.0
39.350002,-118.75,2019-10-17 00:00:00,0,0.0
39.350002,-118.649994,2019-10-17 00:00:00,0,0.0
39.350002,-118.549995,2019-10-17 00:00:00,0,0.0
39.350002,-118.45,2019-10-17 00:00:00,0,0.0
39.350002,-118.34999,2019-10-17 00:00:00,0,0.0
39.350002,-118.25,2019-10-17 00:00:00,0,0.0
39.350002,-118.149994,2019-10-17 00:00:00,0,0.0
39.350002,-118.049995,2019-10-17 00:00:00,0,0.0
39.350002,-117.95,2019-10-17 00:00:00,0,0.0
39.350002,-117.84999,2019-10-17 00:00:00,0,0.0
39.350002,-117.75,2019-10-17 00:00:00,0,0.0
39.350002,-117.649994,2019-10-17 00:00:00,0,0.0
39.350002,-117.549995,2019-10-17 00:00:00,0,0.0
39.350002,-117.45,2019-10-17 00:00:00,0,0.0
39.350002,-117.34999,2019-10-17 00:00:00,0,0.0
39.350002,-117.25,2019-10-17 00:00:00,0,0.0
39.350002,-117.149994,2019-10-17 00:00:00,0,0.0
39.350002,-117.049995,2019-10-17 00:00:00,0,0.0
39.350002,-116.95,2019-10-17 00:00:00,0,0.0
39.350002,-116.84999,2019-10-17 00:00:00,0,0.0
39.350002,-116.75,2019-10-17 00:00:00,0,0.0
39.350002,-116.649994,2019-10-17 00:00:00,0,0.0
39.350002,-116.549995,2019-10-17 00:00:00,0,0.0
39.350002,-116.45,2019-10-17 00:00:00,0,0.0
39.350002,-116.34999,2019-10-17 00:00:00,0,0.0
39.350002,-116.25,2019-10-17 00:00:00,0,0.0
39.350002,-116.149994,2019-10-17 00:00:00,0,0.0
39.350002,-116.049995,2019-10-17 00:00:00,0,0.0
39.350002,-115.95,2019-10-17 00:00:00,0,0.0
39.350002,-115.85,2019-10-17 00:00:00,0,0.0
39.350002,-115.74999,2019-10-17 00:00:00,0,0.0
39.350002,-115.649994,2019-10-17 00:00:00,0,0.0
39.350002,-115.549995,2019-10-17 00:00:00,0,0.0
39.350002,-115.45,2019-10-17 00:00:00,0,0.0
39.350002,-115.35,2019-10-17 00:00:00,0,0.0
39.350002,-115.24999,2019-10-17 00:00:00,0,0.0
39.350002,-115.149994,2019-10-17 00:00:00,0,0.0
39.350002,-115.049995,2019-10-17 00:00:00,0,0.0
39.350002,-114.95,2019-10-17 00:00:00,0,0.0
39.350002,-114.85,2019-10-17 00:00:00,0,0.0
39.350002,-114.74999,2019-10-17 00:00:00,0,0.0
39.350002,-114.649994,2019-10-17 00:00:00,0,0.0
39.350002,-114.549995,2019-10-17 00:00:00,0,0.0
39.350002,-114.45,2019-10-17 00:00:00,0,0.0
39.350002,-114.35,2019-10-17 00:00:00,0,0.0
39.350002,-114.24999,2019-10-17 00:00:00,0,0.0
39.45001,-124.34999,2019-10-17 00:00:00,0,0.0
39.45001,-124.25,2019-10-17 00:00:00,0,0.0
39.45001,-124.149994,2019-10-17 00:00:00,0,0.0
39.45001,-124.049995,2019-10-17 00:00:00,0,0.0
39.45001,-123.95,2019-10-17 00:00:00,0,0.0
39.45001,-123.84999,2019-10-17 00:00:00,0,0.0
39.45001,-123.75,2019-10-17 00:00:00,0,1.6360674
39.45001,-123.649994,2019-10-17 00:00:00,0,0.81667197
39.45001,-123.549995,2019-10-17 00:00:00,0,0.29274035
39.45001,-123.45,2019-10-17 00:00:00,0,0.041818418
39.45001,-123.34999,2019-10-17 00:00:00,0,0.013088662
39.45001,-123.25,2019-10-17 00:00:00,0,0.0
39.45001,-123.149994,2019-10-17 00:00:00,0,0.04624199
39.45001,-123.049995,2019-10-17 00:00:00,0,0.054606356
39.45001,-122.95,2019-10-17 00:00:00,0,0.0
39.45001,-122.84999,2019-10-17 00:00:00,0,0.012006872
39.45001,-122.75,2019-10-17 00:00:00,0,0.36790913
39.45001,-122.649994,2019-10-17 00:00:00,0,0.1316819
39.45001,-122.549995,2019-10-17 00:00:00,0,0.36096546
39.45001,-122.45,2019-10-17 00:00:00,0,0.62411577
39.45001,-122.34999,2019-10-17 00:00:00,0,2.099431
39.45001,-122.25,2019-10-17 00:00:00,0,2.6203763
39.45001,-122.149994,2019-10-17 00:00:00,0,2.8341556
39.45001,-122.049995,2019-10-17 00:00:00,0,2.9602852
39.45001,-121.95,2019-10-17 00:00:00,0,3.1737142
39.45001,-121.84999,2019-10-17 00:00:00,0,3.532862
39.45001,-121.75,2019-10-17 00:00:00,0,3.8123746
39.45001,-121.649994,2019-10-17 00:00:00,0,3.3356342
39.45001,-121.549995,2019-10-17 00:00:00,0,1.9852629
39.45001,-121.45,2019-10-17 00:00:00,0,0.9245542
39.45001,-121.34999,2019-10-17 00:00:00,0,0.46467528
39.45001,-121.25,2019-10-17 00:00:00,0,0.26924193
39.45001,-121.149994,2019-10-17 00:00:00,0,0.43112773
39.45001,-121.049995,2019-10-17 00:00:00,0,0.217741
39.45001,-120.95,2019-10-17 00:00:00,0,0.43478742
39.45001,-120.84999,2019-10-17 00:00:00,0,0.39
39.45001,-120.75,2019-10-17 00:00:00,0,0.010156789
39.45001,-120.649994,2019-10-17 00:00:00,0,0.32578015
39.45001,-120.549995,2019-10-17 00:00:00,0,0.73499995
39.45001,-120.45,2019-10-17 00:00:00,0,0.7211334
39.45001,-120.34999,2019-10-17 00:00:00,0,0.5418849
39.45001,-120.25,2019-10-17 00:00:00,0,0.5789101
39.45001,-120.149994,2019-10-17 00:00:00,0,0.33744305
39.45001,-120.049995,2019-10-17 00:00:00,0,0.23099275
39.45001,-119.95,2019-10-17 00:00:00,0,0.0
39.45001,-119.84999,2019-10-17 00:00:00,0,0.0
39.45001,-119.75,2019-10-17 00:00:00,0,0.0
39.45001,-119.649994,2019-10-17 00:00:00,0,0.0
39.45001,-119.549995,2019-10-17 00:00:00,0,0.0
39.45001,-119.45,2019-10-17 00:00:00,0,0.0
39.45001,-119.34999,2019-10-17 00:00:00,0,0.0
39.45001,-119.25,2019-10-17 00:00:00,0,0.0
39.45001,-119.149994,2019-10-17 00:00:00,0,0.0
39.45001,-119.049995,2019-10-17 00:00:00,0,0.0
39.45001,-118.95,2019-10-17 00:00:00,0,0.0
39.45001,-118.84999,2019-10-17 00:00:00,0,0.0
39.45001,-118.75,2019-10-17 00:00:00,0,0.0
39.45001,-118.649994,2019-10-17 00:00:00,0,0.0
39.45001,-118.549995,2019-10-17 00:00:00,0,0.0
39.45001,-118.45,2019-10-17 00:00:00,0,0.0
39.45001,-118.34999,2019-10-17 00:00:00,0,0.0
39.45001,-118.25,2019-10-17 00:00:00,0,0.0
39.45001,-118.149994,2019-10-17 00:00:00,0,0.0
39.45001,-118.049995,2019-10-17 00:00:00,0,0.0
39.45001,-117.95,2019-10-17 00:00:00,0,0.0
39.45001,-117.84999,2019-10-17 00:00:00,0,0.0
39.45001,-117.75,2019-10-17 00:00:00,0,0.0
39.45001,-117.649994,2019-10-17 00:00:00,0,0.0
39.45001,-117.549995,2019-10-17 00:00:00,0,0.0
39.45001,-117.45,2019-10-17 00:00:00,0,0.0
39.45001,-117.34999,2019-10-17 00:00:00,0,0.0
39.45001,-117.25,2019-10-17 00:00:00,0,0.0
39.45001,-117.149994,2019-10-17 00:00:00,0,0.0
39.45001,-117.049995,2019-10-17 00:00:00,0,0.0
39.45001,-116.95,2019-10-17 00:00:00,0,0.0
39.45001,-116.84999,2019-10-17 00:00:00,0,0.0
39.45001,-116.75,2019-10-17 00:00:00,0,0.0
39.45001,-116.649994,2019-10-17 00:00:00,0,0.0
39.45001,-116.549995,2019-10-17 00:00:00,0,0.0
39.45001,-116.45,2019-10-17 00:00:00,0,0.0
39.45001,-116.34999,2019-10-17 00:00:00,0,0.0
39.45001,-116.25,2019-10-17 00:00:00,0,0.0
39.45001,-116.149994,2019-10-17 00:00:00,0,0.0
39.45001,-116.049995,2019-10-17 00:00:00,0,0.0
39.45001,-115.95,2019-10-17 00:00:00,0,0.0
39.45001,-115.85,2019-10-17 00:00:00,0,0.0
39.45001,-115.74999,2019-10-17 00:00:00,0,0.0
39.45001,-115.649994,2019-10-17 00:00:00,0,0.0
39.45001,-115.549995,2019-10-17 00:00:00,0,0.0
39.45001,-115.45,2019-10-17 00:00:00,0,0.0
39.45001,-115.35,2019-10-17 00:00:00,0,0.0
39.45001,-115.24999,2019-10-17 00:00:00,0,0.0
39.45001,-115.149994,2019-10-17 00:00:00,0,0.0
39.45001,-115.049995,2019-10-17 00:00:00,0,0.0
39.45001,-114.95,2019-10-17 00:00:00,0,0.0
39.45001,-114.85,2019-10-17 00:00:00,0,0.0
39.45001,-114.74999,2019-10-17 00:00:00,0,0.0
39.45001,-114.649994,2019-10-17 00:00:00,0,0.0
39.45001,-114.549995,2019-10-17 00:00:00,0,0.0
39.45001,-114.45,2019-10-17 00:00:00,0,0.0
39.45001,-114.35,2019-10-17 00:00:00,0,0.0
39.45001,-114.24999,2019-10-17 00:00:00,0,0.0
39.55,-124.34999,2019-10-17 00:00:00,0,0.0
39.55,-124.25,2019-10-17 00:00:00,0,0.0
39.55,-124.149994,2019-10-17 00:00:00,0,0.0
39.55,-124.049995,2019-10-17 00:00:00,0,0.0
39.55,-123.95,2019-10-17 00:00:00,0,0.0
39.55,-123.84999,2019-10-17 00:00:00,0,0.0
39.55,-123.75,2019-10-17 00:00:00,0,0.43295646
39.55,-123.649994,2019-10-17 00:00:00,0,0.11489882
39.55,-123.549995,2019-10-17 00:00:00,0,0.16635764
39.55,-123.45,2019-10-17 00:00:00,0,0.16912003
39.55,-123.34999,2019-10-17 00:00:00,0,0.09627436
39.55,-123.25,2019-10-17 00:00:00,0,0.25138825
39.55,-123.149994,2019-10-17 00:00:00,0,0.16390225
39.55,-123.049995,2019-10-17 00:00:00,0,0.08378201
39.55,-122.95,2019-10-17 00:00:00,0,0.031726625
39.55,-122.84999,2019-10-17 00:00:00,0,0.2512377
39.55,-122.75,2019-10-17 00:00:00,0,0.0840481
39.55,-122.649994,2019-10-17 00:00:00,0,0.12678522
39.55,-122.549995,2019-10-17 00:00:00,0,0.4114647
39.55,-122.45,2019-10-17 00:00:00,0,1.646611
39.55,-122.34999,2019-10-17 00:00:00,0,2.1985373
39.55,-122.25,2019-10-17 00:00:00,0,2.7331681
39.55,-122.149994,2019-10-17 00:00:00,0,2.9782448
39.55,-122.049995,2019-10-17 00:00:00,0,3.0862744
39.55,-121.95,2019-10-17 00:00:00,0,3.031028
39.55,-121.84999,2019-10-17 00:00:00,0,2.949541
39.55,-121.75,2019-10-17 00:00:00,0,3.8483477
39.55,-121.649994,2019-10-17 00:00:00,0,3.4433851
39.55,-121.549995,2019-10-17 00:00:00,0,1.8365117
39.55,-121.45,2019-10-17 00:00:00,0,1.0280329
39.55,-121.34999,2019-10-17 00:00:00,0,0.6119481
39.55,-121.25,2019-10-17 00:00:00,0,0.61440873
39.55,-121.149994,2019-10-17 00:00:00,0,0.37307218
39.55,-121.049995,2019-10-17 00:00:00,0,0.4253601
39.55,-120.95,2019-10-17 00:00:00,0,0.36342722
39.55,-120.84999,2019-10-17 00:00:00,0,0.0
39.55,-120.75,2019-10-17 00:00:00,0,0.36499998
39.55,-120.649994,2019-10-17 00:00:00,0,0.0
39.55,-120.549995,2019-10-17 00:00:00,0,0.67061543
39.55,-120.45,2019-10-17 00:00:00,0,0.81500876
39.55,-120.34999,2019-10-17 00:00:00,0,0.7656864
39.55,-120.25,2019-10-17 00:00:00,0,0.560125
39.55,-120.149994,2019-10-17 00:00:00,0,0.42271045
39.55,-120.049995,2019-10-17 00:00:00,0,0.021481311
39.55,-119.95,2019-10-17 00:00:00,0,0.0
39.55,-119.84999,2019-10-17 00:00:00,0,0.0
39.55,-119.75,2019-10-17 00:00:00,0,0.0
39.55,-119.649994,2019-10-17 00:00:00,0,0.0
39.55,-119.549995,2019-10-17 00:00:00,0,0.0
39.55,-119.45,2019-10-17 00:00:00,0,0.0
39.55,-119.34999,2019-10-17 00:00:00,0,0.0
39.55,-119.25,2019-10-17 00:00:00,0,0.0
39.55,-119.149994,2019-10-17 00:00:00,0,0.0
39.55,-119.049995,2019-10-17 00:00:00,0,0.0
39.55,-118.95,2019-10-17 00:00:00,0,0.0
39.55,-118.84999,2019-10-17 00:00:00,0,0.0
39.55,-118.75,2019-10-17 00:00:00,0,0.0
39.55,-118.649994,2019-10-17 00:00:00,0,0.0
39.55,-118.549995,2019-10-17 00:00:00,0,0.0
39.55,-118.45,2019-10-17 00:00:00,0,0.0
39.55,-118.34999,2019-10-17 00:00:00,0,0.0
39.55,-118.25,2019-10-17 00:00:00,0,0.0
39.55,-118.149994,2019-10-17 00:00:00,0,0.0
39.55,-118.049995,2019-10-17 00:00:00,0,0.0
39.55,-117.95,2019-10-17 00:00:00,0,0.0
39.55,-117.84999,2019-10-17 00:00:00,0,0.0
39.55,-117.75,2019-10-17 00:00:00,0,0.0
39.55,-117.649994,2019-10-17 00:00:00,0,0.0
39.55,-117.549995,2019-10-17 00:00:00,0,0.0
39.55,-117.45,2019-10-17 00:00:00,0,0.0
39.55,-117.34999,2019-10-17 00:00:00,0,0.0
39.55,-117.25,2019-10-17 00:00:00,0,0.0
39.55,-117.149994,2019-10-17 00:00:00,0,0.0
39.55,-117.049995,2019-10-17 00:00:00,0,0.0
39.55,-116.95,2019-10-17 00:00:00,0,0.0
39.55,-116.84999,2019-10-17 00:00:00,0,0.0
39.55,-116.75,2019-10-17 00:00:00,0,0.0
39.55,-116.649994,2019-10-17 00:00:00,0,0.0
39.55,-116.549995,2019-10-17 00:00:00,0,0.0
39.55,-116.45,2019-10-17 00:00:00,0,0.0
39.55,-116.34999,2019-10-17 00:00:00,0,0.0
39.55,-116.25,2019-10-17 00:00:00,0,0.0
39.55,-116.149994,2019-10-17 00:00:00,0,0.0
39.55,-116.049995,2019-10-17 00:00:00,0,0.0
39.55,-115.95,2019-10-17 00:00:00,0,0.0
39.55,-115.85,2019-10-17 00:00:00,0,0.0
39.55,-115.74999,2019-10-17 00:00:00,0,0.0
39.55,-115.649994,2019-10-17 00:00:00,0,0.0
39.55,-115.549995,2019-10-17 00:00:00,0,0.0
39.55,-115.45,2019-10-17 00:00:00,0,0.0
39.55,-115.35,2019-10-17 00:00:00,0,0.0
39.55,-115.24999,2019-10-17 00:00:00,0,0.0
39.55,-115.149994,2019-10-17 00:00:00,0,0.0
39.55,-115.049995,2019-10-17 00:00:00,0,0.0
39.55,-114.95,2019-10-17 00:00:00,0,0.0
39.55,-114.85,2019-10-17 00:00:00,0,0.0
39.55,-114.74999,2019-10-17 00:00:00,0,0.0
39.55,-114.649994,2019-10-17 00:00:00,0,0.0
39.55,-114.549995,2019-10-17 00:00:00,0,0.0
39.55,-114.45,2019-10-17 00:00:00,0,0.0
39.55,-114.35,2019-10-17 00:00:00,0,0.0
39.55,-114.24999,2019-10-17 00:00:00,0,0.0
39.650005,-124.34999,2019-10-17 00:00:00,0,0.0
39.650005,-124.25,2019-10-17 00:00:00,0,0.0
39.650005,-124.149994,2019-10-17 00:00:00,0,0.0
39.650005,-124.049995,2019-10-17 00:00:00,0,0.0
39.650005,-123.95,2019-10-17 00:00:00,0,0.0
39.650005,-123.84999,2019-10-17 00:00:00,0,0.0
39.650005,-123.75,2019-10-17 00:00:00,0,0.7244051
39.650005,-123.649994,2019-10-17 00:00:00,0,0.059999414
39.650005,-123.549995,2019-10-17 00:00:00,0,0.45518464
39.650005,-123.45,2019-10-17 00:00:00,0,0.36137632
39.650005,-123.34999,2019-10-17 00:00:00,0,0.92156
39.650005,-123.25,2019-10-17 00:00:00,0,0.60733783
39.650005,-123.149994,2019-10-17 00:00:00,0,0.5307188
39.650005,-123.049995,2019-10-17 00:00:00,0,0.31173444
39.650005,-122.95,2019-10-17 00:00:00,0,0.31474277
39.650005,-122.84999,2019-10-17 00:00:00,0,0.1682492
39.650005,-122.75,2019-10-17 00:00:00,0,0.14282778
39.650005,-122.649994,2019-10-17 00:00:00,0,0.18791145
39.650005,-122.549995,2019-10-17 00:00:00,0,1.2101293
39.650005,-122.45,2019-10-17 00:00:00,0,1.927981
39.650005,-122.34999,2019-10-17 00:00:00,0,2.5869384
39.650005,-122.25,2019-10-17 00:00:00,0,3.2719975
39.650005,-122.149994,2019-10-17 00:00:00,0,3.4333756
39.650005,-122.049995,2019-10-17 00:00:00,0,3.7468808
39.650005,-121.95,2019-10-17 00:00:00,0,3.3242624
39.650005,-121.84999,2019-10-17 00:00:00,0,4.1038156
39.650005,-121.75,2019-10-17 00:00:00,0,3.6296856
39.650005,-121.649994,2019-10-17 00:00:00,0,2.5688572
39.650005,-121.549995,2019-10-17 00:00:00,0,2.0520513
39.650005,-121.45,2019-10-17 00:00:00,0,1.3203882
39.650005,-121.34999,2019-10-17 00:00:00,0,1.102445
39.650005,-121.25,2019-10-17 00:00:00,0,0.6889039
39.650005,-121.149994,2019-10-17 00:00:00,0,0.5247989
39.650005,-121.049995,2019-10-17 00:00:00,0,0.39757612
39.650005,-120.95,2019-10-17 00:00:00,0,0.28035817
39.650005,-120.84999,2019-10-17 00:00:00,0,0.17714849
39.650005,-120.75,2019-10-17 00:00:00,0,0.0
39.650005,-120.649994,2019-10-17 00:00:00,0,0.32
39.650005,-120.549995,2019-10-17 00:00:00,0,0.78031415
39.650005,-120.45,2019-10-17 00:00:00,0,0.6253283
39.650005,-120.34999,2019-10-17 00:00:00,0,0.6899882
39.650005,-120.25,2019-10-17 00:00:00,0,0.6435964
39.650005,-120.149994,2019-10-17 00:00:00,0,0.06017074
39.650005,-120.049995,2019-10-17 00:00:00,0,0.3348796
39.650005,-119.95,2019-10-17 00:00:00,0,0.0
39.650005,-119.84999,2019-10-17 00:00:00,0,0.0
39.650005,-119.75,2019-10-17 00:00:00,0,0.0
39.650005,-119.649994,2019-10-17 00:00:00,0,0.0
39.650005,-119.549995,2019-10-17 00:00:00,0,0.0
39.650005,-119.45,2019-10-17 00:00:00,0,0.0
39.650005,-119.34999,2019-10-17 00:00:00,0,0.0
39.650005,-119.25,2019-10-17 00:00:00,0,0.0
39.650005,-119.149994,2019-10-17 00:00:00,0,0.0
39.650005,-119.049995,2019-10-17 00:00:00,0,0.0
39.650005,-118.95,2019-10-17 00:00:00,0,0.0
39.650005,-118.84999,2019-10-17 00:00:00,0,0.0
39.650005,-118.75,2019-10-17 00:00:00,0,0.0
39.650005,-118.649994,2019-10-17 00:00:00,0,0.0
39.650005,-118.549995,2019-10-17 00:00:00,0,0.0
39.650005,-118.45,2019-10-17 00:00:00,0,0.0
39.650005,-118.34999,2019-10-17 00:00:00,0,0.0
39.650005,-118.25,2019-10-17 00:00:00,0,0.0
39.650005,-118.149994,2019-10-17 00:00:00,0,0.0
39.650005,-118.049995,2019-10-17 00:00:00,0,0.0
39.650005,-117.95,2019-10-17 00:00:00,0,0.0
39.650005,-117.84999,2019-10-17 00:00:00,0,0.0
39.650005,-117.75,2019-10-17 00:00:00,0,0.0
39.650005,-117.649994,2019-10-17 00:00:00,0,0.0
39.650005,-117.549995,2019-10-17 00:00:00,0,0.0
39.650005,-117.45,2019-10-17 00:00:00,0,0.0
39.650005,-117.34999,2019-10-17 00:00:00,0,0.0
39.650005,-117.25,2019-10-17 00:00:00,0,0.0
39.650005,-117.149994,2019-10-17 00:00:00,0,0.0
39.650005,-117.049995,2019-10-17 00:00:00,0,0.0
39.650005,-116.95,2019-10-17 00:00:00,0,0.0
39.650005,-116.84999,2019-10-17 00:00:00,0,0.0
39.650005,-116.75,2019-10-17 00:00:00,0,0.0
39.650005,-116.649994,2019-10-17 00:00:00,0,0.0
39.650005,-116.549995,2019-10-17 00:00:00,0,0.0
39.650005,-116.45,2019-10-17 00:00:00,0,0.0
39.650005,-116.34999,2019-10-17 00:00:00,0,0.0
39.650005,-116.25,2019-10-17 00:00:00,0,0.0
39.650005,-116.149994,2019-10-17 00:00:00,0,0.0
39.650005,-116.049995,2019-10-17 00:00:00,0,0.0
39.650005,-115.95,2019-10-17 00:00:00,0,0.0
39.650005,-115.85,2019-10-17 00:00:00,0,0.0
39.650005,-115.74999,2019-10-17 00:00:00,0,0.0
39.650005,-115.649994,2019-10-17 00:00:00,0,0.0
39.650005,-115.549995,2019-10-17 00:00:00,0,0.0
39.650005,-115.45,2019-10-17 00:00:00,0,0.0
39.650005,-115.35,2019-10-17 00:00:00,0,0.0
39.650005,-115.24999,2019-10-17 00:00:00,0,0.0
39.650005,-115.149994,2019-10-17 00:00:00,0,0.0
39.650005,-115.049995,2019-10-17 00:00:00,0,0.0
39.650005,-114.95,2019-10-17 00:00:00,0,0.0
39.650005,-114.85,2019-10-17 00:00:00,0,0.0
39.650005,-114.74999,2019-10-17 00:00:00,0,0.0
39.650005,-114.649994,2019-10-17 00:00:00,0,0.0
39.650005,-114.549995,2019-10-17 00:00:00,0,0.0
39.650005,-114.45,2019-10-17 00:00:00,0,0.0
39.650005,-114.35,2019-10-17 00:00:00,0,0.0
39.650005,-114.24999,2019-10-17 00:00:00,0,0.0
39.749996,-124.34999,2019-10-17 00:00:00,0,0.0
39.749996,-124.25,2019-10-17 00:00:00,0,0.0
39.749996,-124.149994,2019-10-17 00:00:00,0,0.0
39.749996,-124.049995,2019-10-17 00:00:00,0,0.0
39.749996,-123.95,2019-10-17 00:00:00,0,0.0
39.749996,-123.84999,2019-10-17 00:00:00,0,0.0
39.749996,-123.75,2019-10-17 00:00:00,0,1.0770087
39.749996,-123.649994,2019-10-17 00:00:00,0,0.8201901
39.749996,-123.549995,2019-10-17 00:00:00,0,1.5785558
39.749996,-123.45,2019-10-17 00:00:00,0,1.7767746
39.749996,-123.34999,2019-10-17 00:00:00,0,1.3715323
39.749996,-123.25,2019-10-17 00:00:00,0,1.0362637
39.749996,-123.149994,2019-10-17 00:00:00,0,1.0480082
39.749996,-123.049995,2019-10-17 00:00:00,0,0.7706776
39.749996,-122.95,2019-10-17 00:00:00,0,0.4719741
39.749996,-122.84999,2019-10-17 00:00:00,0,0.5162416
39.749996,-122.75,2019-10-17 00:00:00,0,0.69504124
39.749996,-122.649994,2019-10-17 00:00:00,0,0.62111205
39.749996,-122.549995,2019-10-17 00:00:00,0,1.0074937
39.749996,-122.45,2019-10-17 00:00:00,0,1.7819035
39.749996,-122.34999,2019-10-17 00:00:00,0,2.8847952
39.749996,-122.25,2019-10-17 00:00:00,0,2.990134
39.749996,-122.149994,2019-10-17 00:00:00,0,3.6040034
39.749996,-122.049995,2019-10-17 00:00:00,0,3.586896
39.749996,-121.95,2019-10-17 00:00:00,0,4.597352
39.749996,-121.84999,2019-10-17 00:00:00,0,4.4344063
39.749996,-121.75,2019-10-17 00:00:00,0,2.9835253
39.749996,-121.649994,2019-10-17 00:00:00,0,2.5070088
39.749996,-121.549995,2019-10-17 00:00:00,0,2.0730276
39.749996,-121.45,2019-10-17 00:00:00,0,1.7338412
39.749996,-121.34999,2019-10-17 00:00:00,0,1.2480166
39.749996,-121.25,2019-10-17 00:00:00,0,0.9322395
39.749996,-121.149994,2019-10-17 00:00:00,0,0.74726355
39.749996,-121.049995,2019-10-17 00:00:00,0,0.36810634
39.749996,-120.95,2019-10-17 00:00:00,0,0.1993706
39.749996,-120.84999,2019-10-17 00:00:00,0,0.3809906
39.749996,-120.75,2019-10-17 00:00:00,0,0.11162782
39.749996,-120.649994,2019-10-17 00:00:00,0,0.5309922
39.749996,-120.549995,2019-10-17 00:00:00,0,0.375
39.749996,-120.45,2019-10-17 00:00:00,0,0.412265
39.749996,-120.34999,2019-10-17 00:00:00,0,0.6723437
39.749996,-120.25,2019-10-17 00:00:00,0,0.23676309
39.749996,-120.149994,2019-10-17 00:00:00,0,0.7800991
39.749996,-120.049995,2019-10-17 00:00:00,0,0.7808263
39.749996,-119.95,2019-10-17 00:00:00,0,0.0
39.749996,-119.84999,2019-10-17 00:00:00,0,0.0
39.749996,-119.75,2019-10-17 00:00:00,0,0.0
39.749996,-119.649994,2019-10-17 00:00:00,0,0.0
39.749996,-119.549995,2019-10-17 00:00:00,0,0.0
39.749996,-119.45,2019-10-17 00:00:00,0,0.0
39.749996,-119.34999,2019-10-17 00:00:00,0,0.0
39.749996,-119.25,2019-10-17 00:00:00,0,0.0
39.749996,-119.149994,2019-10-17 00:00:00,0,0.0
39.749996,-119.049995,2019-10-17 00:00:00,0,0.0
39.749996,-118.95,2019-10-17 00:00:00,0,0.0
39.749996,-118.84999,2019-10-17 00:00:00,0,0.0
39.749996,-118.75,2019-10-17 00:00:00,0,0.0
39.749996,-118.649994,2019-10-17 00:00:00,0,0.0
39.749996,-118.549995,2019-10-17 00:00:00,0,0.0
39.749996,-118.45,2019-10-17 00:00:00,0,0.0
39.749996,-118.34999,2019-10-17 00:00:00,0,0.0
39.749996,-118.25,2019-10-17 00:00:00,0,0.0
39.749996,-118.149994,2019-10-17 00:00:00,0,0.0
39.749996,-118.049995,2019-10-17 00:00:00,0,0.0
39.749996,-117.95,2019-10-17 00:00:00,0,0.0
39.749996,-117.84999,2019-10-17 00:00:00,0,0.0
39.749996,-117.75,2019-10-17 00:00:00,0,0.0
39.749996,-117.649994,2019-10-17 00:00:00,0,0.0
39.749996,-117.549995,2019-10-17 00:00:00,0,0.0
39.749996,-117.45,2019-10-17 00:00:00,0,0.0
39.749996,-117.34999,2019-10-17 00:00:00,0,0.0
39.749996,-117.25,2019-10-17 00:00:00,0,0.0
39.749996,-117.149994,2019-10-17 00:00:00,0,0.0
39.749996,-117.049995,2019-10-17 00:00:00,0,0.0
39.749996,-116.95,2019-10-17 00:00:00,0,0.0
39.749996,-116.84999,2019-10-17 00:00:00,0,0.0
39.749996,-116.75,2019-10-17 00:00:00,0,0.0
39.749996,-116.649994,2019-10-17 00:00:00,0,0.0
39.749996,-116.549995,2019-10-17 00:00:00,0,0.0
39.749996,-116.45,2019-10-17 00:00:00,0,0.0
39.749996,-116.34999,2019-10-17 00:00:00,0,0.0
39.749996,-116.25,2019-10-17 00:00:00,0,0.0
39.749996,-116.149994,2019-10-17 00:00:00,0,0.0
39.749996,-116.049995,2019-10-17 00:00:00,0,0.0
39.749996,-115.95,2019-10-17 00:00:00,0,0.0
39.749996,-115.85,2019-10-17 00:00:00,0,0.0
39.749996,-115.74999,2019-10-17 00:00:00,0,0.0
39.749996,-115.649994,2019-10-17 00:00:00,0,0.0
39.749996,-115.549995,2019-10-17 00:00:00,0,0.0
39.749996,-115.45,2019-10-17 00:00:00,0,0.0
39.749996,-115.35,2019-10-17 00:00:00,0,0.0
39.749996,-115.24999,2019-10-17 00:00:00,0,0.0
39.749996,-115.149994,2019-10-17 00:00:00,0,0.0
39.749996,-115.049995,2019-10-17 00:00:00,0,0.0
39.749996,-114.95,2019-10-17 00:00:00,0,0.0
39.749996,-114.85,2019-10-17 00:00:00,0,0.0
39.749996,-114.74999,2019-10-17 00:00:00,0,0.0
39.749996,-114.649994,2019-10-17 00:00:00,0,0.0
39.749996,-114.549995,2019-10-17 00:00:00,0,0.0
39.749996,-114.45,2019-10-17 00:00:00,0,0.0
39.749996,-114.35,2019-10-17 00:00:00,0,0.0
39.749996,-114.24999,2019-10-17 00:00:00,0,0.0
39.850002,-124.34999,2019-10-17 00:00:00,0,0.0
39.850002,-124.25,2019-10-17 00:00:00,0,0.0
39.850002,-124.149994,2019-10-17 00:00:00,0,0.0
39.850002,-124.049995,2019-10-17 00:00:00,0,0.0
39.850002,-123.95,2019-10-17 00:00:00,0,0.0
39.850002,-123.84999,2019-10-17 00:00:00,0,2.424735
39.850002,-123.75,2019-10-17 00:00:00,0,2.8027549
39.850002,-123.649994,2019-10-17 00:00:00,0,2.64976
39.850002,-123.549995,2019-10-17 00:00:00,0,1.2453918
39.850002,-123.45,2019-10-17 00:00:00,0,2.0902762
39.850002,-123.34999,2019-10-17 00:00:00,0,2.3037834
39.850002,-123.25,2019-10-17 00:00:00,0,2.0449965
39.850002,-123.149994,2019-10-17 00:00:00,0,1.1430297
39.850002,-123.049995,2019-10-17 00:00:00,0,0.5319268
39.850002,-122.95,2019-10-17 00:00:00,0,0.5493255
39.850002,-122.84999,2019-10-17 00:00:00,0,0.90839607
39.850002,-122.75,2019-10-17 00:00:00,0,1.8073848
39.850002,-122.649994,2019-10-17 00:00:00,0,2.0575168
39.850002,-122.549995,2019-10-17 00:00:00,0,2.6593719
39.850002,-122.45,2019-10-17 00:00:00,0,3.5615282
39.850002,-122.34999,2019-10-17 00:00:00,0,3.7130754
39.850002,-122.25,2019-10-17 00:00:00,0,3.5889056
39.850002,-122.149994,2019-10-17 00:00:00,0,3.3257627
39.850002,-122.049995,2019-10-17 00:00:00,0,5.4001474
39.850002,-121.95,2019-10-17 00:00:00,0,5.659147
39.850002,-121.84999,2019-10-17 00:00:00,0,4.2244606
39.850002,-121.75,2019-10-17 00:00:00,0,3.401964
39.850002,-121.649994,2019-10-17 00:00:00,0,2.6658776
39.850002,-121.549995,2019-10-17 00:00:00,0,2.3075657
39.850002,-121.45,2019-10-17 00:00:00,0,1.7417995
39.850002,-121.34999,2019-10-17 00:00:00,0,1.4603052
39.850002,-121.25,2019-10-17 00:00:00,0,1.1772565
39.850002,-121.149994,2019-10-17 00:00:00,0,0.6279362
39.850002,-121.049995,2019-10-17 00:00:00,0,0.4708483
39.850002,-120.95,2019-10-17 00:00:00,0,0.2903997
39.850002,-120.84999,2019-10-17 00:00:00,0,0.28892738
39.850002,-120.75,2019-10-17 00:00:00,0,0.40888172
39.850002,-120.649994,2019-10-17 00:00:00,0,0.15773496
39.850002,-120.549995,2019-10-17 00:00:00,0,0.015262547
39.850002,-120.45,2019-10-17 00:00:00,0,0.79104716
39.850002,-120.34999,2019-10-17 00:00:00,0,0.083151296
39.850002,-120.25,2019-10-17 00:00:00,0,0.9103254
39.850002,-120.149994,2019-10-17 00:00:00,0,0.7500757
39.850002,-120.049995,2019-10-17 00:00:00,0,0.5771254
39.850002,-119.95,2019-10-17 00:00:00,0,0.0
39.850002,-119.84999,2019-10-17 00:00:00,0,0.0
39.850002,-119.75,2019-10-17 00:00:00,0,0.0
39.850002,-119.649994,2019-10-17 00:00:00,0,0.0
39.850002,-119.549995,2019-10-17 00:00:00,0,0.0
39.850002,-119.45,2019-10-17 00:00:00,0,0.0
39.850002,-119.34999,2019-10-17 00:00:00,0,0.0
39.850002,-119.25,2019-10-17 00:00:00,0,0.0
39.850002,-119.149994,2019-10-17 00:00:00,0,0.0
39.850002,-119.049995,2019-10-17 00:00:00,0,0.0
39.850002,-118.95,2019-10-17 00:00:00,0,0.0
39.850002,-118.84999,2019-10-17 00:00:00,0,0.0
39.850002,-118.75,2019-10-17 00:00:00,0,0.0
39.850002,-118.649994,2019-10-17 00:00:00,0,0.0
39.850002,-118.549995,2019-10-17 00:00:00,0,0.0
39.850002,-118.45,2019-10-17 00:00:00,0,0.0
39.850002,-118.34999,2019-10-17 00:00:00,0,0.0
39.850002,-118.25,2019-10-17 00:00:00,0,0.0
39.850002,-118.149994,2019-10-17 00:00:00,0,0.0
39.850002,-118.049995,2019-10-17 00:00:00,0,0.0
39.850002,-117.95,2019-10-17 00:00:00,0,0.0
39.850002,-117.84999,2019-10-17 00:00:00,0,0.0
39.850002,-117.75,2019-10-17 00:00:00,0,0.0
39.850002,-117.649994,2019-10-17 00:00:00,0,0.0
39.850002,-117.549995,2019-10-17 00:00:00,0,0.0
39.850002,-117.45,2019-10-17 00:00:00,0,0.0
39.850002,-117.34999,2019-10-17 00:00:00,0,0.0
39.850002,-117.25,2019-10-17 00:00:00,0,0.0
39.850002,-117.149994,2019-10-17 00:00:00,0,0.0
39.850002,-117.049995,2019-10-17 00:00:00,0,0.0
39.850002,-116.95,2019-10-17 00:00:00,0,0.0
39.850002,-116.84999,2019-10-17 00:00:00,0,0.0
39.850002,-116.75,2019-10-17 00:00:00,0,0.0
39.850002,-116.649994,2019-10-17 00:00:00,0,0.0
39.850002,-116.549995,2019-10-17 00:00:00,0,0.0
39.850002,-116.45,2019-10-17 00:00:00,0,0.0
39.850002,-116.34999,2019-10-17 00:00:00,0,0.0
39.850002,-116.25,2019-10-17 00:00:00,0,0.0
39.850002,-116.149994,2019-10-17 00:00:00,0,0.0
39.850002,-116.049995,2019-10-17 00:00:00,0,0.0
39.850002,-115.95,2019-10-17 00:00:00,0,0.0
39.850002,-115.85,2019-10-17 00:00:00,0,0.0
39.850002,-115.74999,2019-10-17 00:00:00,0,0.0
39.850002,-115.649994,2019-10-17 00:00:00,0,0.0
39.850002,-115.549995,2019-10-17 00:00:00,0,0.0
39.850002,-115.45,2019-10-17 00:00:00,0,0.0
39.850002,-115.35,2019-10-17 00:00:00,0,0.0
39.850002,-115.24999,2019-10-17 00:00:00,0,0.0
39.850002,-115.149994,2019-10-17 00:00:00,0,0.0
39.850002,-115.049995,2019-10-17 00:00:00,0,0.0
39.850002,-114.95,2019-10-17 00:00:00,0,0.0
39.850002,-114.85,2019-10-17 00:00:00,0,0.0
39.850002,-114.74999,2019-10-17 00:00:00,0,0.0
39.850002,-114.649994,2019-10-17 00:00:00,0,0.0
39.850002,-114.549995,2019-10-17 00:00:00,0,0.0
39.850002,-114.45,2019-10-17 00:00:00,0,0.0
39.850002,-114.35,2019-10-17 00:00:00,0,0.0
39.850002,-114.24999,2019-10-17 00:00:00,0,0.0
39.95001,-124.34999,2019-10-17 00:00:00,0,0.0
39.95001,-124.25,2019-10-17 00:00:00,0,0.0
39.95001,-124.149994,2019-10-17 00:00:00,0,0.0
39.95001,-124.049995,2019-10-17 00:00:00,0,0.0
39.95001,-123.95,2019-10-17 00:00:00,0,1.6759629
39.95001,-123.84999,2019-10-17 00:00:00,0,2.1208386
39.95001,-123.75,2019-10-17 00:00:00,0,3.9432495
39.95001,-123.649994,2019-10-17 00:00:00,0,2.2923737
39.95001,-123.549995,2019-10-17 00:00:00,0,2.9537578
39.95001,-123.45,2019-10-17 00:00:00,0,2.5117998
39.95001,-123.34999,2019-10-17 00:00:00,0,3.204666
39.95001,-123.25,2019-10-17 00:00:00,0,3.0140898
39.95001,-123.149994,2019-10-17 00:00:00,0,1.6582075
39.95001,-123.049995,2019-10-17 00:00:00,0,1.0460817
39.95001,-122.95,2019-10-17 00:00:00,0,0.865119
39.95001,-122.84999,2019-10-17 00:00:00,0,0.9460146
39.95001,-122.75,2019-10-17 00:00:00,0,1.6610208
39.95001,-122.649994,2019-10-17 00:00:00,0,2.3202782
39.95001,-122.549995,2019-10-17 00:00:00,0,3.1591635
39.95001,-122.45,2019-10-17 00:00:00,0,3.291056
39.95001,-122.34999,2019-10-17 00:00:00,0,3.2679117
39.95001,-122.25,2019-10-17 00:00:00,0,2.898115
39.95001,-122.149994,2019-10-17 00:00:00,0,5.2558703
39.95001,-122.049995,2019-10-17 00:00:00,0,5.678936
39.95001,-121.95,2019-10-17 00:00:00,0,5.077095
39.95001,-121.84999,2019-10-17 00:00:00,0,4.6330323
39.95001,-121.75,2019-10-17 00:00:00,0,3.6296384
39.95001,-121.649994,2019-10-17 00:00:00,0,2.987127
39.95001,-121.549995,2019-10-17 00:00:00,0,2.390034
39.95001,-121.45,2019-10-17 00:00:00,0,2.1679542
39.95001,-121.34999,2019-10-17 00:00:00,0,1.6770376
39.95001,-121.25,2019-10-17 00:00:00,0,1.2479374
39.95001,-121.149994,2019-10-17 00:00:00,0,0.6834135
39.95001,-121.049995,2019-10-17 00:00:00,0,0.24484794
39.95001,-120.95,2019-10-17 00:00:00,0,0.40725118
39.95001,-120.84999,2019-10-17 00:00:00,0,0.7737115
39.95001,-120.75,2019-10-17 00:00:00,0,0.3060684
39.95001,-120.649994,2019-10-17 00:00:00,0,0.17957519
39.95001,-120.549995,2019-10-17 00:00:00,0,0.53917044
39.95001,-120.45,2019-10-17 00:00:00,0,0.039066974
39.95001,-120.34999,2019-10-17 00:00:00,0,0.95517313
39.95001,-120.25,2019-10-17 00:00:00,0,0.62088585
39.95001,-120.149994,2019-10-17 00:00:00,0,0.40294015
39.95001,-120.049995,2019-10-17 00:00:00,0,0.6816322
39.95001,-119.95,2019-10-17 00:00:00,0,0.0
39.95001,-119.84999,2019-10-17 00:00:00,0,0.0
39.95001,-119.75,2019-10-17 00:00:00,0,0.0
39.95001,-119.649994,2019-10-17 00:00:00,0,0.0
39.95001,-119.549995,2019-10-17 00:00:00,0,0.0
39.95001,-119.45,2019-10-17 00:00:00,0,0.0
39.95001,-119.34999,2019-10-17 00:00:00,0,0.0
39.95001,-119.25,2019-10-17 00:00:00,0,0.0
39.95001,-119.149994,2019-10-17 00:00:00,0,0.0
39.95001,-119.049995,2019-10-17 00:00:00,0,0.0
39.95001,-118.95,2019-10-17 00:00:00,0,0.0
39.95001,-118.84999,2019-10-17 00:00:00,0,0.0
39.95001,-118.75,2019-10-17 00:00:00,0,0.0
39.95001,-118.649994,2019-10-17 00:00:00,0,0.0
39.95001,-118.549995,2019-10-17 00:00:00,0,0.0
39.95001,-118.45,2019-10-17 00:00:00,0,0.0
39.95001,-118.34999,2019-10-17 00:00:00,0,0.0
39.95001,-118.25,2019-10-17 00:00:00,0,0.0
39.95001,-118.149994,2019-10-17 00:00:00,0,0.0
39.95001,-118.049995,2019-10-17 00:00:00,0,0.0
39.95001,-117.95,2019-10-17 00:00:00,0,0.0
39.95001,-117.84999,2019-10-17 00:00:00,0,0.0
39.95001,-117.75,2019-10-17 00:00:00,0,0.0
39.95001,-117.649994,2019-10-17 00:00:00,0,0.0
39.95001,-117.549995,2019-10-17 00:00:00,0,0.0
39.95001,-117.45,2019-10-17 00:00:00,0,0.0
39.95001,-117.34999,2019-10-17 00:00:00,0,0.0
39.95001,-117.25,2019-10-17 00:00:00,0,0.0
39.95001,-117.149994,2019-10-17 00:00:00,0,0.0
39.95001,-117.049995,2019-10-17 00:00:00,0,0.0
39.95001,-116.95,2019-10-17 00:00:00,0,0.0
39.95001,-116.84999,2019-10-17 00:00:00,0,0.0
39.95001,-116.75,2019-10-17 00:00:00,0,0.0
39.95001,-116.649994,2019-10-17 00:00:00,0,0.0
39.95001,-116.549995,2019-10-17 00:00:00,0,0.0
39.95001,-116.45,2019-10-17 00:00:00,0,0.0
39.95001,-116.34999,2019-10-17 00:00:00,0,0.0
39.95001,-116.25,2019-10-17 00:00:00,0,0.0
39.95001,-116.149994,2019-10-17 00:00:00,0,0.0
39.95001,-116.049995,2019-10-17 00:00:00,0,0.0
39.95001,-115.95,2019-10-17 00:00:00,0,0.0
39.95001,-115.85,2019-10-17 00:00:00,0,0.0
39.95001,-115.74999,2019-10-17 00:00:00,0,0.0
39.95001,-115.649994,2019-10-17 00:00:00,0,0.0
39.95001,-115.549995,2019-10-17 00:00:00,0,0.0
39.95001,-115.45,2019-10-17 00:00:00,0,0.0
39.95001,-115.35,2019-10-17 00:00:00,0,0.0
39.95001,-115.24999,2019-10-17 00:00:00,0,0.0
39.95001,-115.149994,2019-10-17 00:00:00,0,0.0
39.95001,-115.049995,2019-10-17 00:00:00,0,0.0
39.95001,-114.95,2019-10-17 00:00:00,0,0.0
39.95001,-114.85,2019-10-17 00:00:00,0,0.0
39.95001,-114.74999,2019-10-17 00:00:00,0,0.0
39.95001,-114.649994,2019-10-17 00:00:00,0,0.0
39.95001,-114.549995,2019-10-17 00:00:00,0,0.0
39.95001,-114.45,2019-10-17 00:00:00,0,0.0
39.95001,-114.35,2019-10-17 00:00:00,0,0.0
39.95001,-114.24999,2019-10-17 00:00:00,0,0.0
40.05,-124.34999,2019-10-17 00:00:00,0,0.0
40.05,-124.25,2019-10-17 00:00:00,0,0.0
40.05,-124.149994,2019-10-17 00:00:00,0,0.0
40.05,-124.049995,2019-10-17 00:00:00,0,0.7572317
40.05,-123.95,2019-10-17 00:00:00,0,0.35834277
40.05,-123.84999,2019-10-17 00:00:00,0,1.4057971
40.05,-123.75,2019-10-17 00:00:00,0,1.9365017
40.05,-123.649994,2019-10-17 00:00:00,0,3.3001325
40.05,-123.549995,2019-10-17 00:00:00,0,2.7360797
40.05,-123.45,2019-10-17 00:00:00,0,3.4227638
40.05,-123.34999,2019-10-17 00:00:00,0,3.461059
40.05,-123.25,2019-10-17 00:00:00,0,2.2341213
40.05,-123.149994,2019-10-17 00:00:00,0,1.4803758
40.05,-123.049995,2019-10-17 00:00:00,0,0.81814456
40.05,-122.95,2019-10-17 00:00:00,0,0.54538333
40.05,-122.84999,2019-10-17 00:00:00,0,0.85118705
40.05,-122.75,2019-10-17 00:00:00,0,1.6474317
40.05,-122.649994,2019-10-17 00:00:00,0,2.6066747
40.05,-122.549995,2019-10-17 00:00:00,0,2.9732232
40.05,-122.45,2019-10-17 00:00:00,0,3.1584337
40.05,-122.34999,2019-10-17 00:00:00,0,3.489569
40.05,-122.25,2019-10-17 00:00:00,0,5.3611155
40.05,-122.149994,2019-10-17 00:00:00,0,6.1221056
40.05,-122.049995,2019-10-17 00:00:00,0,5.858533
40.05,-121.95,2019-10-17 00:00:00,0,5.6210833
40.05,-121.84999,2019-10-17 00:00:00,0,5.153967
40.05,-121.75,2019-10-17 00:00:00,0,4.177299
40.05,-121.649994,2019-10-17 00:00:00,0,3.2642365
40.05,-121.549995,2019-10-17 00:00:00,0,3.4374344
40.05,-121.45,2019-10-17 00:00:00,0,2.631559
40.05,-121.34999,2019-10-17 00:00:00,0,1.9399058
40.05,-121.25,2019-10-17 00:00:00,0,1.1442193
40.05,-121.149994,2019-10-17 00:00:00,0,0.37389028
40.05,-121.049995,2019-10-17 00:00:00,0,0.5122006
40.05,-120.95,2019-10-17 00:00:00,0,1.57849
40.05,-120.84999,2019-10-17 00:00:00,0,0.8120996
40.05,-120.75,2019-10-17 00:00:00,0,0.4838399
40.05,-120.649994,2019-10-17 00:00:00,0,0.15610537
40.05,-120.549995,2019-10-17 00:00:00,0,0.0
40.05,-120.45,2019-10-17 00:00:00,0,0.3862208
40.05,-120.34999,2019-10-17 00:00:00,0,0.1510952
40.05,-120.25,2019-10-17 00:00:00,0,0.25621006
40.05,-120.149994,2019-10-17 00:00:00,0,0.36508814
40.05,-120.049995,2019-10-17 00:00:00,0,0.35284328
40.05,-119.95,2019-10-17 00:00:00,0,0.0
40.05,-119.84999,2019-10-17 00:00:00,0,0.0
40.05,-119.75,2019-10-17 00:00:00,0,0.0
40.05,-119.649994,2019-10-17 00:00:00,0,0.0
40.05,-119.549995,2019-10-17 00:00:00,0,0.0
40.05,-119.45,2019-10-17 00:00:00,0,0.0
40.05,-119.34999,2019-10-17 00:00:00,0,0.0
40.05,-119.25,2019-10-17 00:00:00,0,0.0
40.05,-119.149994,2019-10-17 00:00:00,0,0.0
40.05,-119.049995,2019-10-17 00:00:00,0,0.0
40.05,-118.95,2019-10-17 00:00:00,0,0.0
40.05,-118.84999,2019-10-17 00:00:00,0,0.0
40.05,-118.75,2019-10-17 00:00:00,0,0.0
40.05,-118.649994,2019-10-17 00:00:00,0,0.0
40.05,-118.549995,2019-10-17 00:00:00,0,0.0
40.05,-118.45,2019-10-17 00:00:00,0,0.0
40.05,-118.34999,2019-10-17 00:00:00,0,0.0
40.05,-118.25,2019-10-17 00:00:00,0,0.0
40.05,-118.149994,2019-10-17 00:00:00,0,0.0
40.05,-118.049995,2019-10-17 00:00:00,0,0.0
40.05,-117.95,2019-10-17 00:00:00,0,0.0
40.05,-117.84999,2019-10-17 00:00:00,0,0.0
40.05,-117.75,2019-10-17 00:00:00,0,0.0
40.05,-117.649994,2019-10-17 00:00:00,0,0.0
40.05,-117.549995,2019-10-17 00:00:00,0,0.0
40.05,-117.45,2019-10-17 00:00:00,0,0.0
40.05,-117.34999,2019-10-17 00:00:00,0,0.0
40.05,-117.25,2019-10-17 00:00:00,0,0.0
40.05,-117.149994,2019-10-17 00:00:00,0,0.0
40.05,-117.049995,2019-10-17 00:00:00,0,0.0
40.05,-116.95,2019-10-17 00:00:00,0,0.0
40.05,-116.84999,2019-10-17 00:00:00,0,0.0
40.05,-116.75,2019-10-17 00:00:00,0,0.0
40.05,-116.649994,2019-10-17 00:00:00,0,0.0
40.05,-116.549995,2019-10-17 00:00:00,0,0.0
40.05,-116.45,2019-10-17 00:00:00,0,0.0
40.05,-116.34999,2019-10-17 00:00:00,0,0.0
40.05,-116.25,2019-10-17 00:00:00,0,0.0
40.05,-116.149994,2019-10-17 00:00:00,0,0.0
40.05,-116.049995,2019-10-17 00:00:00,0,0.0
40.05,-115.95,2019-10-17 00:00:00,0,0.0
40.05,-115.85,2019-10-17 00:00:00,0,0.0
40.05,-115.74999,2019-10-17 00:00:00,0,0.0
40.05,-115.649994,2019-10-17 00:00:00,0,0.0
40.05,-115.549995,2019-10-17 00:00:00,0,0.0
40.05,-115.45,2019-10-17 00:00:00,0,0.0
40.05,-115.35,2019-10-17 00:00:00,0,0.0
40.05,-115.24999,2019-10-17 00:00:00,0,0.0
40.05,-115.149994,2019-10-17 00:00:00,0,0.0
40.05,-115.049995,2019-10-17 00:00:00,0,0.0
40.05,-114.95,2019-10-17 00:00:00,0,0.0
40.05,-114.85,2019-10-17 00:00:00,0,0.0
40.05,-114.74999,2019-10-17 00:00:00,0,0.0
40.05,-114.649994,2019-10-17 00:00:00,0,0.0
40.05,-114.549995,2019-10-17 00:00:00,0,0.0
40.05,-114.45,2019-10-17 00:00:00,0,0.0
40.05,-114.35,2019-10-17 00:00:00,0,0.0
40.05,-114.24999,2019-10-17 00:00:00,0,0.0
40.150005,-124.34999,2019-10-17 00:00:00,0,0.0
40.150005,-124.25,2019-10-17 00:00:00,0,0.0
40.150005,-124.149994,2019-10-17 00:00:00,0,0.73810315
40.150005,-124.049995,2019-10-17 00:00:00,0,0.22415482
40.150005,-123.95,2019-10-17 00:00:00,0,0.21440943
40.150005,-123.84999,2019-10-17 00:00:00,0,0.80651426
40.150005,-123.75,2019-10-17 00:00:00,0,2.219521
40.150005,-123.649994,2019-10-17 00:00:00,0,3.2366073
40.150005,-123.549995,2019-10-17 00:00:00,0,3.754168
40.150005,-123.45,2019-10-17 00:00:00,0,4.2460556
40.150005,-123.34999,2019-10-17 00:00:00,0,3.2830353
40.150005,-123.25,2019-10-17 00:00:00,0,3.1006906
40.150005,-123.149994,2019-10-17 00:00:00,0,2.9623113
40.150005,-123.049995,2019-10-17 00:00:00,0,1.7621585
40.150005,-122.95,2019-10-17 00:00:00,0,1.2288265
40.150005,-122.84999,2019-10-17 00:00:00,0,1.3649842
40.150005,-122.75,2019-10-17 00:00:00,0,2.0064158
40.150005,-122.649994,2019-10-17 00:00:00,0,2.551337
40.150005,-122.549995,2019-10-17 00:00:00,0,2.7805147
40.150005,-122.45,2019-10-17 00:00:00,0,3.7186356
40.150005,-122.34999,2019-10-17 00:00:00,0,4.629321
40.150005,-122.25,2019-10-17 00:00:00,0,5.6266656
40.150005,-122.149994,2019-10-17 00:00:00,0,6.0868483
40.150005,-122.049995,2019-10-17 00:00:00,0,5.711032
40.150005,-121.95,2019-10-17 00:00:00,0,5.893381
40.150005,-121.84999,2019-10-17 00:00:00,0,5.0993295
40.150005,-121.75,2019-10-17 00:00:00,0,3.7374327
40.150005,-121.649994,2019-10-17 00:00:00,0,4.7328954
40.150005,-121.549995,2019-10-17 00:00:00,0,3.8437464
40.150005,-121.45,2019-10-17 00:00:00,0,3.2559605
40.150005,-121.34999,2019-10-17 00:00:00,0,1.9131155
40.150005,-121.25,2019-10-17 00:00:00,0,0.70283574
40.150005,-121.149994,2019-10-17 00:00:00,0,0.83751726
40.150005,-121.049995,2019-10-17 00:00:00,0,1.8823309
40.150005,-120.95,2019-10-17 00:00:00,0,1.1026863
40.150005,-120.84999,2019-10-17 00:00:00,0,0.6648804
40.150005,-120.75,2019-10-17 00:00:00,0,0.60811937
40.150005,-120.649994,2019-10-17 00:00:00,0,0.0
40.150005,-120.549995,2019-10-17 00:00:00,0,0.43067145
40.150005,-120.45,2019-10-17 00:00:00,0,0.16925265
40.150005,-120.34999,2019-10-17 00:00:00,0,0.1815382
40.150005,-120.25,2019-10-17 00:00:00,0,0.26733488
40.150005,-120.149994,2019-10-17 00:00:00,0,0.39040914
40.150005,-120.049995,2019-10-17 00:00:00,0,0.7155795
40.150005,-119.95,2019-10-17 00:00:00,0,0.0
40.150005,-119.84999,2019-10-17 00:00:00,0,0.0
40.150005,-119.75,2019-10-17 00:00:00,0,0.0
40.150005,-119.649994,2019-10-17 00:00:00,0,0.0
40.150005,-119.549995,2019-10-17 00:00:00,0,0.0
40.150005,-119.45,2019-10-17 00:00:00,0,0.0
40.150005,-119.34999,2019-10-17 00:00:00,0,0.0
40.150005,-119.25,2019-10-17 00:00:00,0,0.0
40.150005,-119.149994,2019-10-17 00:00:00,0,0.0
40.150005,-119.049995,2019-10-17 00:00:00,0,0.0
40.150005,-118.95,2019-10-17 00:00:00,0,0.0
40.150005,-118.84999,2019-10-17 00:00:00,0,0.0
40.150005,-118.75,2019-10-17 00:00:00,0,0.0
40.150005,-118.649994,2019-10-17 00:00:00,0,0.0
40.150005,-118.549995,2019-10-17 00:00:00,0,0.0
40.150005,-118.45,2019-10-17 00:00:00,0,0.0
40.150005,-118.34999,2019-10-17 00:00:00,0,0.0
40.150005,-118.25,2019-10-17 00:00:00,0,0.0
40.150005,-118.149994,2019-10-17 00:00:00,0,0.0
40.150005,-118.049995,2019-10-17 00:00:00,0,0.0
40.150005,-117.95,2019-10-17 00:00:00,0,0.0
40.150005,-117.84999,2019-10-17 00:00:00,0,0.0
40.150005,-117.75,2019-10-17 00:00:00,0,0.0
40.150005,-117.649994,2019-10-17 00:00:00,0,0.0
40.150005,-117.549995,2019-10-17 00:00:00,0,0.0
40.150005,-117.45,2019-10-17 00:00:00,0,0.0
40.150005,-117.34999,2019-10-17 00:00:00,0,0.0
40.150005,-117.25,2019-10-17 00:00:00,0,0.0
40.150005,-117.149994,2019-10-17 00:00:00,0,0.0
40.150005,-117.049995,2019-10-17 00:00:00,0,0.0
40.150005,-116.95,2019-10-17 00:00:00,0,0.0
40.150005,-116.84999,2019-10-17 00:00:00,0,0.0
40.150005,-116.75,2019-10-17 00:00:00,0,0.0
40.150005,-116.649994,2019-10-17 00:00:00,0,0.0
40.150005,-116.549995,2019-10-17 00:00:00,0,0.0
40.150005,-116.45,2019-10-17 00:00:00,0,0.0
40.150005,-116.34999,2019-10-17 00:00:00,0,0.0
40.150005,-116.25,2019-10-17 00:00:00,0,0.0
40.150005,-116.149994,2019-10-17 00:00:00,0,0.0
40.150005,-116.049995,2019-10-17 00:00:00,0,0.0
40.150005,-115.95,2019-10-17 00:00:00,0,0.0
40.150005,-115.85,2019-10-17 00:00:00,0,0.0
40.150005,-115.74999,2019-10-17 00:00:00,0,0.0
40.150005,-115.649994,2019-10-17 00:00:00,0,0.0
40.150005,-115.549995,2019-10-17 00:00:00,0,0.0
40.150005,-115.45,2019-10-17 00:00:00,0,0.0
40.150005,-115.35,2019-10-17 00:00:00,0,0.0
40.150005,-115.24999,2019-10-17 00:00:00,0,0.0
40.150005,-115.149994,2019-10-17 00:00:00,0,0.0
40.150005,-115.049995,2019-10-17 00:00:00,0,0.0
40.150005,-114.95,2019-10-17 00:00:00,0,0.0
40.150005,-114.85,2019-10-17 00:00:00,0,0.0
40.150005,-114.74999,2019-10-17 00:00:00,0,0.0
40.150005,-114.649994,2019-10-17 00:00:00,0,0.0
40.150005,-114.549995,2019-10-17 00:00:00,0,0.0
40.150005,-114.45,2019-10-17 00:00:00,0,0.0
40.150005,-114.35,2019-10-17 00:00:00,0,0.0
40.150005,-114.24999,2019-10-17 00:00:00,0,0.0
40.249996,-124.34999,2019-10-17 00:00:00,0,1.3494704
40.249996,-124.25,2019-10-17 00:00:00,0,0.7601599
40.249996,-124.149994,2019-10-17 00:00:00,0,0.8607108
40.249996,-124.049995,2019-10-17 00:00:00,0,0.23117976
40.249996,-123.95,2019-10-17 00:00:00,0,0.82299715
40.249996,-123.84999,2019-10-17 00:00:00,0,1.539972
40.249996,-123.75,2019-10-17 00:00:00,0,1.9675692
40.249996,-123.649994,2019-10-17 00:00:00,0,2.9713511
40.249996,-123.549995,2019-10-17 00:00:00,0,4.2300453
40.249996,-123.45,2019-10-17 00:00:00,0,4.151711
40.249996,-123.34999,2019-10-17 00:00:00,0,3.8184063
40.249996,-123.25,2019-10-17 00:00:00,0,2.3582935
40.249996,-123.149994,2019-10-17 00:00:00,0,0.82804936
40.249996,-123.049995,2019-10-17 00:00:00,0,0.56392336
40.249996,-122.95,2019-10-17 00:00:00,0,0.63814056
40.249996,-122.84999,2019-10-17 00:00:00,0,1.0137266
40.249996,-122.75,2019-10-17 00:00:00,0,1.7398825
40.249996,-122.649994,2019-10-17 00:00:00,0,2.5369458
40.249996,-122.549995,2019-10-17 00:00:00,0,3.1451075
40.249996,-122.45,2019-10-17 00:00:00,0,4.4274116
40.249996,-122.34999,2019-10-17 00:00:00,0,5.3454585
40.249996,-122.25,2019-10-17 00:00:00,0,5.8716
40.249996,-122.149994,2019-10-17 00:00:00,0,6.0502057
40.249996,-122.049995,2019-10-17 00:00:00,0,5.336495
40.249996,-121.95,2019-10-17 00:00:00,0,5.6598945
40.249996,-121.84999,2019-10-17 00:00:00,0,4.3325005
40.249996,-121.75,2019-10-17 00:00:00,0,5.602867
40.249996,-121.649994,2019-10-17 00:00:00,0,5.047275
40.249996,-121.549995,2019-10-17 00:00:00,0,4.7186427
40.249996,-121.45,2019-10-17 00:00:00,0,2.68721
40.249996,-121.34999,2019-10-17 00:00:00,0,0.93926114
40.249996,-121.25,2019-10-17 00:00:00,0,0.8818772
40.249996,-121.149994,2019-10-17 00:00:00,0,0.9719099
40.249996,-121.049995,2019-10-17 00:00:00,0,1.0487967
40.249996,-120.95,2019-10-17 00:00:00,0,0.8459368
40.249996,-120.84999,2019-10-17 00:00:00,0,1.1398482
40.249996,-120.75,2019-10-17 00:00:00,0,0.19805455
40.249996,-120.649994,2019-10-17 00:00:00,0,0.4673716
40.249996,-120.549995,2019-10-17 00:00:00,0,0.27791962
40.249996,-120.45,2019-10-17 00:00:00,0,0.13942692
40.249996,-120.34999,2019-10-17 00:00:00,0,0.1558432
40.249996,-120.25,2019-10-17 00:00:00,0,0.26266864
40.249996,-120.149994,2019-10-17 00:00:00,0,1.44
40.249996,-120.049995,2019-10-17 00:00:00,0,0.595001
40.249996,-119.95,2019-10-17 00:00:00,0,0.0
40.249996,-119.84999,2019-10-17 00:00:00,0,0.0
40.249996,-119.75,2019-10-17 00:00:00,0,0.0
40.249996,-119.649994,2019-10-17 00:00:00,0,0.0
40.249996,-119.549995,2019-10-17 00:00:00,0,0.0
40.249996,-119.45,2019-10-17 00:00:00,0,0.0
40.249996,-119.34999,2019-10-17 00:00:00,0,0.0
40.249996,-119.25,2019-10-17 00:00:00,0,0.0
40.249996,-119.149994,2019-10-17 00:00:00,0,0.0
40.249996,-119.049995,2019-10-17 00:00:00,0,0.0
40.249996,-118.95,2019-10-17 00:00:00,0,0.0
40.249996,-118.84999,2019-10-17 00:00:00,0,0.0
40.249996,-118.75,2019-10-17 00:00:00,0,0.0
40.249996,-118.649994,2019-10-17 00:00:00,0,0.0
40.249996,-118.549995,2019-10-17 00:00:00,0,0.0
40.249996,-118.45,2019-10-17 00:00:00,0,0.0
40.249996,-118.34999,2019-10-17 00:00:00,0,0.0
40.249996,-118.25,2019-10-17 00:00:00,0,0.0
40.249996,-118.149994,2019-10-17 00:00:00,0,0.0
40.249996,-118.049995,2019-10-17 00:00:00,0,0.0
40.249996,-117.95,2019-10-17 00:00:00,0,0.0
40.249996,-117.84999,2019-10-17 00:00:00,0,0.0
40.249996,-117.75,2019-10-17 00:00:00,0,0.0
40.249996,-117.649994,2019-10-17 00:00:00,0,0.0
40.249996,-117.549995,2019-10-17 00:00:00,0,0.0
40.249996,-117.45,2019-10-17 00:00:00,0,0.0
40.249996,-117.34999,2019-10-17 00:00:00,0,0.0
40.249996,-117.25,2019-10-17 00:00:00,0,0.0
40.249996,-117.149994,2019-10-17 00:00:00,0,0.0
40.249996,-117.049995,2019-10-17 00:00:00,0,0.0
40.249996,-116.95,2019-10-17 00:00:00,0,0.0
40.249996,-116.84999,2019-10-17 00:00:00,0,0.0
40.249996,-116.75,2019-10-17 00:00:00,0,0.0
40.249996,-116.649994,2019-10-17 00:00:00,0,0.0
40.249996,-116.549995,2019-10-17 00:00:00,0,0.0
40.249996,-116.45,2019-10-17 00:00:00,0,0.0
40.249996,-116.34999,2019-10-17 00:00:00,0,0.0
40.249996,-116.25,2019-10-17 00:00:00,0,0.0
40.249996,-116.149994,2019-10-17 00:00:00,0,0.0
40.249996,-116.049995,2019-10-17 00:00:00,0,0.0
40.249996,-115.95,2019-10-17 00:00:00,0,0.0
40.249996,-115.85,2019-10-17 00:00:00,0,0.0
40.249996,-115.74999,2019-10-17 00:00:00,0,0.0
40.249996,-115.649994,2019-10-17 00:00:00,0,0.0
40.249996,-115.549995,2019-10-17 00:00:00,0,0.0
40.249996,-115.45,2019-10-17 00:00:00,0,0.0
40.249996,-115.35,2019-10-17 00:00:00,0,0.0
40.249996,-115.24999,2019-10-17 00:00:00,0,0.0
40.249996,-115.149994,2019-10-17 00:00:00,0,0.0
40.249996,-115.049995,2019-10-17 00:00:00,0,0.0
40.249996,-114.95,2019-10-17 00:00:00,0,0.0
40.249996,-114.85,2019-10-17 00:00:00,0,0.0
40.249996,-114.74999,2019-10-17 00:00:00,0,0.0
40.249996,-114.649994,2019-10-17 00:00:00,0,0.0
40.249996,-114.549995,2019-10-17 00:00:00,0,0.0
40.249996,-114.45,2019-10-17 00:00:00,0,0.0
40.249996,-114.35,2019-10-17 00:00:00,0,0.0
40.249996,-114.24999,2019-10-17 00:00:00,0,0.0
40.350002,-124.34999,2019-10-17 00:00:00,0,1.6823143
40.350002,-124.25,2019-10-17 00:00:00,0,1.2104024
40.350002,-124.149994,2019-10-17 00:00:00,0,0.7974373
40.350002,-124.049995,2019-10-17 00:00:00,0,1.3226156
40.350002,-123.95,2019-10-17 00:00:00,0,1.9529904
40.350002,-123.84999,2019-10-17 00:00:00,0,1.4298842
40.350002,-123.75,2019-10-17 00:00:00,0,1.8087937
40.350002,-123.649994,2019-10-17 00:00:00,0,3.343758
40.350002,-123.549995,2019-10-17 00:00:00,0,4.372548
40.350002,-123.45,2019-10-17 00:00:00,0,4.660758
40.350002,-123.34999,2019-10-17 00:00:00,0,3.1940708
40.350002,-123.25,2019-10-17 00:00:00,0,1.5827609
40.350002,-123.149994,2019-10-17 00:00:00,0,0.5575585
40.350002,-123.049995,2019-10-17 00:00:00,0,0.32299793
40.350002,-122.95,2019-10-17 00:00:00,0,0.5358807
40.350002,-122.84999,2019-10-17 00:00:00,0,1.1291107
40.350002,-122.75,2019-10-17 00:00:00,0,2.0222418
40.350002,-122.649994,2019-10-17 00:00:00,0,3.2309496
40.350002,-122.549995,2019-10-17 00:00:00,0,4.5581684
40.350002,-122.45,2019-10-17 00:00:00,0,5.8698263
40.350002,-122.34999,2019-10-17 00:00:00,0,5.8604817
40.350002,-122.25,2019-10-17 00:00:00,0,6.3333263
40.350002,-122.149994,2019-10-17 00:00:00,0,5.41806
40.350002,-122.049995,2019-10-17 00:00:00,0,4.40575
40.350002,-121.95,2019-10-17 00:00:00,0,4.047715
40.350002,-121.84999,2019-10-17 00:00:00,0,5.829682
40.350002,-121.75,2019-10-17 00:00:00,0,5.8701353
40.350002,-121.649994,2019-10-17 00:00:00,0,6.2141504
40.350002,-121.549995,2019-10-17 00:00:00,0,3.8668888
40.350002,-121.45,2019-10-17 00:00:00,0,1.4787577
40.350002,-121.34999,2019-10-17 00:00:00,0,1.2985175
40.350002,-121.25,2019-10-17 00:00:00,0,1.2552782
40.350002,-121.149994,2019-10-17 00:00:00,0,1.0635109
40.350002,-121.049995,2019-10-17 00:00:00,0,0.7862388
40.350002,-120.95,2019-10-17 00:00:00,0,0.9942906
40.350002,-120.84999,2019-10-17 00:00:00,0,0.24956012
40.350002,-120.75,2019-10-17 00:00:00,0,0.40449587
40.350002,-120.649994,2019-10-17 00:00:00,0,0.22412457
40.350002,-120.549995,2019-10-17 00:00:00,0,0.06604229
40.350002,-120.45,2019-10-17 00:00:00,0,0.09641768
40.350002,-120.34999,2019-10-17 00:00:00,0,0.114997014
40.350002,-120.25,2019-10-17 00:00:00,0,0.5454185
40.350002,-120.149994,2019-10-17 00:00:00,0,0.089385584
40.350002,-120.049995,2019-10-17 00:00:00,0,0.24213971
40.350002,-119.95,2019-10-17 00:00:00,0,0.0
40.350002,-119.84999,2019-10-17 00:00:00,0,0.0
40.350002,-119.75,2019-10-17 00:00:00,0,0.0
40.350002,-119.649994,2019-10-17 00:00:00,0,0.0
40.350002,-119.549995,2019-10-17 00:00:00,0,0.0
40.350002,-119.45,2019-10-17 00:00:00,0,0.0
40.350002,-119.34999,2019-10-17 00:00:00,0,0.0
40.350002,-119.25,2019-10-17 00:00:00,0,0.0
40.350002,-119.149994,2019-10-17 00:00:00,0,0.0
40.350002,-119.049995,2019-10-17 00:00:00,0,0.0
40.350002,-118.95,2019-10-17 00:00:00,0,0.0
40.350002,-118.84999,2019-10-17 00:00:00,0,0.0
40.350002,-118.75,2019-10-17 00:00:00,0,0.0
40.350002,-118.649994,2019-10-17 00:00:00,0,0.0
40.350002,-118.549995,2019-10-17 00:00:00,0,0.0
40.350002,-118.45,2019-10-17 00:00:00,0,0.0
40.350002,-118.34999,2019-10-17 00:00:00,0,0.0
40.350002,-118.25,2019-10-17 00:00:00,0,0.0
40.350002,-118.149994,2019-10-17 00:00:00,0,0.0
40.350002,-118.049995,2019-10-17 00:00:00,0,0.0
40.350002,-117.95,2019-10-17 00:00:00,0,0.0
40.350002,-117.84999,2019-10-17 00:00:00,0,0.0
40.350002,-117.75,2019-10-17 00:00:00,0,0.0
40.350002,-117.649994,2019-10-17 00:00:00,0,0.0
40.350002,-117.549995,2019-10-17 00:00:00,0,0.0
40.350002,-117.45,2019-10-17 00:00:00,0,0.0
40.350002,-117.34999,2019-10-17 00:00:00,0,0.0
40.350002,-117.25,2019-10-17 00:00:00,0,0.0
40.350002,-117.149994,2019-10-17 00:00:00,0,0.0
40.350002,-117.049995,2019-10-17 00:00:00,0,0.0
40.350002,-116.95,2019-10-17 00:00:00,0,0.0
40.350002,-116.84999,2019-10-17 00:00:00,0,0.0
40.350002,-116.75,2019-10-17 00:00:00,0,0.0
40.350002,-116.649994,2019-10-17 00:00:00,0,0.0
40.350002,-116.549995,2019-10-17 00:00:00,0,0.0
40.350002,-116.45,2019-10-17 00:00:00,0,0.0
40.350002,-116.34999,2019-10-17 00:00:00,0,0.0
40.350002,-116.25,2019-10-17 00:00:00,0,0.0
40.350002,-116.149994,2019-10-17 00:00:00,0,0.0
40.350002,-116.049995,2019-10-17 00:00:00,0,0.0
40.350002,-115.95,2019-10-17 00:00:00,0,0.0
40.350002,-115.85,2019-10-17 00:00:00,0,0.0
40.350002,-115.74999,2019-10-17 00:00:00,0,0.0
40.350002,-115.649994,2019-10-17 00:00:00,0,0.0
40.350002,-115.549995,2019-10-17 00:00:00,0,0.0
40.350002,-115.45,2019-10-17 00:00:00,0,0.0
40.350002,-115.35,2019-10-17 00:00:00,0,0.0
40.350002,-115.24999,2019-10-17 00:00:00,0,0.0
40.350002,-115.149994,2019-10-17 00:00:00,0,0.0
40.350002,-115.049995,2019-10-17 00:00:00,0,0.0
40.350002,-114.95,2019-10-17 00:00:00,0,0.0
40.350002,-114.85,2019-10-17 00:00:00,0,0.0
40.350002,-114.74999,2019-10-17 00:00:00,0,0.0
40.350002,-114.649994,2019-10-17 00:00:00,0,0.0
40.350002,-114.549995,2019-10-17 00:00:00,0,0.0
40.350002,-114.45,2019-10-17 00:00:00,0,0.0
40.350002,-114.35,2019-10-17 00:00:00,0,0.0
40.350002,-114.24999,2019-10-17 00:00:00,0,0.0
40.45001,-124.34999,2019-10-17 00:00:00,0,2.1005645
40.45001,-124.25,2019-10-17 00:00:00,0,1.5984186
40.45001,-124.149994,2019-10-17 00:00:00,0,2.1894345
40.45001,-124.049995,2019-10-17 00:00:00,0,2.3004425
40.45001,-123.95,2019-10-17 00:00:00,0,1.8135102
40.45001,-123.84999,2019-10-17 00:00:00,0,1.629557
40.45001,-123.75,2019-10-17 00:00:00,0,2.507135
40.45001,-123.649994,2019-10-17 00:00:00,0,4.161396
40.45001,-123.549995,2019-10-17 00:00:00,0,4.9474998
40.45001,-123.45,2019-10-17 00:00:00,0,3.6714003
40.45001,-123.34999,2019-10-17 00:00:00,0,1.9980736
40.45001,-123.25,2019-10-17 00:00:00,0,1.0222299
40.45001,-123.149994,2019-10-17 00:00:00,0,1.1103008
40.45001,-123.049995,2019-10-17 00:00:00,0,0.9641716
40.45001,-122.95,2019-10-17 00:00:00,0,1.2205337
40.45001,-122.84999,2019-10-17 00:00:00,0,1.8932679
40.45001,-122.75,2019-10-17 00:00:00,0,2.8682501
40.45001,-122.649994,2019-10-17 00:00:00,0,4.3809404
40.45001,-122.549995,2019-10-17 00:00:00,0,5.7276583
40.45001,-122.45,2019-10-17 00:00:00,0,6.7237
40.45001,-122.34999,2019-10-17 00:00:00,0,7.20762
40.45001,-122.25,2019-10-17 00:00:00,0,7.3751674
40.45001,-122.149994,2019-10-17 00:00:00,0,5.777319
40.45001,-122.049995,2019-10-17 00:00:00,0,4.993813
40.45001,-121.95,2019-10-17 00:00:00,0,5.848968
40.45001,-121.84999,2019-10-17 00:00:00,0,6.468613
40.45001,-121.75,2019-10-17 00:00:00,0,7.1432714
40.45001,-121.649994,2019-10-17 00:00:00,0,5.049228
40.45001,-121.549995,2019-10-17 00:00:00,0,2.290694
40.45001,-121.45,2019-10-17 00:00:00,0,2.0524065
40.45001,-121.34999,2019-10-17 00:00:00,0,2.5474248
40.45001,-121.25,2019-10-17 00:00:00,0,1.6434557
40.45001,-121.149994,2019-10-17 00:00:00,0,0.9658248
40.45001,-121.049995,2019-10-17 00:00:00,0,1.0655154
40.45001,-120.95,2019-10-17 00:00:00,0,0.21806493
40.45001,-120.84999,2019-10-17 00:00:00,0,0.61862475
40.45001,-120.75,2019-10-17 00:00:00,0,0.28862643
40.45001,-120.649994,2019-10-17 00:00:00,0,0.024578433
40.45001,-120.549995,2019-10-17 00:00:00,0,0.015080643
40.45001,-120.45,2019-10-17 00:00:00,0,0.043517984
40.45001,-120.34999,2019-10-17 00:00:00,0,0.037714064
40.45001,-120.25,2019-10-17 00:00:00,0,0.07706894
40.45001,-120.149994,2019-10-17 00:00:00,0,0.14791282
40.45001,-120.049995,2019-10-17 00:00:00,0,0.57116413
40.45001,-119.95,2019-10-17 00:00:00,0,0.0
40.45001,-119.84999,2019-10-17 00:00:00,0,0.0
40.45001,-119.75,2019-10-17 00:00:00,0,0.0
40.45001,-119.649994,2019-10-17 00:00:00,0,0.0
40.45001,-119.549995,2019-10-17 00:00:00,0,0.0
40.45001,-119.45,2019-10-17 00:00:00,0,0.0
40.45001,-119.34999,2019-10-17 00:00:00,0,0.0
40.45001,-119.25,2019-10-17 00:00:00,0,0.0
40.45001,-119.149994,2019-10-17 00:00:00,0,0.0
40.45001,-119.049995,2019-10-17 00:00:00,0,0.0
40.45001,-118.95,2019-10-17 00:00:00,0,0.0
40.45001,-118.84999,2019-10-17 00:00:00,0,0.0
40.45001,-118.75,2019-10-17 00:00:00,0,0.0
40.45001,-118.649994,2019-10-17 00:00:00,0,0.0
40.45001,-118.549995,2019-10-17 00:00:00,0,0.0
40.45001,-118.45,2019-10-17 00:00:00,0,0.0
40.45001,-118.34999,2019-10-17 00:00:00,0,0.0
40.45001,-118.25,2019-10-17 00:00:00,0,0.0
40.45001,-118.149994,2019-10-17 00:00:00,0,0.0
40.45001,-118.049995,2019-10-17 00:00:00,0,0.0
40.45001,-117.95,2019-10-17 00:00:00,0,0.0
40.45001,-117.84999,2019-10-17 00:00:00,0,0.0
40.45001,-117.75,2019-10-17 00:00:00,0,0.0
40.45001,-117.649994,2019-10-17 00:00:00,0,0.0
40.45001,-117.549995,2019-10-17 00:00:00,0,0.0
40.45001,-117.45,2019-10-17 00:00:00,0,0.0
40.45001,-117.34999,2019-10-17 00:00:00,0,0.0
40.45001,-117.25,2019-10-17 00:00:00,0,0.0
40.45001,-117.149994,2019-10-17 00:00:00,0,0.0
40.45001,-117.049995,2019-10-17 00:00:00,0,0.0
40.45001,-116.95,2019-10-17 00:00:00,0,0.0
40.45001,-116.84999,2019-10-17 00:00:00,0,0.0
40.45001,-116.75,2019-10-17 00:00:00,0,0.0
40.45001,-116.649994,2019-10-17 00:00:00,0,0.0
40.45001,-116.549995,2019-10-17 00:00:00,0,0.0
40.45001,-116.45,2019-10-17 00:00:00,0,0.0
40.45001,-116.34999,2019-10-17 00:00:00,0,0.0
40.45001,-116.25,2019-10-17 00:00:00,0,0.0
40.45001,-116.149994,2019-10-17 00:00:00,0,0.0
40.45001,-116.049995,2019-10-17 00:00:00,0,0.0
40.45001,-115.95,2019-10-17 00:00:00,0,0.0
40.45001,-115.85,2019-10-17 00:00:00,0,0.0
40.45001,-115.74999,2019-10-17 00:00:00,0,0.0
40.45001,-115.649994,2019-10-17 00:00:00,0,0.0
40.45001,-115.549995,2019-10-17 00:00:00,0,0.0
40.45001,-115.45,2019-10-17 00:00:00,0,0.0
40.45001,-115.35,2019-10-17 00:00:00,0,0.0
40.45001,-115.24999,2019-10-17 00:00:00,0,0.0
40.45001,-115.149994,2019-10-17 00:00:00,0,0.0
40.45001,-115.049995,2019-10-17 00:00:00,0,0.0
40.45001,-114.95,2019-10-17 00:00:00,0,0.0
40.45001,-114.85,2019-10-17 00:00:00,0,0.0
40.45001,-114.74999,2019-10-17 00:00:00,0,0.0
40.45001,-114.649994,2019-10-17 00:00:00,0,0.0
40.45001,-114.549995,2019-10-17 00:00:00,0,0.0
40.45001,-114.45,2019-10-17 00:00:00,0,0.0
40.45001,-114.35,2019-10-17 00:00:00,0,0.0
40.45001,-114.24999,2019-10-17 00:00:00,0,0.0
40.55,-124.34999,2019-10-17 00:00:00,0,3.1851854
40.55,-124.25,2019-10-17 00:00:00,0,2.2279143
40.55,-124.149994,2019-10-17 00:00:00,0,2.8718085
40.55,-124.049995,2019-10-17 00:00:00,0,2.1447606
40.55,-123.95,2019-10-17 00:00:00,0,2.1015394
40.55,-123.84999,2019-10-17 00:00:00,0,2.5406806
40.55,-123.75,2019-10-17 00:00:00,0,3.845968
40.55,-123.649994,2019-10-17 00:00:00,0,5.095556
40.55,-123.549995,2019-10-17 00:00:00,0,4.0070662
40.55,-123.45,2019-10-17 00:00:00,0,3.214297
40.55,-123.34999,2019-10-17 00:00:00,0,2.2347298
40.55,-123.25,2019-10-17 00:00:00,0,1.673249
40.55,-123.149994,2019-10-17 00:00:00,0,1.857984
40.55,-123.049995,2019-10-17 00:00:00,0,2.368027
40.55,-122.95,2019-10-17 00:00:00,0,2.253742
40.55,-122.84999,2019-10-17 00:00:00,0,2.0087023
40.55,-122.75,2019-10-17 00:00:00,0,2.4796717
40.55,-122.649994,2019-10-17 00:00:00,0,3.4423018
40.55,-122.549995,2019-10-17 00:00:00,0,4.4128656
40.55,-122.45,2019-10-17 00:00:00,0,5.015918
40.55,-122.34999,2019-10-17 00:00:00,0,5.7119904
40.55,-122.25,2019-10-17 00:00:00,0,5.5580606
40.55,-122.149994,2019-10-17 00:00:00,0,4.8096333
40.55,-122.049995,2019-10-17 00:00:00,0,5.224757
40.55,-121.95,2019-10-17 00:00:00,0,5.2236557
40.55,-121.84999,2019-10-17 00:00:00,0,6.424361
40.55,-121.75,2019-10-17 00:00:00,0,5.304333
40.55,-121.649994,2019-10-17 00:00:00,0,3.1269193
40.55,-121.549995,2019-10-17 00:00:00,0,2.8699925
40.55,-121.45,2019-10-17 00:00:00,0,3.242972
40.55,-121.34999,2019-10-17 00:00:00,0,2.385354
40.55,-121.25,2019-10-17 00:00:00,0,1.5276612
40.55,-121.149994,2019-10-17 00:00:00,0,1.4224924
40.55,-121.049995,2019-10-17 00:00:00,0,0.60120255
40.55,-120.95,2019-10-17 00:00:00,0,0.7889349
40.55,-120.84999,2019-10-17 00:00:00,0,0.58535695
40.55,-120.75,2019-10-17 00:00:00,0,0.42930794
40.55,-120.649994,2019-10-17 00:00:00,0,0.32230082
40.55,-120.549995,2019-10-17 00:00:00,0,0.20554602
40.55,-120.45,2019-10-17 00:00:00,0,0.08466397
40.55,-120.34999,2019-10-17 00:00:00,0,0.021485116
40.55,-120.25,2019-10-17 00:00:00,0,0.070434675
40.55,-120.149994,2019-10-17 00:00:00,0,0.13492301
40.55,-120.049995,2019-10-17 00:00:00,0,0.6621879
40.55,-119.95,2019-10-17 00:00:00,0,0.0
40.55,-119.84999,2019-10-17 00:00:00,0,0.0
40.55,-119.75,2019-10-17 00:00:00,0,0.0
40.55,-119.649994,2019-10-17 00:00:00,0,0.0
40.55,-119.549995,2019-10-17 00:00:00,0,0.0
40.55,-119.45,2019-10-17 00:00:00,0,0.0
40.55,-119.34999,2019-10-17 00:00:00,0,0.0
40.55,-119.25,2019-10-17 00:00:00,0,0.0
40.55,-119.149994,2019-10-17 00:00:00,0,0.0
40.55,-119.049995,2019-10-17 00:00:00,0,0.0
40.55,-118.95,2019-10-17 00:00:00,0,0.0
40.55,-118.84999,2019-10-17 00:00:00,0,0.0
40.55,-118.75,2019-10-17 00:00:00,0,0.0
40.55,-118.649994,2019-10-17 00:00:00,0,0.0
40.55,-118.549995,2019-10-17 00:00:00,0,0.0
40.55,-118.45,2019-10-17 00:00:00,0,0.0
40.55,-118.34999,2019-10-17 00:00:00,0,0.0
40.55,-118.25,2019-10-17 00:00:00,0,0.0
40.55,-118.149994,2019-10-17 00:00:00,0,0.0
40.55,-118.049995,2019-10-17 00:00:00,0,0.0
40.55,-117.95,2019-10-17 00:00:00,0,0.0
40.55,-117.84999,2019-10-17 00:00:00,0,0.0
40.55,-117.75,2019-10-17 00:00:00,0,0.0
40.55,-117.649994,2019-10-17 00:00:00,0,0.0
40.55,-117.549995,2019-10-17 00:00:00,0,0.0
40.55,-117.45,2019-10-17 00:00:00,0,0.0
40.55,-117.34999,2019-10-17 00:00:00,0,0.0
40.55,-117.25,2019-10-17 00:00:00,0,0.0
40.55,-117.149994,2019-10-17 00:00:00,0,0.0
40.55,-117.049995,2019-10-17 00:00:00,0,0.0
40.55,-116.95,2019-10-17 00:00:00,0,0.0
40.55,-116.84999,2019-10-17 00:00:00,0,0.0
40.55,-116.75,2019-10-17 00:00:00,0,0.0
40.55,-116.649994,2019-10-17 00:00:00,0,0.0
40.55,-116.549995,2019-10-17 00:00:00,0,0.0
40.55,-116.45,2019-10-17 00:00:00,0,0.0
40.55,-116.34999,2019-10-17 00:00:00,0,0.0
40.55,-116.25,2019-10-17 00:00:00,0,0.0
40.55,-116.149994,2019-10-17 00:00:00,0,0.0
40.55,-116.049995,2019-10-17 00:00:00,0,0.0
40.55,-115.95,2019-10-17 00:00:00,0,0.0
40.55,-115.85,2019-10-17 00:00:00,0,0.0
40.55,-115.74999,2019-10-17 00:00:00,0,0.0
40.55,-115.649994,2019-10-17 00:00:00,0,0.0
40.55,-115.549995,2019-10-17 00:00:00,0,0.0
40.55,-115.45,2019-10-17 00:00:00,0,0.0
40.55,-115.35,2019-10-17 00:00:00,0,0.0
40.55,-115.24999,2019-10-17 00:00:00,0,0.0
40.55,-115.149994,2019-10-17 00:00:00,0,0.0
40.55,-115.049995,2019-10-17 00:00:00,0,0.0
40.55,-114.95,2019-10-17 00:00:00,0,0.0
40.55,-114.85,2019-10-17 00:00:00,0,0.0
40.55,-114.74999,2019-10-17 00:00:00,0,0.0
40.55,-114.649994,2019-10-17 00:00:00,0,0.0
40.55,-114.549995,2019-10-17 00:00:00,0,0.0
40.55,-114.45,2019-10-17 00:00:00,0,0.0
40.55,-114.35,2019-10-17 00:00:00,0,0.0
40.55,-114.24999,2019-10-17 00:00:00,0,0.0
40.650005,-124.34999,2019-10-17 00:00:00,0,0.0
40.650005,-124.25,2019-10-17 00:00:00,0,2.543192
40.650005,-124.149994,2019-10-17 00:00:00,0,2.6102998
40.650005,-124.049995,2019-10-17 00:00:00,0,2.2173312
40.650005,-123.95,2019-10-17 00:00:00,0,3.105138
40.650005,-123.84999,2019-10-17 00:00:00,0,4.0719304
40.650005,-123.75,2019-10-17 00:00:00,0,5.4022694
40.650005,-123.649994,2019-10-17 00:00:00,0,4.524933
40.650005,-123.549995,2019-10-17 00:00:00,0,3.657871
40.650005,-123.45,2019-10-17 00:00:00,0,3.2225082
40.650005,-123.34999,2019-10-17 00:00:00,0,2.9122484
40.650005,-123.25,2019-10-17 00:00:00,0,2.5396621
40.650005,-123.149994,2019-10-17 00:00:00,0,2.6746058
40.650005,-123.049995,2019-10-17 00:00:00,0,2.9509475
40.650005,-122.95,2019-10-17 00:00:00,0,1.7475799
40.650005,-122.84999,2019-10-17 00:00:00,0,1.4169635
40.650005,-122.75,2019-10-17 00:00:00,0,1.4717009
40.650005,-122.649994,2019-10-17 00:00:00,0,2.0140855
40.650005,-122.549995,2019-10-17 00:00:00,0,2.7982116
40.650005,-122.45,2019-10-17 00:00:00,0,3.4925144
40.650005,-122.34999,2019-10-17 00:00:00,0,3.9593241
40.650005,-122.25,2019-10-17 00:00:00,0,3.6940787
40.650005,-122.149994,2019-10-17 00:00:00,0,6.4854617
40.650005,-122.049995,2019-10-17 00:00:00,0,4.632098
40.650005,-121.95,2019-10-17 00:00:00,0,4.901715
40.650005,-121.84999,2019-10-17 00:00:00,0,5.193378
40.650005,-121.75,2019-10-17 00:00:00,0,4.611329
40.650005,-121.649994,2019-10-17 00:00:00,0,4.276622
40.650005,-121.549995,2019-10-17 00:00:00,0,4.1751595
40.650005,-121.45,2019-10-17 00:00:00,0,3.0402486
40.650005,-121.34999,2019-10-17 00:00:00,0,2.0576067
40.650005,-121.25,2019-10-17 00:00:00,0,1.8013728
40.650005,-121.149994,2019-10-17 00:00:00,0,0.9701276
40.650005,-121.049995,2019-10-17 00:00:00,0,0.97790474
40.650005,-120.95,2019-10-17 00:00:00,0,0.7150068
40.650005,-120.84999,2019-10-17 00:00:00,0,0.59338796
40.650005,-120.75,2019-10-17 00:00:00,0,0.58877295
40.650005,-120.649994,2019-10-17 00:00:00,0,0.50503004
40.650005,-120.549995,2019-10-17 00:00:00,0,0.7451066
40.650005,-120.45,2019-10-17 00:00:00,0,0.23606065
40.650005,-120.34999,2019-10-17 00:00:00,0,0.07970937
40.650005,-120.25,2019-10-17 00:00:00,0,0.030065907
40.650005,-120.149994,2019-10-17 00:00:00,0,0.08077041
40.650005,-120.049995,2019-10-17 00:00:00,0,0.5621301
40.650005,-119.95,2019-10-17 00:00:00,0,0.0
40.650005,-119.84999,2019-10-17 00:00:00,0,0.0
40.650005,-119.75,2019-10-17 00:00:00,0,0.0
40.650005,-119.649994,2019-10-17 00:00:00,0,0.0
40.650005,-119.549995,2019-10-17 00:00:00,0,0.0
40.650005,-119.45,2019-10-17 00:00:00,0,0.0
40.650005,-119.34999,2019-10-17 00:00:00,0,0.0
40.650005,-119.25,2019-10-17 00:00:00,0,0.0
40.650005,-119.149994,2019-10-17 00:00:00,0,0.0
40.650005,-119.049995,2019-10-17 00:00:00,0,0.0
40.650005,-118.95,2019-10-17 00:00:00,0,0.0
40.650005,-118.84999,2019-10-17 00:00:00,0,0.0
40.650005,-118.75,2019-10-17 00:00:00,0,0.0
40.650005,-118.649994,2019-10-17 00:00:00,0,0.0
40.650005,-118.549995,2019-10-17 00:00:00,0,0.0
40.650005,-118.45,2019-10-17 00:00:00,0,0.0
40.650005,-118.34999,2019-10-17 00:00:00,0,0.0
40.650005,-118.25,2019-10-17 00:00:00,0,0.0
40.650005,-118.149994,2019-10-17 00:00:00,0,0.0
40.650005,-118.049995,2019-10-17 00:00:00,0,0.0
40.650005,-117.95,2019-10-17 00:00:00,0,0.0
40.650005,-117.84999,2019-10-17 00:00:00,0,0.0
40.650005,-117.75,2019-10-17 00:00:00,0,0.0
40.650005,-117.649994,2019-10-17 00:00:00,0,0.0
40.650005,-117.549995,2019-10-17 00:00:00,0,0.0
40.650005,-117.45,2019-10-17 00:00:00,0,0.0
40.650005,-117.34999,2019-10-17 00:00:00,0,0.0
40.650005,-117.25,2019-10-17 00:00:00,0,0.0
40.650005,-117.149994,2019-10-17 00:00:00,0,0.0
40.650005,-117.049995,2019-10-17 00:00:00,0,0.0
40.650005,-116.95,2019-10-17 00:00:00,0,0.0
40.650005,-116.84999,2019-10-17 00:00:00,0,0.0
40.650005,-116.75,2019-10-17 00:00:00,0,0.0
40.650005,-116.649994,2019-10-17 00:00:00,0,0.0
40.650005,-116.549995,2019-10-17 00:00:00,0,0.0
40.650005,-116.45,2019-10-17 00:00:00,0,0.0
40.650005,-116.34999,2019-10-17 00:00:00,0,0.0
40.650005,-116.25,2019-10-17 00:00:00,0,0.0
40.650005,-116.149994,2019-10-17 00:00:00,0,0.0
40.650005,-116.049995,2019-10-17 00:00:00,0,0.0
40.650005,-115.95,2019-10-17 00:00:00,0,0.0
40.650005,-115.85,2019-10-17 00:00:00,0,0.0
40.650005,-115.74999,2019-10-17 00:00:00,0,0.0
40.650005,-115.649994,2019-10-17 00:00:00,0,0.0
40.650005,-115.549995,2019-10-17 00:00:00,0,0.0
40.650005,-115.45,2019-10-17 00:00:00,0,0.0
40.650005,-115.35,2019-10-17 00:00:00,0,0.0
40.650005,-115.24999,2019-10-17 00:00:00,0,0.0
40.650005,-115.149994,2019-10-17 00:00:00,0,0.0
40.650005,-115.049995,2019-10-17 00:00:00,0,0.0
40.650005,-114.95,2019-10-17 00:00:00,0,0.0
40.650005,-114.85,2019-10-17 00:00:00,0,0.0
40.650005,-114.74999,2019-10-17 00:00:00,0,0.0
40.650005,-114.649994,2019-10-17 00:00:00,0,0.0
40.650005,-114.549995,2019-10-17 00:00:00,0,0.0
40.650005,-114.45,2019-10-17 00:00:00,0,0.0
40.650005,-114.35,2019-10-17 00:00:00,0,0.0
40.650005,-114.24999,2019-10-17 00:00:00,0,0.0
40.749996,-124.34999,2019-10-17 00:00:00,0,0.0
40.749996,-124.25,2019-10-17 00:00:00,0,0.0
40.749996,-124.149994,2019-10-17 00:00:00,0,3.6518834
40.749996,-124.049995,2019-10-17 00:00:00,0,2.8287284
40.749996,-123.95,2019-10-17 00:00:00,0,2.93511
40.749996,-123.84999,2019-10-17 00:00:00,0,5.0628877
40.749996,-123.75,2019-10-17 00:00:00,0,5.8400397
40.749996,-123.649994,2019-10-17 00:00:00,0,3.8025432
40.749996,-123.549995,2019-10-17 00:00:00,0,3.9541967
40.749996,-123.45,2019-10-17 00:00:00,0,3.8893723
40.749996,-123.34999,2019-10-17 00:00:00,0,3.8758545
40.749996,-123.25,2019-10-17 00:00:00,0,4.395251
40.749996,-123.149994,2019-10-17 00:00:00,0,3.6780663
40.749996,-123.049995,2019-10-17 00:00:00,0,2.5722353
40.749996,-122.95,2019-10-17 00:00:00,0,2.015826
40.749996,-122.84999,2019-10-17 00:00:00,0,2.171381
40.749996,-122.75,2019-10-17 00:00:00,0,2.465604
40.749996,-122.649994,2019-10-17 00:00:00,0,2.618191
40.749996,-122.549995,2019-10-17 00:00:00,0,2.7922919
40.749996,-122.45,2019-10-17 00:00:00,0,2.911555
40.749996,-122.34999,2019-10-17 00:00:00,0,2.50624
40.749996,-122.25,2019-10-17 00:00:00,0,4.310262
40.749996,-122.149994,2019-10-17 00:00:00,0,4.6309986
40.749996,-122.049995,2019-10-17 00:00:00,0,4.29364
40.749996,-121.95,2019-10-17 00:00:00,0,3.8873034
40.749996,-121.84999,2019-10-17 00:00:00,0,3.5665443
40.749996,-121.75,2019-10-17 00:00:00,0,3.8050818
40.749996,-121.649994,2019-10-17 00:00:00,0,3.846946
40.749996,-121.549995,2019-10-17 00:00:00,0,3.5537212
40.749996,-121.45,2019-10-17 00:00:00,0,3.0046158
40.749996,-121.34999,2019-10-17 00:00:00,0,2.211242
40.749996,-121.25,2019-10-17 00:00:00,0,1.1627624
40.749996,-121.149994,2019-10-17 00:00:00,0,1.5102264
40.749996,-121.049995,2019-10-17 00:00:00,0,2.071941
40.749996,-120.95,2019-10-17 00:00:00,0,1.487077
40.749996,-120.84999,2019-10-17 00:00:00,0,1.2159741
40.749996,-120.75,2019-10-17 00:00:00,0,1.2304306
40.749996,-120.649994,2019-10-17 00:00:00,0,1.5221068
40.749996,-120.549995,2019-10-17 00:00:00,0,1.1202533
40.749996,-120.45,2019-10-17 00:00:00,0,0.9594144
40.749996,-120.34999,2019-10-17 00:00:00,0,0.68783325
40.749996,-120.25,2019-10-17 00:00:00,0,0.24135005
40.749996,-120.149994,2019-10-17 00:00:00,0,0.063399605
40.749996,-120.049995,2019-10-17 00:00:00,0,0.5282132
40.749996,-119.95,2019-10-17 00:00:00,0,0.0
40.749996,-119.84999,2019-10-17 00:00:00,0,0.0
40.749996,-119.75,2019-10-17 00:00:00,0,0.0
40.749996,-119.649994,2019-10-17 00:00:00,0,0.0
40.749996,-119.549995,2019-10-17 00:00:00,0,0.0
40.749996,-119.45,2019-10-17 00:00:00,0,0.0
40.749996,-119.34999,2019-10-17 00:00:00,0,0.0
40.749996,-119.25,2019-10-17 00:00:00,0,0.0
40.749996,-119.149994,2019-10-17 00:00:00,0,0.0
40.749996,-119.049995,2019-10-17 00:00:00,0,0.0
40.749996,-118.95,2019-10-17 00:00:00,0,0.0
40.749996,-118.84999,2019-10-17 00:00:00,0,0.0
40.749996,-118.75,2019-10-17 00:00:00,0,0.0
40.749996,-118.649994,2019-10-17 00:00:00,0,0.0
40.749996,-118.549995,2019-10-17 00:00:00,0,0.0
40.749996,-118.45,2019-10-17 00:00:00,0,0.0
40.749996,-118.34999,2019-10-17 00:00:00,0,0.0
40.749996,-118.25,2019-10-17 00:00:00,0,0.0
40.749996,-118.149994,2019-10-17 00:00:00,0,0.0
40.749996,-118.049995,2019-10-17 00:00:00,0,0.0
40.749996,-117.95,2019-10-17 00:00:00,0,0.0
40.749996,-117.84999,2019-10-17 00:00:00,0,0.0
40.749996,-117.75,2019-10-17 00:00:00,0,0.0
40.749996,-117.649994,2019-10-17 00:00:00,0,0.0
40.749996,-117.549995,2019-10-17 00:00:00,0,0.0
40.749996,-117.45,2019-10-17 00:00:00,0,0.0
40.749996,-117.34999,2019-10-17 00:00:00,0,0.0
40.749996,-117.25,2019-10-17 00:00:00,0,0.0
40.749996,-117.149994,2019-10-17 00:00:00,0,0.0
40.749996,-117.049995,2019-10-17 00:00:00,0,0.0
40.749996,-116.95,2019-10-17 00:00:00,0,0.0
40.749996,-116.84999,2019-10-17 00:00:00,0,0.0
40.749996,-116.75,2019-10-17 00:00:00,0,0.0
40.749996,-116.649994,2019-10-17 00:00:00,0,0.0
40.749996,-116.549995,2019-10-17 00:00:00,0,0.0
40.749996,-116.45,2019-10-17 00:00:00,0,0.0
40.749996,-116.34999,2019-10-17 00:00:00,0,0.0
40.749996,-116.25,2019-10-17 00:00:00,0,0.0
40.749996,-116.149994,2019-10-17 00:00:00,0,0.0
40.749996,-116.049995,2019-10-17 00:00:00,0,0.0
40.749996,-115.95,2019-10-17 00:00:00,0,0.0
40.749996,-115.85,2019-10-17 00:00:00,0,0.0
40.749996,-115.74999,2019-10-17 00:00:00,0,0.0
40.749996,-115.649994,2019-10-17 00:00:00,0,0.0
40.749996,-115.549995,2019-10-17 00:00:00,0,0.0
40.749996,-115.45,2019-10-17 00:00:00,0,0.0
40.749996,-115.35,2019-10-17 00:00:00,0,0.0
40.749996,-115.24999,2019-10-17 00:00:00,0,0.0
40.749996,-115.149994,2019-10-17 00:00:00,0,0.0
40.749996,-115.049995,2019-10-17 00:00:00,0,0.0
40.749996,-114.95,2019-10-17 00:00:00,0,0.0
40.749996,-114.85,2019-10-17 00:00:00,0,0.0
40.749996,-114.74999,2019-10-17 00:00:00,0,0.0
40.749996,-114.649994,2019-10-17 00:00:00,0,0.0
40.749996,-114.549995,2019-10-17 00:00:00,0,0.0
40.749996,-114.45,2019-10-17 00:00:00,0,0.0
40.749996,-114.35,2019-10-17 00:00:00,0,0.0
40.749996,-114.24999,2019-10-17 00:00:00,0,0.0
40.850002,-124.34999,2019-10-17 00:00:00,0,0.0
40.850002,-124.25,2019-10-17 00:00:00,0,0.0
40.850002,-124.149994,2019-10-17 00:00:00,0,3.627082
40.850002,-124.049995,2019-10-17 00:00:00,0,3.4080203
40.850002,-123.95,2019-10-17 00:00:00,0,3.9517767
40.850002,-123.84999,2019-10-17 00:00:00,0,5.6421676
40.850002,-123.75,2019-10-17 00:00:00,0,5.1363935
40.850002,-123.649994,2019-10-17 00:00:00,0,4.7557335
40.850002,-123.549995,2019-10-17 00:00:00,0,4.4029675
40.850002,-123.45,2019-10-17 00:00:00,0,4.529248
40.850002,-123.34999,2019-10-17 00:00:00,0,5.785652
40.850002,-123.25,2019-10-17 00:00:00,0,6.337777
40.850002,-123.149994,2019-10-17 00:00:00,0,5.501865
40.850002,-123.049995,2019-10-17 00:00:00,0,4.424927
40.850002,-122.95,2019-10-17 00:00:00,0,5.221986
40.850002,-122.84999,2019-10-17 00:00:00,0,4.5727124
40.850002,-122.75,2019-10-17 00:00:00,0,3.786309
40.850002,-122.649994,2019-10-17 00:00:00,0,3.3610442
40.850002,-122.549995,2019-10-17 00:00:00,0,2.9906776
40.850002,-122.45,2019-10-17 00:00:00,0,2.4061162
40.850002,-122.34999,2019-10-17 00:00:00,0,3.3273659
40.850002,-122.25,2019-10-17 00:00:00,0,3.51104
40.850002,-122.149994,2019-10-17 00:00:00,0,5.1469393
40.850002,-122.049995,2019-10-17 00:00:00,0,4.018403
40.850002,-121.95,2019-10-17 00:00:00,0,3.5616553
40.850002,-121.84999,2019-10-17 00:00:00,0,3.1420796
40.850002,-121.75,2019-10-17 00:00:00,0,2.9752865
40.850002,-121.649994,2019-10-17 00:00:00,0,3.1761806
40.850002,-121.549995,2019-10-17 00:00:00,0,3.0033345
40.850002,-121.45,2019-10-17 00:00:00,0,2.018545
40.850002,-121.34999,2019-10-17 00:00:00,0,1.4671285
40.850002,-121.25,2019-10-17 00:00:00,0,0.6601613
40.850002,-121.149994,2019-10-17 00:00:00,0,0.51686126
40.850002,-121.049995,2019-10-17 00:00:00,0,0.5289299
40.850002,-120.95,2019-10-17 00:00:00,0,0.2535729
40.850002,-120.84999,2019-10-17 00:00:00,0,0.26400918
40.850002,-120.75,2019-10-17 00:00:00,0,0.42029878
40.850002,-120.649994,2019-10-17 00:00:00,0,0.18277568
40.850002,-120.549995,2019-10-17 00:00:00,0,0.2409385
40.850002,-120.45,2019-10-17 00:00:00,0,0.38975173
40.850002,-120.34999,2019-10-17 00:00:00,0,0.5936969
40.850002,-120.25,2019-10-17 00:00:00,0,0.4286671
40.850002,-120.149994,2019-10-17 00:00:00,0,0.4243738
40.850002,-120.049995,2019-10-17 00:00:00,0,0.08182651
40.850002,-119.95,2019-10-17 00:00:00,0,0.0
40.850002,-119.84999,2019-10-17 00:00:00,0,0.0
40.850002,-119.75,2019-10-17 00:00:00,0,0.0
40.850002,-119.649994,2019-10-17 00:00:00,0,0.0
40.850002,-119.549995,2019-10-17 00:00:00,0,0.0
40.850002,-119.45,2019-10-17 00:00:00,0,0.0
40.850002,-119.34999,2019-10-17 00:00:00,0,0.0
40.850002,-119.25,2019-10-17 00:00:00,0,0.0
40.850002,-119.149994,2019-10-17 00:00:00,0,0.0
40.850002,-119.049995,2019-10-17 00:00:00,0,0.0
40.850002,-118.95,2019-10-17 00:00:00,0,0.0
40.850002,-118.84999,2019-10-17 00:00:00,0,0.0
40.850002,-118.75,2019-10-17 00:00:00,0,0.0
40.850002,-118.649994,2019-10-17 00:00:00,0,0.0
40.850002,-118.549995,2019-10-17 00:00:00,0,0.0
40.850002,-118.45,2019-10-17 00:00:00,0,0.0
40.850002,-118.34999,2019-10-17 00:00:00,0,0.0
40.850002,-118.25,2019-10-17 00:00:00,0,0.0
40.850002,-118.149994,2019-10-17 00:00:00,0,0.0
40.850002,-118.049995,2019-10-17 00:00:00,0,0.0
40.850002,-117.95,2019-10-17 00:00:00,0,0.0
40.850002,-117.84999,2019-10-17 00:00:00,0,0.0
40.850002,-117.75,2019-10-17 00:00:00,0,0.0
40.850002,-117.649994,2019-10-17 00:00:00,0,0.0
40.850002,-117.549995,2019-10-17 00:00:00,0,0.0
40.850002,-117.45,2019-10-17 00:00:00,0,0.0
40.850002,-117.34999,2019-10-17 00:00:00,0,0.0
40.850002,-117.25,2019-10-17 00:00:00,0,0.0
40.850002,-117.149994,2019-10-17 00:00:00,0,0.0
40.850002,-117.049995,2019-10-17 00:00:00,0,0.0
40.850002,-116.95,2019-10-17 00:00:00,0,0.0
40.850002,-116.84999,2019-10-17 00:00:00,0,0.0
40.850002,-116.75,2019-10-17 00:00:00,0,0.0
40.850002,-116.649994,2019-10-17 00:00:00,0,0.0
40.850002,-116.549995,2019-10-17 00:00:00,0,0.0
40.850002,-116.45,2019-10-17 00:00:00,0,0.0
40.850002,-116.34999,2019-10-17 00:00:00,0,0.0
40.850002,-116.25,2019-10-17 00:00:00,0,0.0
40.850002,-116.149994,2019-10-17 00:00:00,0,0.0
40.850002,-116.049995,2019-10-17 00:00:00,0,0.0
40.850002,-115.95,2019-10-17 00:00:00,0,0.0
40.850002,-115.85,2019-10-17 00:00:00,0,0.0
40.850002,-115.74999,2019-10-17 00:00:00,0,0.0
40.850002,-115.649994,2019-10-17 00:00:00,0,0.0
40.850002,-115.549995,2019-10-17 00:00:00,0,0.0
40.850002,-115.45,2019-10-17 00:00:00,0,0.0
40.850002,-115.35,2019-10-17 00:00:00,0,0.0
40.850002,-115.24999,2019-10-17 00:00:00,0,0.0
40.850002,-115.149994,2019-10-17 00:00:00,0,0.0
40.850002,-115.049995,2019-10-17 00:00:00,0,0.0
40.850002,-114.95,2019-10-17 00:00:00,0,0.0
40.850002,-114.85,2019-10-17 00:00:00,0,0.0
40.850002,-114.74999,2019-10-17 00:00:00,0,0.0
40.850002,-114.649994,2019-10-17 00:00:00,0,0.0
40.850002,-114.549995,2019-10-17 00:00:00,0,0.0
40.850002,-114.45,2019-10-17 00:00:00,0,0.0
40.850002,-114.35,2019-10-17 00:00:00,0,0.0
40.850002,-114.24999,2019-10-17 00:00:00,0,0.0
40.95001,-124.34999,2019-10-17 00:00:00,0,0.0
40.95001,-124.25,2019-10-17 00:00:00,0,0.0
40.95001,-124.149994,2019-10-17 00:00:00,0,0.0
40.95001,-124.049995,2019-10-17 00:00:00,0,3.835763
40.95001,-123.95,2019-10-17 00:00:00,0,4.5728784
40.95001,-123.84999,2019-10-17 00:00:00,0,5.9862647
40.95001,-123.75,2019-10-17 00:00:00,0,6.188191
40.95001,-123.649994,2019-10-17 00:00:00,0,5.074648
40.95001,-123.549995,2019-10-17 00:00:00,0,5.5701814
40.95001,-123.45,2019-10-17 00:00:00,0,6.6861987
40.95001,-123.34999,2019-10-17 00:00:00,0,7.535266
40.95001,-123.25,2019-10-17 00:00:00,0,7.81544
40.95001,-123.149994,2019-10-17 00:00:00,0,10.879942
40.95001,-123.049995,2019-10-17 00:00:00,0,11.38451
40.95001,-122.95,2019-10-17 00:00:00,0,10.495768
40.95001,-122.84999,2019-10-17 00:00:00,0,7.824391
40.95001,-122.75,2019-10-17 00:00:00,0,5.5392118
40.95001,-122.649994,2019-10-17 00:00:00,0,3.809877
40.95001,-122.549995,2019-10-17 00:00:00,0,2.4537065
40.95001,-122.45,2019-10-17 00:00:00,0,2.5401917
40.95001,-122.34999,2019-10-17 00:00:00,0,2.5442536
40.95001,-122.25,2019-10-17 00:00:00,0,3.054922
40.95001,-122.149994,2019-10-17 00:00:00,0,3.1510897
40.95001,-122.049995,2019-10-17 00:00:00,0,2.9303923
40.95001,-121.95,2019-10-17 00:00:00,0,2.2799966
40.95001,-121.84999,2019-10-17 00:00:00,0,2.2299922
40.95001,-121.75,2019-10-17 00:00:00,0,1.9488674
40.95001,-121.649994,2019-10-17 00:00:00,0,2.3341541
40.95001,-121.549995,2019-10-17 00:00:00,0,2.1462302
40.95001,-121.45,2019-10-17 00:00:00,0,1.8838774
40.95001,-121.34999,2019-10-17 00:00:00,0,0.8788117
40.95001,-121.25,2019-10-17 00:00:00,0,0.518734
40.95001,-121.149994,2019-10-17 00:00:00,0,0.37464225
40.95001,-121.049995,2019-10-17 00:00:00,0,0.0034994576
40.95001,-120.95,2019-10-17 00:00:00,0,0.1468511
40.95001,-120.84999,2019-10-17 00:00:00,0,0.29156098
40.95001,-120.75,2019-10-17 00:00:00,0,0.047373157
40.95001,-120.649994,2019-10-17 00:00:00,0,0.111127466
40.95001,-120.549995,2019-10-17 00:00:00,0,0.21118091
40.95001,-120.45,2019-10-17 00:00:00,0,0.43708366
40.95001,-120.34999,2019-10-17 00:00:00,0,0.70368975
40.95001,-120.25,2019-10-17 00:00:00,0,0.2790203
40.95001,-120.149994,2019-10-17 00:00:00,0,0.2350003
40.95001,-120.049995,2019-10-17 00:00:00,0,0.6965015
40.95001,-119.95,2019-10-17 00:00:00,0,0.0
40.95001,-119.84999,2019-10-17 00:00:00,0,0.0
40.95001,-119.75,2019-10-17 00:00:00,0,0.0
40.95001,-119.649994,2019-10-17 00:00:00,0,0.0
40.95001,-119.549995,2019-10-17 00:00:00,0,0.0
40.95001,-119.45,2019-10-17 00:00:00,0,0.0
40.95001,-119.34999,2019-10-17 00:00:00,0,0.0
40.95001,-119.25,2019-10-17 00:00:00,0,0.0
40.95001,-119.149994,2019-10-17 00:00:00,0,0.0
40.95001,-119.049995,2019-10-17 00:00:00,0,0.0
40.95001,-118.95,2019-10-17 00:00:00,0,0.0
40.95001,-118.84999,2019-10-17 00:00:00,0,0.0
40.95001,-118.75,2019-10-17 00:00:00,0,0.0
40.95001,-118.649994,2019-10-17 00:00:00,0,0.0
40.95001,-118.549995,2019-10-17 00:00:00,0,0.0
40.95001,-118.45,2019-10-17 00:00:00,0,0.0
40.95001,-118.34999,2019-10-17 00:00:00,0,0.0
40.95001,-118.25,2019-10-17 00:00:00,0,0.0
40.95001,-118.149994,2019-10-17 00:00:00,0,0.0
40.95001,-118.049995,2019-10-17 00:00:00,0,0.0
40.95001,-117.95,2019-10-17 00:00:00,0,0.0
40.95001,-117.84999,2019-10-17 00:00:00,0,0.0
40.95001,-117.75,2019-10-17 00:00:00,0,0.0
40.95001,-117.649994,2019-10-17 00:00:00,0,0.0
40.95001,-117.549995,2019-10-17 00:00:00,0,0.0
40.95001,-117.45,2019-10-17 00:00:00,0,0.0
40.95001,-117.34999,2019-10-17 00:00:00,0,0.0
40.95001,-117.25,2019-10-17 00:00:00,0,0.0
40.95001,-117.149994,2019-10-17 00:00:00,0,0.0
40.95001,-117.049995,2019-10-17 00:00:00,0,0.0
40.95001,-116.95,2019-10-17 00:00:00,0,0.0
40.95001,-116.84999,2019-10-17 00:00:00,0,0.0
40.95001,-116.75,2019-10-17 00:00:00,0,0.0
40.95001,-116.649994,2019-10-17 00:00:00,0,0.0
40.95001,-116.549995,2019-10-17 00:00:00,0,0.0
40.95001,-116.45,2019-10-17 00:00:00,0,0.0
40.95001,-116.34999,2019-10-17 00:00:00,0,0.0
40.95001,-116.25,2019-10-17 00:00:00,0,0.0
40.95001,-116.149994,2019-10-17 00:00:00,0,0.0
40.95001,-116.049995,2019-10-17 00:00:00,0,0.0
40.95001,-115.95,2019-10-17 00:00:00,0,0.0
40.95001,-115.85,2019-10-17 00:00:00,0,0.0
40.95001,-115.74999,2019-10-17 00:00:00,0,0.0
40.95001,-115.649994,2019-10-17 00:00:00,0,0.0
40.95001,-115.549995,2019-10-17 00:00:00,0,0.0
40.95001,-115.45,2019-10-17 00:00:00,0,0.0
40.95001,-115.35,2019-10-17 00:00:00,0,0.0
40.95001,-115.24999,2019-10-17 00:00:00,0,0.0
40.95001,-115.149994,2019-10-17 00:00:00,0,0.0
40.95001,-115.049995,2019-10-17 00:00:00,0,0.0
40.95001,-114.95,2019-10-17 00:00:00,0,0.0
40.95001,-114.85,2019-10-17 00:00:00,0,0.0
40.95001,-114.74999,2019-10-17 00:00:00,0,0.0
40.95001,-114.649994,2019-10-17 00:00:00,0,0.0
40.95001,-114.549995,2019-10-17 00:00:00,0,0.0
40.95001,-114.45,2019-10-17 00:00:00,0,0.0
40.95001,-114.35,2019-10-17 00:00:00,0,0.0
40.95001,-114.24999,2019-10-17 00:00:00,0,0.0
41.05,-124.34999,2019-10-17 00:00:00,0,0.0
41.05,-124.25,2019-10-17 00:00:00,0,0.0
41.05,-124.149994,2019-10-17 00:00:00,0,0.0
41.05,-124.049995,2019-10-17 00:00:00,0,5.0515037
41.05,-123.95,2019-10-17 00:00:00,0,4.817971
41.05,-123.84999,2019-10-17 00:00:00,0,7.201674
41.05,-123.75,2019-10-17 00:00:00,0,6.464043
41.05,-123.649994,2019-10-17 00:00:00,0,6.504576
41.05,-123.549995,2019-10-17 00:00:00,0,7.07978
41.05,-123.45,2019-10-17 00:00:00,0,8.248056
41.05,-123.34999,2019-10-17 00:00:00,0,9.713888
41.05,-123.25,2019-10-17 00:00:00,0,11.481042
41.05,-123.149994,2019-10-17 00:00:00,0,13.081406
41.05,-123.049995,2019-10-17 00:00:00,0,13.314669
41.05,-122.95,2019-10-17 00:00:00,0,11.447438
41.05,-122.84999,2019-10-17 00:00:00,0,9.173888
41.05,-122.75,2019-10-17 00:00:00,0,6.7933655
41.05,-122.649994,2019-10-17 00:00:00,0,5.047082
41.05,-122.549995,2019-10-17 00:00:00,0,4.284223
41.05,-122.45,2019-10-17 00:00:00,0,3.797357
41.05,-122.34999,2019-10-17 00:00:00,0,4.0383334
41.05,-122.25,2019-10-17 00:00:00,0,3.3860712
41.05,-122.149994,2019-10-17 00:00:00,0,3.5003476
41.05,-122.049995,2019-10-17 00:00:00,0,2.7297263
41.05,-121.95,2019-10-17 00:00:00,0,2.8933706
41.05,-121.84999,2019-10-17 00:00:00,0,2.4219224
41.05,-121.75,2019-10-17 00:00:00,0,2.0914876
41.05,-121.649994,2019-10-17 00:00:00,0,2.0394874
41.05,-121.549995,2019-10-17 00:00:00,0,1.8197782
41.05,-121.45,2019-10-17 00:00:00,0,1.1368674
41.05,-121.34999,2019-10-17 00:00:00,0,0.7252559
41.05,-121.25,2019-10-17 00:00:00,0,0.55193913
41.05,-121.149994,2019-10-17 00:00:00,0,3.4254703e-05
41.05,-121.049995,2019-10-17 00:00:00,0,0.30002826
41.05,-120.95,2019-10-17 00:00:00,0,0.37969524
41.05,-120.84999,2019-10-17 00:00:00,0,0.08772375
41.05,-120.75,2019-10-17 00:00:00,0,0.09355045
41.05,-120.649994,2019-10-17 00:00:00,0,0.16114545
41.05,-120.549995,2019-10-17 00:00:00,0,0.3519205
41.05,-120.45,2019-10-17 00:00:00,0,0.5267696
41.05,-120.34999,2019-10-17 00:00:00,0,0.26238117
41.05,-120.25,2019-10-17 00:00:00,0,0.2148296
41.05,-120.149994,2019-10-17 00:00:00,0,0.007301831
41.05,-120.049995,2019-10-17 00:00:00,0,0.6000519
41.05,-119.95,2019-10-17 00:00:00,0,0.0
41.05,-119.84999,2019-10-17 00:00:00,0,0.0
41.05,-119.75,2019-10-17 00:00:00,0,0.0
41.05,-119.649994,2019-10-17 00:00:00,0,0.0
41.05,-119.549995,2019-10-17 00:00:00,0,0.0
41.05,-119.45,2019-10-17 00:00:00,0,0.0
41.05,-119.34999,2019-10-17 00:00:00,0,0.0
41.05,-119.25,2019-10-17 00:00:00,0,0.0
41.05,-119.149994,2019-10-17 00:00:00,0,0.0
41.05,-119.049995,2019-10-17 00:00:00,0,0.0
41.05,-118.95,2019-10-17 00:00:00,0,0.0
41.05,-118.84999,2019-10-17 00:00:00,0,0.0
41.05,-118.75,2019-10-17 00:00:00,0,0.0
41.05,-118.649994,2019-10-17 00:00:00,0,0.0
41.05,-118.549995,2019-10-17 00:00:00,0,0.0
41.05,-118.45,2019-10-17 00:00:00,0,0.0
41.05,-118.34999,2019-10-17 00:00:00,0,0.0
41.05,-118.25,2019-10-17 00:00:00,0,0.0
41.05,-118.149994,2019-10-17 00:00:00,0,0.0
41.05,-118.049995,2019-10-17 00:00:00,0,0.0
41.05,-117.95,2019-10-17 00:00:00,0,0.0
41.05,-117.84999,2019-10-17 00:00:00,0,0.0
41.05,-117.75,2019-10-17 00:00:00,0,0.0
41.05,-117.649994,2019-10-17 00:00:00,0,0.0
41.05,-117.549995,2019-10-17 00:00:00,0,0.0
41.05,-117.45,2019-10-17 00:00:00,0,0.0
41.05,-117.34999,2019-10-17 00:00:00,0,0.0
41.05,-117.25,2019-10-17 00:00:00,0,0.0
41.05,-117.149994,2019-10-17 00:00:00,0,0.0
41.05,-117.049995,2019-10-17 00:00:00,0,0.0
41.05,-116.95,2019-10-17 00:00:00,0,0.0
41.05,-116.84999,2019-10-17 00:00:00,0,0.0
41.05,-116.75,2019-10-17 00:00:00,0,0.0
41.05,-116.649994,2019-10-17 00:00:00,0,0.0
41.05,-116.549995,2019-10-17 00:00:00,0,0.0
41.05,-116.45,2019-10-17 00:00:00,0,0.0
41.05,-116.34999,2019-10-17 00:00:00,0,0.0
41.05,-116.25,2019-10-17 00:00:00,0,0.0
41.05,-116.149994,2019-10-17 00:00:00,0,0.0
41.05,-116.049995,2019-10-17 00:00:00,0,0.0
41.05,-115.95,2019-10-17 00:00:00,0,0.0
41.05,-115.85,2019-10-17 00:00:00,0,0.0
41.05,-115.74999,2019-10-17 00:00:00,0,0.0
41.05,-115.649994,2019-10-17 00:00:00,0,0.0
41.05,-115.549995,2019-10-17 00:00:00,0,0.0
41.05,-115.45,2019-10-17 00:00:00,0,0.0
41.05,-115.35,2019-10-17 00:00:00,0,0.0
41.05,-115.24999,2019-10-17 00:00:00,0,0.0
41.05,-115.149994,2019-10-17 00:00:00,0,0.0
41.05,-115.049995,2019-10-17 00:00:00,0,0.0
41.05,-114.95,2019-10-17 00:00:00,0,0.0
41.05,-114.85,2019-10-17 00:00:00,0,0.0
41.05,-114.74999,2019-10-17 00:00:00,0,0.0
41.05,-114.649994,2019-10-17 00:00:00,0,0.0
41.05,-114.549995,2019-10-17 00:00:00,0,0.0
41.05,-114.45,2019-10-17 00:00:00,0,0.0
41.05,-114.35,2019-10-17 00:00:00,0,0.0
41.05,-114.24999,2019-10-17 00:00:00,0,0.0
41.150005,-124.34999,2019-10-17 00:00:00,0,0.0
41.150005,-124.25,2019-10-17 00:00:00,0,0.0
41.150005,-124.149994,2019-10-17 00:00:00,0,0.0
41.150005,-124.049995,2019-10-17 00:00:00,0,7.7880373
41.150005,-123.95,2019-10-17 00:00:00,0,6.557502
41.150005,-123.84999,2019-10-17 00:00:00,0,7.1390057
41.150005,-123.75,2019-10-17 00:00:00,0,7.275428
41.150005,-123.649994,2019-10-17 00:00:00,0,7.0164504
41.150005,-123.549995,2019-10-17 00:00:00,0,7.773257
41.150005,-123.45,2019-10-17 00:00:00,0,8.01908
41.150005,-123.34999,2019-10-17 00:00:00,0,9.437593
41.150005,-123.25,2019-10-17 00:00:00,0,10.72973
41.150005,-123.149994,2019-10-17 00:00:00,0,11.25854
41.150005,-123.049995,2019-10-17 00:00:00,0,10.463176
41.150005,-122.95,2019-10-17 00:00:00,0,9.6196995
41.150005,-122.84999,2019-10-17 00:00:00,0,8.181775
41.150005,-122.75,2019-10-17 00:00:00,0,6.683269
41.150005,-122.649994,2019-10-17 00:00:00,0,5.492911
41.150005,-122.549995,2019-10-17 00:00:00,0,4.221974
41.150005,-122.45,2019-10-17 00:00:00,0,3.60182
41.150005,-122.34999,2019-10-17 00:00:00,0,3.1545558
41.150005,-122.25,2019-10-17 00:00:00,0,3.0864875
41.150005,-122.149994,2019-10-17 00:00:00,0,2.3703742
41.150005,-122.049995,2019-10-17 00:00:00,0,2.2546473
41.150005,-121.95,2019-10-17 00:00:00,0,2.1508825
41.150005,-121.84999,2019-10-17 00:00:00,0,1.904697
41.150005,-121.75,2019-10-17 00:00:00,0,1.4765701
41.150005,-121.649994,2019-10-17 00:00:00,0,1.5748188
41.150005,-121.549995,2019-10-17 00:00:00,0,1.1369928
41.150005,-121.45,2019-10-17 00:00:00,0,1.0097734
41.150005,-121.34999,2019-10-17 00:00:00,0,0.82460994
41.150005,-121.25,2019-10-17 00:00:00,0,0.07532075
41.150005,-121.149994,2019-10-17 00:00:00,0,0.464991
41.150005,-121.049995,2019-10-17 00:00:00,0,0.55836123
41.150005,-120.95,2019-10-17 00:00:00,0,0.2075876
41.150005,-120.84999,2019-10-17 00:00:00,0,0.24240947
41.150005,-120.75,2019-10-17 00:00:00,0,0.13093096
41.150005,-120.649994,2019-10-17 00:00:00,0,0.20318481
41.150005,-120.549995,2019-10-17 00:00:00,0,0.3953897
41.150005,-120.45,2019-10-17 00:00:00,0,0.6297091
41.150005,-120.34999,2019-10-17 00:00:00,0,0.19241418
41.150005,-120.25,2019-10-17 00:00:00,0,0.016784083
41.150005,-120.149994,2019-10-17 00:00:00,0,0.01719242
41.150005,-120.049995,2019-10-17 00:00:00,0,0.41973367
41.150005,-119.95,2019-10-17 00:00:00,0,0.0
41.150005,-119.84999,2019-10-17 00:00:00,0,0.0
41.150005,-119.75,2019-10-17 00:00:00,0,0.0
41.150005,-119.649994,2019-10-17 00:00:00,0,0.0
41.150005,-119.549995,2019-10-17 00:00:00,0,0.0
41.150005,-119.45,2019-10-17 00:00:00,0,0.0
41.150005,-119.34999,2019-10-17 00:00:00,0,0.0
41.150005,-119.25,2019-10-17 00:00:00,0,0.0
41.150005,-119.149994,2019-10-17 00:00:00,0,0.0
41.150005,-119.049995,2019-10-17 00:00:00,0,0.0
41.150005,-118.95,2019-10-17 00:00:00,0,0.0
41.150005,-118.84999,2019-10-17 00:00:00,0,0.0
41.150005,-118.75,2019-10-17 00:00:00,0,0.0
41.150005,-118.649994,2019-10-17 00:00:00,0,0.0
41.150005,-118.549995,2019-10-17 00:00:00,0,0.0
41.150005,-118.45,2019-10-17 00:00:00,0,0.0
41.150005,-118.34999,2019-10-17 00:00:00,0,0.0
41.150005,-118.25,2019-10-17 00:00:00,0,0.0
41.150005,-118.149994,2019-10-17 00:00:00,0,0.0
41.150005,-118.049995,2019-10-17 00:00:00,0,0.0
41.150005,-117.95,2019-10-17 00:00:00,0,0.0
41.150005,-117.84999,2019-10-17 00:00:00,0,0.0
41.150005,-117.75,2019-10-17 00:00:00,0,0.0
41.150005,-117.649994,2019-10-17 00:00:00,0,0.0
41.150005,-117.549995,2019-10-17 00:00:00,0,0.0
41.150005,-117.45,2019-10-17 00:00:00,0,0.0
41.150005,-117.34999,2019-10-17 00:00:00,0,0.0
41.150005,-117.25,2019-10-17 00:00:00,0,0.0
41.150005,-117.149994,2019-10-17 00:00:00,0,0.0
41.150005,-117.049995,2019-10-17 00:00:00,0,0.0
41.150005,-116.95,2019-10-17 00:00:00,0,0.0
41.150005,-116.84999,2019-10-17 00:00:00,0,0.0
41.150005,-116.75,2019-10-17 00:00:00,0,0.0
41.150005,-116.649994,2019-10-17 00:00:00,0,0.0
41.150005,-116.549995,2019-10-17 00:00:00,0,0.0
41.150005,-116.45,2019-10-17 00:00:00,0,0.0
41.150005,-116.34999,2019-10-17 00:00:00,0,0.0
41.150005,-116.25,2019-10-17 00:00:00,0,0.0
41.150005,-116.149994,2019-10-17 00:00:00,0,0.0
41.150005,-116.049995,2019-10-17 00:00:00,0,0.0
41.150005,-115.95,2019-10-17 00:00:00,0,0.0
41.150005,-115.85,2019-10-17 00:00:00,0,0.0
41.150005,-115.74999,2019-10-17 00:00:00,0,0.0
41.150005,-115.649994,2019-10-17 00:00:00,0,0.0
41.150005,-115.549995,2019-10-17 00:00:00,0,0.0
41.150005,-115.45,2019-10-17 00:00:00,0,0.0
41.150005,-115.35,2019-10-17 00:00:00,0,0.0
41.150005,-115.24999,2019-10-17 00:00:00,0,0.0
41.150005,-115.149994,2019-10-17 00:00:00,0,0.0
41.150005,-115.049995,2019-10-17 00:00:00,0,0.0
41.150005,-114.95,2019-10-17 00:00:00,0,0.0
41.150005,-114.85,2019-10-17 00:00:00,0,0.0
41.150005,-114.74999,2019-10-17 00:00:00,0,0.0
41.150005,-114.649994,2019-10-17 00:00:00,0,0.0
41.150005,-114.549995,2019-10-17 00:00:00,0,0.0
41.150005,-114.45,2019-10-17 00:00:00,0,0.0
41.150005,-114.35,2019-10-17 00:00:00,0,0.0
41.150005,-114.24999,2019-10-17 00:00:00,0,0.0
41.249996,-124.34999,2019-10-17 00:00:00,0,0.0
41.249996,-124.25,2019-10-17 00:00:00,0,0.0
41.249996,-124.149994,2019-10-17 00:00:00,0,0.0
41.249996,-124.049995,2019-10-17 00:00:00,0,5.8587966
41.249996,-123.95,2019-10-17 00:00:00,0,7.1365
41.249996,-123.84999,2019-10-17 00:00:00,0,5.232619
41.249996,-123.75,2019-10-17 00:00:00,0,6.08196
41.249996,-123.649994,2019-10-17 00:00:00,0,6.0562797
41.249996,-123.549995,2019-10-17 00:00:00,0,7.112191
41.249996,-123.45,2019-10-17 00:00:00,0,7.784705
41.249996,-123.34999,2019-10-17 00:00:00,0,8.772398
41.249996,-123.25,2019-10-17 00:00:00,0,9.849838
41.249996,-123.149994,2019-10-17 00:00:00,0,9.986211
41.249996,-123.049995,2019-10-17 00:00:00,0,9.788684
41.249996,-122.95,2019-10-17 00:00:00,0,8.445865
41.249996,-122.84999,2019-10-17 00:00:00,0,6.845137
41.249996,-122.75,2019-10-17 00:00:00,0,5.992654
41.249996,-122.649994,2019-10-17 00:00:00,0,5.1440005
41.249996,-122.549995,2019-10-17 00:00:00,0,4.2473745
41.249996,-122.45,2019-10-17 00:00:00,0,3.5506217
41.249996,-122.34999,2019-10-17 00:00:00,0,3.4542346
41.249996,-122.25,2019-10-17 00:00:00,0,2.5392795
41.249996,-122.149994,2019-10-17 00:00:00,0,2.2771108
41.249996,-122.049995,2019-10-17 00:00:00,0,2.1232138
41.249996,-121.95,2019-10-17 00:00:00,0,1.7467841
41.249996,-121.84999,2019-10-17 00:00:00,0,1.0389172
41.249996,-121.75,2019-10-17 00:00:00,0,1.3311479
41.249996,-121.649994,2019-10-17 00:00:00,0,1.2098688
41.249996,-121.549995,2019-10-17 00:00:00,0,1.1663737
41.249996,-121.45,2019-10-17 00:00:00,0,0.9072808
41.249996,-121.34999,2019-10-17 00:00:00,0,0.48288482
41.249996,-121.25,2019-10-17 00:00:00,0,1.14494
41.249996,-121.149994,2019-10-17 00:00:00,0,1.0201169
41.249996,-121.049995,2019-10-17 00:00:00,0,0.3053485
41.249996,-120.95,2019-10-17 00:00:00,0,0.29437283
41.249996,-120.84999,2019-10-17 00:00:00,0,0.22083277
41.249996,-120.75,2019-10-17 00:00:00,0,0.18692218
41.249996,-120.649994,2019-10-17 00:00:00,0,0.35491428
41.249996,-120.549995,2019-10-17 00:00:00,0,0.6434735
41.249996,-120.45,2019-10-17 00:00:00,0,0.19281207
41.249996,-120.34999,2019-10-17 00:00:00,0,0.50115895
41.249996,-120.25,2019-10-17 00:00:00,0,0.3378441
41.249996,-120.149994,2019-10-17 00:00:00,0,0.09962898
41.249996,-120.049995,2019-10-17 00:00:00,0,0.4059122
41.249996,-119.95,2019-10-17 00:00:00,0,0.0
41.249996,-119.84999,2019-10-17 00:00:00,0,0.0
41.249996,-119.75,2019-10-17 00:00:00,0,0.0
41.249996,-119.649994,2019-10-17 00:00:00,0,0.0
41.249996,-119.549995,2019-10-17 00:00:00,0,0.0
41.249996,-119.45,2019-10-17 00:00:00,0,0.0
41.249996,-119.34999,2019-10-17 00:00:00,0,0.0
41.249996,-119.25,2019-10-17 00:00:00,0,0.0
41.249996,-119.149994,2019-10-17 00:00:00,0,0.0
41.249996,-119.049995,2019-10-17 00:00:00,0,0.0
41.249996,-118.95,2019-10-17 00:00:00,0,0.0
41.249996,-118.84999,2019-10-17 00:00:00,0,0.0
41.249996,-118.75,2019-10-17 00:00:00,0,0.0
41.249996,-118.649994,2019-10-17 00:00:00,0,0.0
41.249996,-118.549995,2019-10-17 00:00:00,0,0.0
41.249996,-118.45,2019-10-17 00:00:00,0,0.0
41.249996,-118.34999,2019-10-17 00:00:00,0,0.0
41.249996,-118.25,2019-10-17 00:00:00,0,0.0
41.249996,-118.149994,2019-10-17 00:00:00,0,0.0
41.249996,-118.049995,2019-10-17 00:00:00,0,0.0
41.249996,-117.95,2019-10-17 00:00:00,0,0.0
41.249996,-117.84999,2019-10-17 00:00:00,0,0.0
41.249996,-117.75,2019-10-17 00:00:00,0,0.0
41.249996,-117.649994,2019-10-17 00:00:00,0,0.0
41.249996,-117.549995,2019-10-17 00:00:00,0,0.0
41.249996,-117.45,2019-10-17 00:00:00,0,0.0
41.249996,-117.34999,2019-10-17 00:00:00,0,0.0
41.249996,-117.25,2019-10-17 00:00:00,0,0.0
41.249996,-117.149994,2019-10-17 00:00:00,0,0.0
41.249996,-117.049995,2019-10-17 00:00:00,0,0.0
41.249996,-116.95,2019-10-17 00:00:00,0,0.0
41.249996,-116.84999,2019-10-17 00:00:00,0,0.0
41.249996,-116.75,2019-10-17 00:00:00,0,0.0
41.249996,-116.649994,2019-10-17 00:00:00,0,0.0
41.249996,-116.549995,2019-10-17 00:00:00,0,0.0
41.249996,-116.45,2019-10-17 00:00:00,0,0.0
41.249996,-116.34999,2019-10-17 00:00:00,0,0.0
41.249996,-116.25,2019-10-17 00:00:00,0,0.0
41.249996,-116.149994,2019-10-17 00:00:00,0,0.0
41.249996,-116.049995,2019-10-17 00:00:00,0,0.0
41.249996,-115.95,2019-10-17 00:00:00,0,0.0
41.249996,-115.85,2019-10-17 00:00:00,0,0.0
41.249996,-115.74999,2019-10-17 00:00:00,0,0.0
41.249996,-115.649994,2019-10-17 00:00:00,0,0.0
41.249996,-115.549995,2019-10-17 00:00:00,0,0.0
41.249996,-115.45,2019-10-17 00:00:00,0,0.0
41.249996,-115.35,2019-10-17 00:00:00,0,0.0
41.249996,-115.24999,2019-10-17 00:00:00,0,0.0
41.249996,-115.149994,2019-10-17 00:00:00,0,0.0
41.249996,-115.049995,2019-10-17 00:00:00,0,0.0
41.249996,-114.95,2019-10-17 00:00:00,0,0.0
41.249996,-114.85,2019-10-17 00:00:00,0,0.0
41.249996,-114.74999,2019-10-17 00:00:00,0,0.0
41.249996,-114.649994,2019-10-17 00:00:00,0,0.0
41.249996,-114.549995,2019-10-17 00:00:00,0,0.0
41.249996,-114.45,2019-10-17 00:00:00,0,0.0
41.249996,-114.35,2019-10-17 00:00:00,0,0.0
41.249996,-114.24999,2019-10-17 00:00:00,0,0.0
41.350002,-124.34999,2019-10-17 00:00:00,0,0.0
41.350002,-124.25,2019-10-17 00:00:00,0,0.0
41.350002,-124.149994,2019-10-17 00:00:00,0,0.0
41.350002,-124.049995,2019-10-17 00:00:00,0,7.6389384
41.350002,-123.95,2019-10-17 00:00:00,0,6.3151417
41.350002,-123.84999,2019-10-17 00:00:00,0,5.883896
41.350002,-123.75,2019-10-17 00:00:00,0,6.4640474
41.350002,-123.649994,2019-10-17 00:00:00,0,6.382175
41.350002,-123.549995,2019-10-17 00:00:00,0,6.790001
41.350002,-123.45,2019-10-17 00:00:00,0,7.3847203
41.350002,-123.34999,2019-10-17 00:00:00,0,8.073964
41.350002,-123.25,2019-10-17 00:00:00,0,8.785234
41.350002,-123.149994,2019-10-17 00:00:00,0,8.95677
41.350002,-123.049995,2019-10-17 00:00:00,0,7.90948
41.350002,-122.95,2019-10-17 00:00:00,0,6.197902
41.350002,-122.84999,2019-10-17 00:00:00,0,4.824679
41.350002,-122.75,2019-10-17 00:00:00,0,3.7437956
41.350002,-122.649994,2019-10-17 00:00:00,0,3.7113822
41.350002,-122.549995,2019-10-17 00:00:00,0,3.2853024
41.350002,-122.45,2019-10-17 00:00:00,0,3.3359675
41.350002,-122.34999,2019-10-17 00:00:00,0,3.0233908
41.350002,-122.25,2019-10-17 00:00:00,0,2.8567188
41.350002,-122.149994,2019-10-17 00:00:00,0,2.8061612
41.350002,-122.049995,2019-10-17 00:00:00,0,2.4941556
41.350002,-121.95,2019-10-17 00:00:00,0,1.6377444
41.350002,-121.84999,2019-10-17 00:00:00,0,1.2738298
41.350002,-121.75,2019-10-17 00:00:00,0,1.1762718
41.350002,-121.649994,2019-10-17 00:00:00,0,0.8405833
41.350002,-121.549995,2019-10-17 00:00:00,0,0.7743914
41.350002,-121.45,2019-10-17 00:00:00,0,0.35162318
41.350002,-121.34999,2019-10-17 00:00:00,0,1.2809807
41.350002,-121.25,2019-10-17 00:00:00,0,1.7622945
41.350002,-121.149994,2019-10-17 00:00:00,0,0.76788014
41.350002,-121.049995,2019-10-17 00:00:00,0,0.38564175
41.350002,-120.95,2019-10-17 00:00:00,0,0.18903993
41.350002,-120.84999,2019-10-17 00:00:00,0,0.20417434
41.350002,-120.75,2019-10-17 00:00:00,0,0.593971
41.350002,-120.649994,2019-10-17 00:00:00,0,0.8225501
41.350002,-120.549995,2019-10-17 00:00:00,0,0.45119426
41.350002,-120.45,2019-10-17 00:00:00,0,0.4602515
41.350002,-120.34999,2019-10-17 00:00:00,0,0.69738793
41.350002,-120.25,2019-10-17 00:00:00,0,0.35685617
41.350002,-120.149994,2019-10-17 00:00:00,0,0.20569508
41.350002,-120.049995,2019-10-17 00:00:00,0,0.35875097
41.350002,-119.95,2019-10-17 00:00:00,0,0.0
41.350002,-119.84999,2019-10-17 00:00:00,0,0.0
41.350002,-119.75,2019-10-17 00:00:00,0,0.0
41.350002,-119.649994,2019-10-17 00:00:00,0,0.0
41.350002,-119.549995,2019-10-17 00:00:00,0,0.0
41.350002,-119.45,2019-10-17 00:00:00,0,0.0
41.350002,-119.34999,2019-10-17 00:00:00,0,0.0
41.350002,-119.25,2019-10-17 00:00:00,0,0.0
41.350002,-119.149994,2019-10-17 00:00:00,0,0.0
41.350002,-119.049995,2019-10-17 00:00:00,0,0.0
41.350002,-118.95,2019-10-17 00:00:00,0,0.0
41.350002,-118.84999,2019-10-17 00:00:00,0,0.0
41.350002,-118.75,2019-10-17 00:00:00,0,0.0
41.350002,-118.649994,2019-10-17 00:00:00,0,0.0
41.350002,-118.549995,2019-10-17 00:00:00,0,0.0
41.350002,-118.45,2019-10-17 00:00:00,0,0.0
41.350002,-118.34999,2019-10-17 00:00:00,0,0.0
41.350002,-118.25,2019-10-17 00:00:00,0,0.0
41.350002,-118.149994,2019-10-17 00:00:00,0,0.0
41.350002,-118.049995,2019-10-17 00:00:00,0,0.0
41.350002,-117.95,2019-10-17 00:00:00,0,0.0
41.350002,-117.84999,2019-10-17 00:00:00,0,0.0
41.350002,-117.75,2019-10-17 00:00:00,0,0.0
41.350002,-117.649994,2019-10-17 00:00:00,0,0.0
41.350002,-117.549995,2019-10-17 00:00:00,0,0.0
41.350002,-117.45,2019-10-17 00:00:00,0,0.0
41.350002,-117.34999,2019-10-17 00:00:00,0,0.0
41.350002,-117.25,2019-10-17 00:00:00,0,0.0
41.350002,-117.149994,2019-10-17 00:00:00,0,0.0
41.350002,-117.049995,2019-10-17 00:00:00,0,0.0
41.350002,-116.95,2019-10-17 00:00:00,0,0.0
41.350002,-116.84999,2019-10-17 00:00:00,0,0.0
41.350002,-116.75,2019-10-17 00:00:00,0,0.0
41.350002,-116.649994,2019-10-17 00:00:00,0,0.0
41.350002,-116.549995,2019-10-17 00:00:00,0,0.0
41.350002,-116.45,2019-10-17 00:00:00,0,0.0
41.350002,-116.34999,2019-10-17 00:00:00,0,0.0
41.350002,-116.25,2019-10-17 00:00:00,0,0.0
41.350002,-116.149994,2019-10-17 00:00:00,0,0.0
41.350002,-116.049995,2019-10-17 00:00:00,0,0.0
41.350002,-115.95,2019-10-17 00:00:00,0,0.0
41.350002,-115.85,2019-10-17 00:00:00,0,0.0
41.350002,-115.74999,2019-10-17 00:00:00,0,0.0
41.350002,-115.649994,2019-10-17 00:00:00,0,0.0
41.350002,-115.549995,2019-10-17 00:00:00,0,0.0
41.350002,-115.45,2019-10-17 00:00:00,0,0.0
41.350002,-115.35,2019-10-17 00:00:00,0,0.0
41.350002,-115.24999,2019-10-17 00:00:00,0,0.0
41.350002,-115.149994,2019-10-17 00:00:00,0,0.0
41.350002,-115.049995,2019-10-17 00:00:00,0,0.0
41.350002,-114.95,2019-10-17 00:00:00,0,0.0
41.350002,-114.85,2019-10-17 00:00:00,0,0.0
41.350002,-114.74999,2019-10-17 00:00:00,0,0.0
41.350002,-114.649994,2019-10-17 00:00:00,0,0.0
41.350002,-114.549995,2019-10-17 00:00:00,0,0.0
41.350002,-114.45,2019-10-17 00:00:00,0,0.0
41.350002,-114.35,2019-10-17 00:00:00,0,0.0
41.350002,-114.24999,2019-10-17 00:00:00,0,0.0
41.45001,-124.34999,2019-10-17 00:00:00,0,0.0
41.45001,-124.25,2019-10-17 00:00:00,0,0.0
41.45001,-124.149994,2019-10-17 00:00:00,0,0.0
41.45001,-124.049995,2019-10-17 00:00:00,0,8.830233
41.45001,-123.95,2019-10-17 00:00:00,0,7.2463655
41.45001,-123.84999,2019-10-17 00:00:00,0,6.255372
41.45001,-123.75,2019-10-17 00:00:00,0,5.6177015
41.45001,-123.649994,2019-10-17 00:00:00,0,5.643868
41.45001,-123.549995,2019-10-17 00:00:00,0,5.6112094
41.45001,-123.45,2019-10-17 00:00:00,0,5.544785
41.45001,-123.34999,2019-10-17 00:00:00,0,6.6526175
41.45001,-123.25,2019-10-17 00:00:00,0,7.4544187
41.45001,-123.149994,2019-10-17 00:00:00,0,7.5413003
41.45001,-123.049995,2019-10-17 00:00:00,0,6.8185854
41.45001,-122.95,2019-10-17 00:00:00,0,6.221153
41.45001,-122.84999,2019-10-17 00:00:00,0,5.361394
41.45001,-122.75,2019-10-17 00:00:00,0,4.7417536
41.45001,-122.649994,2019-10-17 00:00:00,0,4.6444926
41.45001,-122.549995,2019-10-17 00:00:00,0,5.4696794
41.45001,-122.45,2019-10-17 00:00:00,0,5.60926
41.45001,-122.34999,2019-10-17 00:00:00,0,5.843464
41.45001,-122.25,2019-10-17 00:00:00,0,5.8848977
41.45001,-122.149994,2019-10-17 00:00:00,0,5.034956
41.45001,-122.049995,2019-10-17 00:00:00,0,3.9689298
41.45001,-121.95,2019-10-17 00:00:00,0,2.8677156
41.45001,-121.84999,2019-10-17 00:00:00,0,1.9376793
41.45001,-121.75,2019-10-17 00:00:00,0,1.5486618
41.45001,-121.649994,2019-10-17 00:00:00,0,1.4376563
41.45001,-121.549995,2019-10-17 00:00:00,0,0.5596564
41.45001,-121.45,2019-10-17 00:00:00,0,0.47650194
41.45001,-121.34999,2019-10-17 00:00:00,0,0.4956516
41.45001,-121.25,2019-10-17 00:00:00,0,0.79287386
41.45001,-121.149994,2019-10-17 00:00:00,0,1.1703326
41.45001,-121.049995,2019-10-17 00:00:00,0,0.46182695
41.45001,-120.95,2019-10-17 00:00:00,0,0.41996545
41.45001,-120.84999,2019-10-17 00:00:00,0,0.7673013
41.45001,-120.75,2019-10-17 00:00:00,0,0.91248786
41.45001,-120.649994,2019-10-17 00:00:00,0,0.8105294
41.45001,-120.549995,2019-10-17 00:00:00,0,0.42450854
41.45001,-120.45,2019-10-17 00:00:00,0,0.5367866
41.45001,-120.34999,2019-10-17 00:00:00,0,0.52830106
41.45001,-120.25,2019-10-17 00:00:00,0,0.24064234
41.45001,-120.149994,2019-10-17 00:00:00,0,0.3450671
41.45001,-120.049995,2019-10-17 00:00:00,0,0.39066917
41.45001,-119.95,2019-10-17 00:00:00,0,0.0
41.45001,-119.84999,2019-10-17 00:00:00,0,0.0
41.45001,-119.75,2019-10-17 00:00:00,0,0.0
41.45001,-119.649994,2019-10-17 00:00:00,0,0.0
41.45001,-119.549995,2019-10-17 00:00:00,0,0.0
41.45001,-119.45,2019-10-17 00:00:00,0,0.0
41.45001,-119.34999,2019-10-17 00:00:00,0,0.0
41.45001,-119.25,2019-10-17 00:00:00,0,0.0
41.45001,-119.149994,2019-10-17 00:00:00,0,0.0
41.45001,-119.049995,2019-10-17 00:00:00,0,0.0
41.45001,-118.95,2019-10-17 00:00:00,0,0.0
41.45001,-118.84999,2019-10-17 00:00:00,0,0.0
41.45001,-118.75,2019-10-17 00:00:00,0,0.0
41.45001,-118.649994,2019-10-17 00:00:00,0,0.0
41.45001,-118.549995,2019-10-17 00:00:00,0,0.0
41.45001,-118.45,2019-10-17 00:00:00,0,0.0
41.45001,-118.34999,2019-10-17 00:00:00,0,0.0
41.45001,-118.25,2019-10-17 00:00:00,0,0.0
41.45001,-118.149994,2019-10-17 00:00:00,0,0.0
41.45001,-118.049995,2019-10-17 00:00:00,0,0.0
41.45001,-117.95,2019-10-17 00:00:00,0,0.0
41.45001,-117.84999,2019-10-17 00:00:00,0,0.0
41.45001,-117.75,2019-10-17 00:00:00,0,0.0
41.45001,-117.649994,2019-10-17 00:00:00,0,0.0
41.45001,-117.549995,2019-10-17 00:00:00,0,0.0
41.45001,-117.45,2019-10-17 00:00:00,0,0.0
41.45001,-117.34999,2019-10-17 00:00:00,0,0.0
41.45001,-117.25,2019-10-17 00:00:00,0,0.0
41.45001,-117.149994,2019-10-17 00:00:00,0,0.0
41.45001,-117.049995,2019-10-17 00:00:00,0,0.0
41.45001,-116.95,2019-10-17 00:00:00,0,0.0
41.45001,-116.84999,2019-10-17 00:00:00,0,0.0
41.45001,-116.75,2019-10-17 00:00:00,0,0.0
41.45001,-116.649994,2019-10-17 00:00:00,0,0.0
41.45001,-116.549995,2019-10-17 00:00:00,0,0.0
41.45001,-116.45,2019-10-17 00:00:00,0,0.0
41.45001,-116.34999,2019-10-17 00:00:00,0,0.0
41.45001,-116.25,2019-10-17 00:00:00,0,0.0
41.45001,-116.149994,2019-10-17 00:00:00,0,0.0
41.45001,-116.049995,2019-10-17 00:00:00,0,0.0
41.45001,-115.95,2019-10-17 00:00:00,0,0.0
41.45001,-115.85,2019-10-17 00:00:00,0,0.0
41.45001,-115.74999,2019-10-17 00:00:00,0,0.0
41.45001,-115.649994,2019-10-17 00:00:00,0,0.0
41.45001,-115.549995,2019-10-17 00:00:00,0,0.0
41.45001,-115.45,2019-10-17 00:00:00,0,0.0
41.45001,-115.35,2019-10-17 00:00:00,0,0.0
41.45001,-115.24999,2019-10-17 00:00:00,0,0.0
41.45001,-115.149994,2019-10-17 00:00:00,0,0.0
41.45001,-115.049995,2019-10-17 00:00:00,0,0.0
41.45001,-114.95,2019-10-17 00:00:00,0,0.0
41.45001,-114.85,2019-10-17 00:00:00,0,0.0
41.45001,-114.74999,2019-10-17 00:00:00,0,0.0
41.45001,-114.649994,2019-10-17 00:00:00,0,0.0
41.45001,-114.549995,2019-10-17 00:00:00,0,0.0
41.45001,-114.45,2019-10-17 00:00:00,0,0.0
41.45001,-114.35,2019-10-17 00:00:00,0,0.0
41.45001,-114.24999,2019-10-17 00:00:00,0,0.0
41.55,-124.34999,2019-10-17 00:00:00,0,0.0
41.55,-124.25,2019-10-17 00:00:00,0,0.0
41.55,-124.149994,2019-10-17 00:00:00,0,0.0
41.55,-124.049995,2019-10-17 00:00:00,0,8.817523
41.55,-123.95,2019-10-17 00:00:00,0,8.163932
41.55,-123.84999,2019-10-17 00:00:00,0,6.0978365
41.55,-123.75,2019-10-17 00:00:00,0,5.0674996
41.55,-123.649994,2019-10-17 00:00:00,0,4.909133
41.55,-123.549995,2019-10-17 00:00:00,0,4.4874396
41.55,-123.45,2019-10-17 00:00:00,0,5.3550215
41.55,-123.34999,2019-10-17 00:00:00,0,6.2418537
41.55,-123.25,2019-10-17 00:00:00,0,6.9990616
41.55,-123.149994,2019-10-17 00:00:00,0,6.5059185
41.55,-123.049995,2019-10-17 00:00:00,0,6.335854
41.55,-122.95,2019-10-17 00:00:00,0,6.2634764
41.55,-122.84999,2019-10-17 00:00:00,0,5.959874
41.55,-122.75,2019-10-17 00:00:00,0,5.8378344
41.55,-122.649994,2019-10-17 00:00:00,0,5.9211392
41.55,-122.549995,2019-10-17 00:00:00,0,5.8962593
41.55,-122.45,2019-10-17 00:00:00,0,5.98733
41.55,-122.34999,2019-10-17 00:00:00,0,5.9024215
41.55,-122.25,2019-10-17 00:00:00,0,5.145289
41.55,-122.149994,2019-10-17 00:00:00,0,3.8547256
41.55,-122.049995,2019-10-17 00:00:00,0,3.068325
41.55,-121.95,2019-10-17 00:00:00,0,2.1444376
41.55,-121.84999,2019-10-17 00:00:00,0,1.5367237
41.55,-121.75,2019-10-17 00:00:00,0,1.5667713
41.55,-121.649994,2019-10-17 00:00:00,0,0.8669728
41.55,-121.549995,2019-10-17 00:00:00,0,0.5768193
41.55,-121.45,2019-10-17 00:00:00,0,0.22794819
41.55,-121.34999,2019-10-17 00:00:00,0,0.23407663
41.55,-121.25,2019-10-17 00:00:00,0,0.24089798
41.55,-121.149994,2019-10-17 00:00:00,0,1.1636069
41.55,-121.049995,2019-10-17 00:00:00,0,0.97038674
41.55,-120.95,2019-10-17 00:00:00,0,1.4913918
41.55,-120.84999,2019-10-17 00:00:00,0,1.4383813
41.55,-120.75,2019-10-17 00:00:00,0,1.0838494
41.55,-120.649994,2019-10-17 00:00:00,0,0.26038224
41.55,-120.549995,2019-10-17 00:00:00,0,0.35423252
41.55,-120.45,2019-10-17 00:00:00,0,0.39417747
41.55,-120.34999,2019-10-17 00:00:00,0,0.30164406
41.55,-120.25,2019-10-17 00:00:00,0,0.06627366
41.55,-120.149994,2019-10-17 00:00:00,0,0.28973618
41.55,-120.049995,2019-10-17 00:00:00,0,0.27983233
41.55,-119.95,2019-10-17 00:00:00,0,0.0
41.55,-119.84999,2019-10-17 00:00:00,0,0.0
41.55,-119.75,2019-10-17 00:00:00,0,0.0
41.55,-119.649994,2019-10-17 00:00:00,0,0.0
41.55,-119.549995,2019-10-17 00:00:00,0,0.0
41.55,-119.45,2019-10-17 00:00:00,0,0.0
41.55,-119.34999,2019-10-17 00:00:00,0,0.0
41.55,-119.25,2019-10-17 00:00:00,0,0.0
41.55,-119.149994,2019-10-17 00:00:00,0,0.0
41.55,-119.049995,2019-10-17 00:00:00,0,0.0
41.55,-118.95,2019-10-17 00:00:00,0,0.0
41.55,-118.84999,2019-10-17 00:00:00,0,0.0
41.55,-118.75,2019-10-17 00:00:00,0,0.0
41.55,-118.649994,2019-10-17 00:00:00,0,0.0
41.55,-118.549995,2019-10-17 00:00:00,0,0.0
41.55,-118.45,2019-10-17 00:00:00,0,0.0
41.55,-118.34999,2019-10-17 00:00:00,0,0.0
41.55,-118.25,2019-10-17 00:00:00,0,0.0
41.55,-118.149994,2019-10-17 00:00:00,0,0.0
41.55,-118.049995,2019-10-17 00:00:00,0,0.0
41.55,-117.95,2019-10-17 00:00:00,0,0.0
41.55,-117.84999,2019-10-17 00:00:00,0,0.0
41.55,-117.75,2019-10-17 00:00:00,0,0.0
41.55,-117.649994,2019-10-17 00:00:00,0,0.0
41.55,-117.549995,2019-10-17 00:00:00,0,0.0
41.55,-117.45,2019-10-17 00:00:00,0,0.0
41.55,-117.34999,2019-10-17 00:00:00,0,0.0
41.55,-117.25,2019-10-17 00:00:00,0,0.0
41.55,-117.149994,2019-10-17 00:00:00,0,0.0
41.55,-117.049995,2019-10-17 00:00:00,0,0.0
41.55,-116.95,2019-10-17 00:00:00,0,0.0
41.55,-116.84999,2019-10-17 00:00:00,0,0.0
41.55,-116.75,2019-10-17 00:00:00,0,0.0
41.55,-116.649994,2019-10-17 00:00:00,0,0.0
41.55,-116.549995,2019-10-17 00:00:00,0,0.0
41.55,-116.45,2019-10-17 00:00:00,0,0.0
41.55,-116.34999,2019-10-17 00:00:00,0,0.0
41.55,-116.25,2019-10-17 00:00:00,0,0.0
41.55,-116.149994,2019-10-17 00:00:00,0,0.0
41.55,-116.049995,2019-10-17 00:00:00,0,0.0
41.55,-115.95,2019-10-17 00:00:00,0,0.0
41.55,-115.85,2019-10-17 00:00:00,0,0.0
41.55,-115.74999,2019-10-17 00:00:00,0,0.0
41.55,-115.649994,2019-10-17 00:00:00,0,0.0
41.55,-115.549995,2019-10-17 00:00:00,0,0.0
41.55,-115.45,2019-10-17 00:00:00,0,0.0
41.55,-115.35,2019-10-17 00:00:00,0,0.0
41.55,-115.24999,2019-10-17 00:00:00,0,0.0
41.55,-115.149994,2019-10-17 00:00:00,0,0.0
41.55,-115.049995,2019-10-17 00:00:00,0,0.0
41.55,-114.95,2019-10-17 00:00:00,0,0.0
41.55,-114.85,2019-10-17 00:00:00,0,0.0
41.55,-114.74999,2019-10-17 00:00:00,0,0.0
41.55,-114.649994,2019-10-17 00:00:00,0,0.0
41.55,-114.549995,2019-10-17 00:00:00,0,0.0
41.55,-114.45,2019-10-17 00:00:00,0,0.0
41.55,-114.35,2019-10-17 00:00:00,0,0.0
41.55,-114.24999,2019-10-17 00:00:00,0,0.0
41.650005,-124.34999,2019-10-17 00:00:00,0,0.0
41.650005,-124.25,2019-10-17 00:00:00,0,0.0
41.650005,-124.149994,2019-10-17 00:00:00,0,0.0
41.650005,-124.049995,2019-10-17 00:00:00,0,7.599672
41.650005,-123.95,2019-10-17 00:00:00,0,8.285927
41.650005,-123.84999,2019-10-17 00:00:00,0,7.1517215
41.650005,-123.75,2019-10-17 00:00:00,0,5.267265
41.650005,-123.649994,2019-10-17 00:00:00,0,3.8082256
41.650005,-123.549995,2019-10-17 00:00:00,0,4.1418777
41.650005,-123.45,2019-10-17 00:00:00,0,4.884928
41.650005,-123.34999,2019-10-17 00:00:00,0,5.521124
41.650005,-123.25,2019-10-17 00:00:00,0,5.0893984
41.650005,-123.149994,2019-10-17 00:00:00,0,4.892562
41.650005,-123.049995,2019-10-17 00:00:00,0,4.5791016
41.650005,-122.95,2019-10-17 00:00:00,0,4.2868137
41.650005,-122.84999,2019-10-17 00:00:00,0,3.5866888
41.650005,-122.75,2019-10-17 00:00:00,0,3.7745237
41.650005,-122.649994,2019-10-17 00:00:00,0,4.1609097
41.650005,-122.549995,2019-10-17 00:00:00,0,4.971659
41.650005,-122.45,2019-10-17 00:00:00,0,6.0180693
41.650005,-122.34999,2019-10-17 00:00:00,0,6.270026
41.650005,-122.25,2019-10-17 00:00:00,0,5.871343
41.650005,-122.149994,2019-10-17 00:00:00,0,5.127853
41.650005,-122.049995,2019-10-17 00:00:00,0,4.171824
41.650005,-121.95,2019-10-17 00:00:00,0,3.0234694
41.650005,-121.84999,2019-10-17 00:00:00,0,2.352657
41.650005,-121.75,2019-10-17 00:00:00,0,1.8701602
41.650005,-121.649994,2019-10-17 00:00:00,0,2.0176134
41.650005,-121.549995,2019-10-17 00:00:00,0,1.0181812
41.650005,-121.45,2019-10-17 00:00:00,0,0.42257035
41.650005,-121.34999,2019-10-17 00:00:00,0,0.37674928
41.650005,-121.25,2019-10-17 00:00:00,0,0.75348413
41.650005,-121.149994,2019-10-17 00:00:00,0,1.9727517
41.650005,-121.049995,2019-10-17 00:00:00,0,2.1767378
41.650005,-120.95,2019-10-17 00:00:00,0,2.5382755
41.650005,-120.84999,2019-10-17 00:00:00,0,2.3008947
41.650005,-120.75,2019-10-17 00:00:00,0,0.5435422
41.650005,-120.649994,2019-10-17 00:00:00,0,0.28071386
41.650005,-120.549995,2019-10-17 00:00:00,0,0.33976996
41.650005,-120.45,2019-10-17 00:00:00,0,0.23066236
41.650005,-120.34999,2019-10-17 00:00:00,0,0.024887726
41.650005,-120.25,2019-10-17 00:00:00,0,0.03573984
41.650005,-120.149994,2019-10-17 00:00:00,0,0.1189471
41.650005,-120.049995,2019-10-17 00:00:00,0,0.15453179
41.650005,-119.95,2019-10-17 00:00:00,0,0.0
41.650005,-119.84999,2019-10-17 00:00:00,0,0.0
41.650005,-119.75,2019-10-17 00:00:00,0,0.0
41.650005,-119.649994,2019-10-17 00:00:00,0,0.0
41.650005,-119.549995,2019-10-17 00:00:00,0,0.0
41.650005,-119.45,2019-10-17 00:00:00,0,0.0
41.650005,-119.34999,2019-10-17 00:00:00,0,0.0
41.650005,-119.25,2019-10-17 00:00:00,0,0.0
41.650005,-119.149994,2019-10-17 00:00:00,0,0.0
41.650005,-119.049995,2019-10-17 00:00:00,0,0.0
41.650005,-118.95,2019-10-17 00:00:00,0,0.0
41.650005,-118.84999,2019-10-17 00:00:00,0,0.0
41.650005,-118.75,2019-10-17 00:00:00,0,0.0
41.650005,-118.649994,2019-10-17 00:00:00,0,0.0
41.650005,-118.549995,2019-10-17 00:00:00,0,0.0
41.650005,-118.45,2019-10-17 00:00:00,0,0.0
41.650005,-118.34999,2019-10-17 00:00:00,0,0.0
41.650005,-118.25,2019-10-17 00:00:00,0,0.0
41.650005,-118.149994,2019-10-17 00:00:00,0,0.0
41.650005,-118.049995,2019-10-17 00:00:00,0,0.0
41.650005,-117.95,2019-10-17 00:00:00,0,0.0
41.650005,-117.84999,2019-10-17 00:00:00,0,0.0
41.650005,-117.75,2019-10-17 00:00:00,0,0.0
41.650005,-117.649994,2019-10-17 00:00:00,0,0.0
41.650005,-117.549995,2019-10-17 00:00:00,0,0.0
41.650005,-117.45,2019-10-17 00:00:00,0,0.0
41.650005,-117.34999,2019-10-17 00:00:00,0,0.0
41.650005,-117.25,2019-10-17 00:00:00,0,0.0
41.650005,-117.149994,2019-10-17 00:00:00,0,0.0
41.650005,-117.049995,2019-10-17 00:00:00,0,0.0
41.650005,-116.95,2019-10-17 00:00:00,0,0.0
41.650005,-116.84999,2019-10-17 00:00:00,0,0.0
41.650005,-116.75,2019-10-17 00:00:00,0,0.0
41.650005,-116.649994,2019-10-17 00:00:00,0,0.0
41.650005,-116.549995,2019-10-17 00:00:00,0,0.0
41.650005,-116.45,2019-10-17 00:00:00,0,0.0
41.650005,-116.34999,2019-10-17 00:00:00,0,0.0
41.650005,-116.25,2019-10-17 00:00:00,0,0.0
41.650005,-116.149994,2019-10-17 00:00:00,0,0.0
41.650005,-116.049995,2019-10-17 00:00:00,0,0.0
41.650005,-115.95,2019-10-17 00:00:00,0,0.0
41.650005,-115.85,2019-10-17 00:00:00,0,0.0
41.650005,-115.74999,2019-10-17 00:00:00,0,0.0
41.650005,-115.649994,2019-10-17 00:00:00,0,0.0
41.650005,-115.549995,2019-10-17 00:00:00,0,0.0
41.650005,-115.45,2019-10-17 00:00:00,0,0.0
41.650005,-115.35,2019-10-17 00:00:00,0,0.0
41.650005,-115.24999,2019-10-17 00:00:00,0,0.0
41.650005,-115.149994,2019-10-17 00:00:00,0,0.0
41.650005,-115.049995,2019-10-17 00:00:00,0,0.0
41.650005,-114.95,2019-10-17 00:00:00,0,0.0
41.650005,-114.85,2019-10-17 00:00:00,0,0.0
41.650005,-114.74999,2019-10-17 00:00:00,0,0.0
41.650005,-114.649994,2019-10-17 00:00:00,0,0.0
41.650005,-114.549995,2019-10-17 00:00:00,0,0.0
41.650005,-114.45,2019-10-17 00:00:00,0,0.0
41.650005,-114.35,2019-10-17 00:00:00,0,0.0
41.650005,-114.24999,2019-10-17 00:00:00,0,0.0
41.749996,-124.34999,2019-10-17 00:00:00,0,0.0
41.749996,-124.25,2019-10-17 00:00:00,0,0.0
41.749996,-124.149994,2019-10-17 00:00:00,0,7.361641
41.749996,-124.049995,2019-10-17 00:00:00,0,8.304026
41.749996,-123.95,2019-10-17 00:00:00,0,8.527527
41.749996,-123.84999,2019-10-17 00:00:00,0,8.551473
41.749996,-123.75,2019-10-17 00:00:00,0,5.690438
41.749996,-123.649994,2019-10-17 00:00:00,0,4.1480794
41.749996,-123.549995,2019-10-17 00:00:00,0,3.6641524
41.749996,-123.45,2019-10-17 00:00:00,0,4.1159816
41.749996,-123.34999,2019-10-17 00:00:00,0,4.0432763
41.749996,-123.25,2019-10-17 00:00:00,0,3.923012
41.749996,-123.149994,2019-10-17 00:00:00,0,4.090567
41.749996,-123.049995,2019-10-17 00:00:00,0,4.016807
41.749996,-122.95,2019-10-17 00:00:00,0,3.9719388
41.749996,-122.84999,2019-10-17 00:00:00,0,3.99135
41.749996,-122.75,2019-10-17 00:00:00,0,4.031048
41.749996,-122.649994,2019-10-17 00:00:00,0,4.395052
41.749996,-122.549995,2019-10-17 00:00:00,0,5.534312
41.749996,-122.45,2019-10-17 00:00:00,0,6.1844053
41.749996,-122.34999,2019-10-17 00:00:00,0,6.490739
41.749996,-122.25,2019-10-17 00:00:00,0,6.246209
41.749996,-122.149994,2019-10-17 00:00:00,0,5.5019364
41.749996,-122.049995,2019-10-17 00:00:00,0,4.5406528
41.749996,-121.95,2019-10-17 00:00:00,0,3.5740535
41.749996,-121.84999,2019-10-17 00:00:00,0,2.662272
41.749996,-121.75,2019-10-17 00:00:00,0,2.3012586
41.749996,-121.649994,2019-10-17 00:00:00,0,2.2379816
41.749996,-121.549995,2019-10-17 00:00:00,0,2.450741
41.749996,-121.45,2019-10-17 00:00:00,0,3.0781913
41.749996,-121.34999,2019-10-17 00:00:00,0,2.866096
41.749996,-121.25,2019-10-17 00:00:00,0,3.2491336
41.749996,-121.149994,2019-10-17 00:00:00,0,2.8675008
41.749996,-121.049995,2019-10-17 00:00:00,0,1.9888407
41.749996,-120.95,2019-10-17 00:00:00,0,3.35703
41.749996,-120.84999,2019-10-17 00:00:00,0,2.2214134
41.749996,-120.75,2019-10-17 00:00:00,0,1.1106671
41.749996,-120.649994,2019-10-17 00:00:00,0,0.5957044
41.749996,-120.549995,2019-10-17 00:00:00,0,0.38618
41.749996,-120.45,2019-10-17 00:00:00,0,0.18853791
41.749996,-120.34999,2019-10-17 00:00:00,0,0.11350262
41.749996,-120.25,2019-10-17 00:00:00,0,0.0884591
41.749996,-120.149994,2019-10-17 00:00:00,0,0.07077564
41.749996,-120.049995,2019-10-17 00:00:00,0,0.064497754
41.749996,-119.95,2019-10-17 00:00:00,0,0.0
41.749996,-119.84999,2019-10-17 00:00:00,0,0.0
41.749996,-119.75,2019-10-17 00:00:00,0,0.0
41.749996,-119.649994,2019-10-17 00:00:00,0,0.0
41.749996,-119.549995,2019-10-17 00:00:00,0,0.0
41.749996,-119.45,2019-10-17 00:00:00,0,0.0
41.749996,-119.34999,2019-10-17 00:00:00,0,0.0
41.749996,-119.25,2019-10-17 00:00:00,0,0.0
41.749996,-119.149994,2019-10-17 00:00:00,0,0.0
41.749996,-119.049995,2019-10-17 00:00:00,0,0.0
41.749996,-118.95,2019-10-17 00:00:00,0,0.0
41.749996,-118.84999,2019-10-17 00:00:00,0,0.0
41.749996,-118.75,2019-10-17 00:00:00,0,0.0
41.749996,-118.649994,2019-10-17 00:00:00,0,0.0
41.749996,-118.549995,2019-10-17 00:00:00,0,0.0
41.749996,-118.45,2019-10-17 00:00:00,0,0.0
41.749996,-118.34999,2019-10-17 00:00:00,0,0.0
41.749996,-118.25,2019-10-17 00:00:00,0,0.0
41.749996,-118.149994,2019-10-17 00:00:00,0,0.0
41.749996,-118.049995,2019-10-17 00:00:00,0,0.0
41.749996,-117.95,2019-10-17 00:00:00,0,0.0
41.749996,-117.84999,2019-10-17 00:00:00,0,0.0
41.749996,-117.75,2019-10-17 00:00:00,0,0.0
41.749996,-117.649994,2019-10-17 00:00:00,0,0.0
41.749996,-117.549995,2019-10-17 00:00:00,0,0.0
41.749996,-117.45,2019-10-17 00:00:00,0,0.0
41.749996,-117.34999,2019-10-17 00:00:00,0,0.0
41.749996,-117.25,2019-10-17 00:00:00,0,0.0
41.749996,-117.149994,2019-10-17 00:00:00,0,0.0
41.749996,-117.049995,2019-10-17 00:00:00,0,0.0
41.749996,-116.95,2019-10-17 00:00:00,0,0.0
41.749996,-116.84999,2019-10-17 00:00:00,0,0.0
41.749996,-116.75,2019-10-17 00:00:00,0,0.0
41.749996,-116.649994,2019-10-17 00:00:00,0,0.0
41.749996,-116.549995,2019-10-17 00:00:00,0,0.0
41.749996,-116.45,2019-10-17 00:00:00,0,0.0
41.749996,-116.34999,2019-10-17 00:00:00,0,0.0
41.749996,-116.25,2019-10-17 00:00:00,0,0.0
41.749996,-116.149994,2019-10-17 00:00:00,0,0.0
41.749996,-116.049995,2019-10-17 00:00:00,0,0.0
41.749996,-115.95,2019-10-17 00:00:00,0,0.0
41.749996,-115.85,2019-10-17 00:00:00,0,0.0
41.749996,-115.74999,2019-10-17 00:00:00,0,0.0
41.749996,-115.649994,2019-10-17 00:00:00,0,0.0
41.749996,-115.549995,2019-10-17 00:00:00,0,0.0
41.749996,-115.45,2019-10-17 00:00:00,0,0.0
41.749996,-115.35,2019-10-17 00:00:00,0,0.0
41.749996,-115.24999,2019-10-17 00:00:00,0,0.0
41.749996,-115.149994,2019-10-17 00:00:00,0,0.0
41.749996,-115.049995,2019-10-17 00:00:00,0,0.0
41.749996,-114.95,2019-10-17 00:00:00,0,0.0
41.749996,-114.85,2019-10-17 00:00:00,0,0.0
41.749996,-114.74999,2019-10-17 00:00:00,0,0.0
41.749996,-114.649994,2019-10-17 00:00:00,0,0.0
41.749996,-114.549995,2019-10-17 00:00:00,0,0.0
41.749996,-114.45,2019-10-17 00:00:00,0,0.0
41.749996,-114.35,2019-10-17 00:00:00,0,0.0
41.749996,-114.24999,2019-10-17 00:00:00,0,0.0
41.850002,-124.34999,2019-10-17 00:00:00,0,0.0
41.850002,-124.25,2019-10-17 00:00:00,0,0.0
41.850002,-124.149994,2019-10-17 00:00:00,0,10.117729
41.850002,-124.049995,2019-10-17 00:00:00,0,12.34965
41.850002,-123.95,2019-10-17 00:00:00,0,12.869778
41.850002,-123.84999,2019-10-17 00:00:00,0,10.287926
41.850002,-123.75,2019-10-17 00:00:00,0,7.1013227
41.850002,-123.649994,2019-10-17 00:00:00,0,4.495475
41.850002,-123.549995,2019-10-17 00:00:00,0,4.472017
41.850002,-123.45,2019-10-17 00:00:00,0,3.928939
41.850002,-123.34999,2019-10-17 00:00:00,0,3.7700431
41.850002,-123.25,2019-10-17 00:00:00,0,4.0755816
41.850002,-123.149994,2019-10-17 00:00:00,0,3.9694207
41.850002,-123.049995,2019-10-17 00:00:00,0,4.1385174
41.850002,-122.95,2019-10-17 00:00:00,0,3.809311
41.850002,-122.84999,2019-10-17 00:00:00,0,3.552858
41.850002,-122.75,2019-10-17 00:00:00,0,3.4702802
41.850002,-122.649994,2019-10-17 00:00:00,0,4.3589587
41.850002,-122.549995,2019-10-17 00:00:00,0,5.0177674
41.850002,-122.45,2019-10-17 00:00:00,0,5.6542754
41.850002,-122.34999,2019-10-17 00:00:00,0,6.1314197
41.850002,-122.25,2019-10-17 00:00:00,0,6.1549945
41.850002,-122.149994,2019-10-17 00:00:00,0,7.179
41.850002,-122.049995,2019-10-17 00:00:00,0,5.226706
41.850002,-121.95,2019-10-17 00:00:00,0,4.019013
41.850002,-121.84999,2019-10-17 00:00:00,0,3.1676083
41.850002,-121.75,2019-10-17 00:00:00,0,3.0305362
41.850002,-121.649994,2019-10-17 00:00:00,0,2.7166977
41.850002,-121.549995,2019-10-17 00:00:00,0,2.7930875
41.850002,-121.45,2019-10-17 00:00:00,0,3.1481187
41.850002,-121.34999,2019-10-17 00:00:00,0,2.8112142
41.850002,-121.25,2019-10-17 00:00:00,0,3.208985
41.850002,-121.149994,2019-10-17 00:00:00,0,2.9059198
41.850002,-121.049995,2019-10-17 00:00:00,0,2.5747893
41.850002,-120.95,2019-10-17 00:00:00,0,2.4485574
41.850002,-120.84999,2019-10-17 00:00:00,0,2.8159556
41.850002,-120.75,2019-10-17 00:00:00,0,2.1853163
41.850002,-120.649994,2019-10-17 00:00:00,0,1.2822597
41.850002,-120.549995,2019-10-17 00:00:00,0,0.68320537
41.850002,-120.45,2019-10-17 00:00:00,0,0.41440853
41.850002,-120.34999,2019-10-17 00:00:00,0,0.27013496
41.850002,-120.25,2019-10-17 00:00:00,0,0.35332766
41.850002,-120.149994,2019-10-17 00:00:00,0,0.44035885
41.850002,-120.049995,2019-10-17 00:00:00,0,0.21176533
41.850002,-119.95,2019-10-17 00:00:00,0,0.0
41.850002,-119.84999,2019-10-17 00:00:00,0,0.0
41.850002,-119.75,2019-10-17 00:00:00,0,0.0
41.850002,-119.649994,2019-10-17 00:00:00,0,0.0
41.850002,-119.549995,2019-10-17 00:00:00,0,0.0
41.850002,-119.45,2019-10-17 00:00:00,0,0.0
41.850002,-119.34999,2019-10-17 00:00:00,0,0.0
41.850002,-119.25,2019-10-17 00:00:00,0,0.0
41.850002,-119.149994,2019-10-17 00:00:00,0,0.0
41.850002,-119.049995,2019-10-17 00:00:00,0,0.0
41.850002,-118.95,2019-10-17 00:00:00,0,0.0
41.850002,-118.84999,2019-10-17 00:00:00,0,0.0
41.850002,-118.75,2019-10-17 00:00:00,0,0.0
41.850002,-118.649994,2019-10-17 00:00:00,0,0.0
41.850002,-118.549995,2019-10-17 00:00:00,0,0.0
41.850002,-118.45,2019-10-17 00:00:00,0,0.0
41.850002,-118.34999,2019-10-17 00:00:00,0,0.0
41.850002,-118.25,2019-10-17 00:00:00,0,0.0
41.850002,-118.149994,2019-10-17 00:00:00,0,0.0
41.850002,-118.049995,2019-10-17 00:00:00,0,0.0
41.850002,-117.95,2019-10-17 00:00:00,0,0.0
41.850002,-117.84999,2019-10-17 00:00:00,0,0.0
41.850002,-117.75,2019-10-17 00:00:00,0,0.0
41.850002,-117.649994,2019-10-17 00:00:00,0,0.0
41.850002,-117.549995,2019-10-17 00:00:00,0,0.0
41.850002,-117.45,2019-10-17 00:00:00,0,0.0
41.850002,-117.34999,2019-10-17 00:00:00,0,0.0
41.850002,-117.25,2019-10-17 00:00:00,0,0.0
41.850002,-117.149994,2019-10-17 00:00:00,0,0.0
41.850002,-117.049995,2019-10-17 00:00:00,0,0.0
41.850002,-116.95,2019-10-17 00:00:00,0,0.0
41.850002,-116.84999,2019-10-17 00:00:00,0,0.0
41.850002,-116.75,2019-10-17 00:00:00,0,0.0
41.850002,-116.649994,2019-10-17 00:00:00,0,0.0
41.850002,-116.549995,2019-10-17 00:00:00,0,0.0
41.850002,-116.45,2019-10-17 00:00:00,0,0.0
41.850002,-116.34999,2019-10-17 00:00:00,0,0.0
41.850002,-116.25,2019-10-17 00:00:00,0,0.0
41.850002,-116.149994,2019-10-17 00:00:00,0,0.0
41.850002,-116.049995,2019-10-17 00:00:00,0,0.0
41.850002,-115.95,2019-10-17 00:00:00,0,0.0
41.850002,-115.85,2019-10-17 00:00:00,0,0.0
41.850002,-115.74999,2019-10-17 00:00:00,0,0.0
41.850002,-115.649994,2019-10-17 00:00:00,0,0.0
41.850002,-115.549995,2019-10-17 00:00:00,0,0.0
41.850002,-115.45,2019-10-17 00:00:00,0,0.0
41.850002,-115.35,2019-10-17 00:00:00,0,0.0
41.850002,-115.24999,2019-10-17 00:00:00,0,0.0
41.850002,-115.149994,2019-10-17 00:00:00,0,0.0
41.850002,-115.049995,2019-10-17 00:00:00,0,0.0
41.850002,-114.95,2019-10-17 00:00:00,0,0.0
41.850002,-114.85,2019-10-17 00:00:00,0,0.0
41.850002,-114.74999,2019-10-17 00:00:00,0,0.0
41.850002,-114.649994,2019-10-17 00:00:00,0,0.0
41.850002,-114.549995,2019-10-17 00:00:00,0,0.0
41.850002,-114.45,2019-10-17 00:00:00,0,0.0
41.850002,-114.35,2019-10-17 00:00:00,0,0.0
41.850002,-114.24999,2019-10-17 00:00:00,0,0.0
41.95001,-124.34999,2019-10-17 00:00:00,0,0.0
41.95001,-124.25,2019-10-17 00:00:00,0,0.0
41.95001,-124.149994,2019-10-17 00:00:00,0,9.415581
41.95001,-124.049995,2019-10-17 00:00:00,0,12.3305435
41.95001,-123.95,2019-10-17 00:00:00,0,13.425484
41.95001,-123.84999,2019-10-17 00:00:00,0,11.465197
41.95001,-123.75,2019-10-17 00:00:00,0,8.460575
41.95001,-123.649994,2019-10-17 00:00:00,0,6.156262
41.95001,-123.549995,2019-10-17 00:00:00,0,4.68027
41.95001,-123.45,2019-10-17 00:00:00,0,4.453115
41.95001,-123.34999,2019-10-17 00:00:00,0,4.4392667
41.95001,-123.25,2019-10-17 00:00:00,0,4.9666185
41.95001,-123.149994,2019-10-17 00:00:00,0,5.3309956
41.95001,-123.049995,2019-10-17 00:00:00,0,5.4449363
41.95001,-122.95,2019-10-17 00:00:00,0,5.070558
41.95001,-122.84999,2019-10-17 00:00:00,0,5.0011487
41.95001,-122.75,2019-10-17 00:00:00,0,5.030635
41.95001,-122.649994,2019-10-17 00:00:00,0,5.6870227
41.95001,-122.549995,2019-10-17 00:00:00,0,6.2085667
41.95001,-122.45,2019-10-17 00:00:00,0,6.533355
41.95001,-122.34999,2019-10-17 00:00:00,0,6.3873796
41.95001,-122.25,2019-10-17 00:00:00,0,6.4272966
41.95001,-122.149994,2019-10-17 00:00:00,0,6.94285
41.95001,-122.049995,2019-10-17 00:00:00,0,6.4226885
41.95001,-121.95,2019-10-17 00:00:00,0,5.356733
41.95001,-121.84999,2019-10-17 00:00:00,0,3.98606
41.95001,-121.75,2019-10-17 00:00:00,0,3.5339172
41.95001,-121.649994,2019-10-17 00:00:00,0,3.5656621
41.95001,-121.549995,2019-10-17 00:00:00,0,2.9515219
41.95001,-121.45,2019-10-17 00:00:00,0,2.7861793
41.95001,-121.34999,2019-10-17 00:00:00,0,2.3657765
41.95001,-121.25,2019-10-17 00:00:00,0,2.171227
41.95001,-121.149994,2019-10-17 00:00:00,0,1.9051218
41.95001,-121.049995,2019-10-17 00:00:00,0,1.244738
41.95001,-120.95,2019-10-17 00:00:00,0,1.1872958
41.95001,-120.84999,2019-10-17 00:00:00,0,1.768761
41.95001,-120.75,2019-10-17 00:00:00,0,1.9379015
41.95001,-120.649994,2019-10-17 00:00:00,0,1.3923669
41.95001,-120.549995,2019-10-17 00:00:00,0,1.0117629
41.95001,-120.45,2019-10-17 00:00:00,0,0.79859614
41.95001,-120.34999,2019-10-17 00:00:00,0,0.6211277
41.95001,-120.25,2019-10-17 00:00:00,0,0.46226633
41.95001,-120.149994,2019-10-17 00:00:00,0,0.26896146
41.95001,-120.049995,2019-10-17 00:00:00,0,0.1620592
41.95001,-119.95,2019-10-17 00:00:00,0,0.0
41.95001,-119.84999,2019-10-17 00:00:00,0,0.0
41.95001,-119.75,2019-10-17 00:00:00,0,0.0
41.95001,-119.649994,2019-10-17 00:00:00,0,0.0
41.95001,-119.549995,2019-10-17 00:00:00,0,0.0
41.95001,-119.45,2019-10-17 00:00:00,0,0.0
41.95001,-119.34999,2019-10-17 00:00:00,0,0.0
41.95001,-119.25,2019-10-17 00:00:00,0,0.0
41.95001,-119.149994,2019-10-17 00:00:00,0,0.0
41.95001,-119.049995,2019-10-17 00:00:00,0,0.0
41.95001,-118.95,2019-10-17 00:00:00,0,0.0
41.95001,-118.84999,2019-10-17 00:00:00,0,0.0
41.95001,-118.75,2019-10-17 00:00:00,0,0.0
41.95001,-118.649994,2019-10-17 00:00:00,0,0.0
41.95001,-118.549995,2019-10-17 00:00:00,0,0.0
41.95001,-118.45,2019-10-17 00:00:00,0,0.0
41.95001,-118.34999,2019-10-17 00:00:00,0,0.0
41.95001,-118.25,2019-10-17 00:00:00,0,0.0
41.95001,-118.149994,2019-10-17 00:00:00,0,0.0
41.95001,-118.049995,2019-10-17 00:00:00,0,0.0
41.95001,-117.95,2019-10-17 00:00:00,0,0.0
41.95001,-117.84999,2019-10-17 00:00:00,0,0.0
41.95001,-117.75,2019-10-17 00:00:00,0,0.0
41.95001,-117.649994,2019-10-17 00:00:00,0,0.0
41.95001,-117.549995,2019-10-17 00:00:00,0,0.0
41.95001,-117.45,2019-10-17 00:00:00,0,0.0
41.95001,-117.34999,2019-10-17 00:00:00,0,0.0
41.95001,-117.25,2019-10-17 00:00:00,0,0.0
41.95001,-117.149994,2019-10-17 00:00:00,0,0.0
41.95001,-117.049995,2019-10-17 00:00:00,0,0.0
41.95001,-116.95,2019-10-17 00:00:00,0,0.0
41.95001,-116.84999,2019-10-17 00:00:00,0,0.0
41.95001,-116.75,2019-10-17 00:00:00,0,0.0
41.95001,-116.649994,2019-10-17 00:00:00,0,0.0
41.95001,-116.549995,2019-10-17 00:00:00,0,0.0
41.95001,-116.45,2019-10-17 00:00:00,0,0.0
41.95001,-116.34999,2019-10-17 00:00:00,0,0.0
41.95001,-116.25,2019-10-17 00:00:00,0,0.0
41.95001,-116.149994,2019-10-17 00:00:00,0,0.0
41.95001,-116.049995,2019-10-17 00:00:00,0,0.0
41.95001,-115.95,2019-10-17 00:00:00,0,0.0
41.95001,-115.85,2019-10-17 00:00:00,0,0.0
41.95001,-115.74999,2019-10-17 00:00:00,0,0.0
41.95001,-115.649994,2019-10-17 00:00:00,0,0.0
41.95001,-115.549995,2019-10-17 00:00:00,0,0.0
41.95001,-115.45,2019-10-17 00:00:00,0,0.0
41.95001,-115.35,2019-10-17 00:00:00,0,0.0
41.95001,-115.24999,2019-10-17 00:00:00,0,0.0
41.95001,-115.149994,2019-10-17 00:00:00,0,0.0
41.95001,-115.049995,2019-10-17 00:00:00,0,0.0
41.95001,-114.95,2019-10-17 00:00:00,0,0.0
41.95001,-114.85,2019-10-17 00:00:00,0,0.0
41.95001,-114.74999,2019-10-17 00:00:00,0,0.0
41.95001,-114.649994,2019-10-17 00:00:00,0,0.0
41.95001,-114.549995,2019-10-17 00:00:00,0,0.0
41.95001,-114.45,2019-10-17 00:00:00,0,0.0
41.95001,-114.35,2019-10-17 00:00:00,0,0.0
41.95001,-114.24999,2019-10-17 00:00:00,0,0.0
