lat,lon,time,spatial_ref,precipitationCal
32.55,-124.34999,2021-09-27 00:00:00,0,0.0
32.55,-124.25,2021-09-27 00:00:00,0,0.0
32.55,-124.149994,2021-09-27 00:00:00,0,0.0
32.55,-124.049995,2021-09-27 00:00:00,0,0.0
32.55,-123.95,2021-09-27 00:00:00,0,0.0
32.55,-123.84999,2021-09-27 00:00:00,0,0.0
32.55,-123.75,2021-09-27 00:00:00,0,0.0
32.55,-123.649994,2021-09-27 00:00:00,0,0.0
32.55,-123.549995,2021-09-27 00:00:00,0,0.0
32.55,-123.45,2021-09-27 00:00:00,0,0.0
32.55,-123.34999,2021-09-27 00:00:00,0,0.0
32.55,-123.25,2021-09-27 00:00:00,0,0.0
32.55,-123.149994,2021-09-27 00:00:00,0,0.0
32.55,-123.049995,2021-09-27 00:00:00,0,0.0
32.55,-122.95,2021-09-27 00:00:00,0,0.0
32.55,-122.84999,2021-09-27 00:00:00,0,0.0
32.55,-122.75,2021-09-27 00:00:00,0,0.0
32.55,-122.649994,2021-09-27 00:00:00,0,0.0
32.55,-122.549995,2021-09-27 00:00:00,0,0.0
32.55,-122.45,2021-09-27 00:00:00,0,0.0
32.55,-122.34999,2021-09-27 00:00:00,0,0.0
32.55,-122.25,2021-09-27 00:00:00,0,0.0
32.55,-122.149994,2021-09-27 00:00:00,0,0.0
32.55,-122.049995,2021-09-27 00:00:00,0,0.0
32.55,-121.95,2021-09-27 00:00:00,0,0.0
32.55,-121.84999,2021-09-27 00:00:00,0,0.0
32.55,-121.75,2021-09-27 00:00:00,0,0.0
32.55,-121.649994,2021-09-27 00:00:00,0,0.0
32.55,-121.549995,2021-09-27 00:00:00,0,0.0
32.55,-121.45,2021-09-27 00:00:00,0,0.0
32.55,-121.34999,2021-09-27 00:00:00,0,0.0
32.55,-121.25,2021-09-27 00:00:00,0,0.0
32.55,-121.149994,2021-09-27 00:00:00,0,0.0
32.55,-121.049995,2021-09-27 00:00:00,0,0.0
32.55,-120.95,2021-09-27 00:00:00,0,0.0
32.55,-120.84999,2021-09-27 00:00:00,0,0.0
32.55,-120.75,2021-09-27 00:00:00,0,0.0
32.55,-120.649994,2021-09-27 00:00:00,0,0.0
32.55,-120.549995,2021-09-27 00:00:00,0,0.0
32.55,-120.45,2021-09-27 00:00:00,0,0.0
32.55,-120.34999,2021-09-27 00:00:00,0,0.0
32.55,-120.25,2021-09-27 00:00:00,0,0.0
32.55,-120.149994,2021-09-27 00:00:00,0,0.0
32.55,-120.049995,2021-09-27 00:00:00,0,0.0
32.55,-119.95,2021-09-27 00:00:00,0,0.0
32.55,-119.84999,2021-09-27 00:00:00,0,0.0
32.55,-119.75,2021-09-27 00:00:00,0,0.0
32.55,-119.649994,2021-09-27 00:00:00,0,0.0
32.55,-119.549995,2021-09-27 00:00:00,0,0.0
32.55,-119.45,2021-09-27 00:00:00,0,0.0
32.55,-119.34999,2021-09-27 00:00:00,0,0.0
32.55,-119.25,2021-09-27 00:00:00,0,0.0
32.55,-119.149994,2021-09-27 00:00:00,0,0.0
32.55,-119.049995,2021-09-27 00:00:00,0,0.0
32.55,-118.95,2021-09-27 00:00:00,0,0.0
32.55,-118.84999,2021-09-27 00:00:00,0,0.0
32.55,-118.75,2021-09-27 00:00:00,0,0.0
32.55,-118.649994,2021-09-27 00:00:00,0,0.0
32.55,-118.549995,2021-09-27 00:00:00,0,0.0
32.55,-118.45,2021-09-27 00:00:00,0,0.0
32.55,-118.34999,2021-09-27 00:00:00,0,0.0
32.55,-118.25,2021-09-27 00:00:00,0,0.0
32.55,-118.149994,2021-09-27 00:00:00,0,0.0
32.55,-118.049995,2021-09-27 00:00:00,0,0.0
32.55,-117.95,2021-09-27 00:00:00,0,0.0
32.55,-117.84999,2021-09-27 00:00:00,0,0.0
32.55,-117.75,2021-09-27 00:00:00,0,0.0
32.55,-117.649994,2021-09-27 00:00:00,0,0.0
32.55,-117.549995,2021-09-27 00:00:00,0,0.0
32.55,-117.45,2021-09-27 00:00:00,0,0.0
32.55,-117.34999,2021-09-27 00:00:00,0,0.0
32.55,-117.25,2021-09-27 00:00:00,0,0.0
32.55,-117.149994,2021-09-27 00:00:00,0,0.0
32.55,-117.049995,2021-09-27 00:00:00,0,0.0
32.55,-116.95,2021-09-27 00:00:00,0,0.0
32.55,-116.84999,2021-09-27 00:00:00,0,0.0
32.55,-116.75,2021-09-27 00:00:00,0,0.0
32.55,-116.649994,2021-09-27 00:00:00,0,0.0
32.55,-116.549995,2021-09-27 00:00:00,0,0.0
32.55,-116.45,2021-09-27 00:00:00,0,0.0
32.55,-116.34999,2021-09-27 00:00:00,0,0.0
32.55,-116.25,2021-09-27 00:00:00,0,0.0
32.55,-116.149994,2021-09-27 00:00:00,0,0.0
32.55,-116.049995,2021-09-27 00:00:00,0,0.0
32.55,-115.95,2021-09-27 00:00:00,0,0.0
32.55,-115.85,2021-09-27 00:00:00,0,0.0
32.55,-115.74999,2021-09-27 00:00:00,0,0.0
32.55,-115.649994,2021-09-27 00:00:00,0,0.0
32.55,-115.549995,2021-09-27 00:00:00,0,0.0
32.55,-115.45,2021-09-27 00:00:00,0,0.0
32.55,-115.35,2021-09-27 00:00:00,0,0.0
32.55,-115.24999,2021-09-27 00:00:00,0,0.0
32.55,-115.149994,2021-09-27 00:00:00,0,0.0
32.55,-115.049995,2021-09-27 00:00:00,0,0.0
32.55,-114.95,2021-09-27 00:00:00,0,0.0
32.55,-114.85,2021-09-27 00:00:00,0,0.0
32.55,-114.74999,2021-09-27 00:00:00,0,0.0
32.55,-114.649994,2021-09-27 00:00:00,0,0.0
32.55,-114.549995,2021-09-27 00:00:00,0,0.0
32.55,-114.45,2021-09-27 00:00:00,0,0.0
32.55,-114.35,2021-09-27 00:00:00,0,0.0
32.55,-114.24999,2021-09-27 00:00:00,0,0.0
32.649998,-124.34999,2021-09-27 00:00:00,0,0.0
32.649998,-124.25,2021-09-27 00:00:00,0,0.0
32.649998,-124.149994,2021-09-27 00:00:00,0,0.0
32.649998,-124.049995,2021-09-27 00:00:00,0,0.0
32.649998,-123.95,2021-09-27 00:00:00,0,0.0
32.649998,-123.84999,2021-09-27 00:00:00,0,0.0
32.649998,-123.75,2021-09-27 00:00:00,0,0.0
32.649998,-123.649994,2021-09-27 00:00:00,0,0.0
32.649998,-123.549995,2021-09-27 00:00:00,0,0.0
32.649998,-123.45,2021-09-27 00:00:00,0,0.0
32.649998,-123.34999,2021-09-27 00:00:00,0,0.0
32.649998,-123.25,2021-09-27 00:00:00,0,0.0
32.649998,-123.149994,2021-09-27 00:00:00,0,0.0
32.649998,-123.049995,2021-09-27 00:00:00,0,0.0
32.649998,-122.95,2021-09-27 00:00:00,0,0.0
32.649998,-122.84999,2021-09-27 00:00:00,0,0.0
32.649998,-122.75,2021-09-27 00:00:00,0,0.0
32.649998,-122.649994,2021-09-27 00:00:00,0,0.0
32.649998,-122.549995,2021-09-27 00:00:00,0,0.0
32.649998,-122.45,2021-09-27 00:00:00,0,0.0
32.649998,-122.34999,2021-09-27 00:00:00,0,0.0
32.649998,-122.25,2021-09-27 00:00:00,0,0.0
32.649998,-122.149994,2021-09-27 00:00:00,0,0.0
32.649998,-122.049995,2021-09-27 00:00:00,0,0.0
32.649998,-121.95,2021-09-27 00:00:00,0,0.0
32.649998,-121.84999,2021-09-27 00:00:00,0,0.0
32.649998,-121.75,2021-09-27 00:00:00,0,0.0
32.649998,-121.649994,2021-09-27 00:00:00,0,0.0
32.649998,-121.549995,2021-09-27 00:00:00,0,0.0
32.649998,-121.45,2021-09-27 00:00:00,0,0.0
32.649998,-121.34999,2021-09-27 00:00:00,0,0.0
32.649998,-121.25,2021-09-27 00:00:00,0,0.0
32.649998,-121.149994,2021-09-27 00:00:00,0,0.0
32.649998,-121.049995,2021-09-27 00:00:00,0,0.0
32.649998,-120.95,2021-09-27 00:00:00,0,0.0
32.649998,-120.84999,2021-09-27 00:00:00,0,0.0
32.649998,-120.75,2021-09-27 00:00:00,0,0.0
32.649998,-120.649994,2021-09-27 00:00:00,0,0.0
32.649998,-120.549995,2021-09-27 00:00:00,0,0.0
32.649998,-120.45,2021-09-27 00:00:00,0,0.0
32.649998,-120.34999,2021-09-27 00:00:00,0,0.0
32.649998,-120.25,2021-09-27 00:00:00,0,0.0
32.649998,-120.149994,2021-09-27 00:00:00,0,0.0
32.649998,-120.049995,2021-09-27 00:00:00,0,0.0
32.649998,-119.95,2021-09-27 00:00:00,0,0.0
32.649998,-119.84999,2021-09-27 00:00:00,0,0.0
32.649998,-119.75,2021-09-27 00:00:00,0,0.0
32.649998,-119.649994,2021-09-27 00:00:00,0,0.0
32.649998,-119.549995,2021-09-27 00:00:00,0,0.0
32.649998,-119.45,2021-09-27 00:00:00,0,0.0
32.649998,-119.34999,2021-09-27 00:00:00,0,0.0
32.649998,-119.25,2021-09-27 00:00:00,0,0.0
32.649998,-119.149994,2021-09-27 00:00:00,0,0.0
32.649998,-119.049995,2021-09-27 00:00:00,0,0.0
32.649998,-118.95,2021-09-27 00:00:00,0,0.0
32.649998,-118.84999,2021-09-27 00:00:00,0,0.0
32.649998,-118.75,2021-09-27 00:00:00,0,0.0
32.649998,-118.649994,2021-09-27 00:00:00,0,0.0
32.649998,-118.549995,2021-09-27 00:00:00,0,0.0
32.649998,-118.45,2021-09-27 00:00:00,0,0.0
32.649998,-118.34999,2021-09-27 00:00:00,0,0.0
32.649998,-118.25,2021-09-27 00:00:00,0,0.0
32.649998,-118.149994,2021-09-27 00:00:00,0,0.0
32.649998,-118.049995,2021-09-27 00:00:00,0,0.0
32.649998,-117.95,2021-09-27 00:00:00,0,0.0
32.649998,-117.84999,2021-09-27 00:00:00,0,0.0
32.649998,-117.75,2021-09-27 00:00:00,0,0.0
32.649998,-117.649994,2021-09-27 00:00:00,0,0.0
32.649998,-117.549995,2021-09-27 00:00:00,0,0.0
32.649998,-117.45,2021-09-27 00:00:00,0,0.0
32.649998,-117.34999,2021-09-27 00:00:00,0,0.0
32.649998,-117.25,2021-09-27 00:00:00,0,0.0
32.649998,-117.149994,2021-09-27 00:00:00,0,0.29180855
32.649998,-117.049995,2021-09-27 00:00:00,0,0.0
32.649998,-116.95,2021-09-27 00:00:00,0,0.0
32.649998,-116.84999,2021-09-27 00:00:00,0,0.0
32.649998,-116.75,2021-09-27 00:00:00,0,0.0
32.649998,-116.649994,2021-09-27 00:00:00,0,0.0
32.649998,-116.549995,2021-09-27 00:00:00,0,0.0
32.649998,-116.45,2021-09-27 00:00:00,0,0.0
32.649998,-116.34999,2021-09-27 00:00:00,0,0.025633393
32.649998,-116.25,2021-09-27 00:00:00,0,0.0
32.649998,-116.149994,2021-09-27 00:00:00,0,0.0
32.649998,-116.049995,2021-09-27 00:00:00,0,0.0
32.649998,-115.95,2021-09-27 00:00:00,0,0.019406367
32.649998,-115.85,2021-09-27 00:00:00,0,0.0
32.649998,-115.74999,2021-09-27 00:00:00,0,0.0
32.649998,-115.649994,2021-09-27 00:00:00,0,0.0
32.649998,-115.549995,2021-09-27 00:00:00,0,0.0
32.649998,-115.45,2021-09-27 00:00:00,0,0.0
32.649998,-115.35,2021-09-27 00:00:00,0,0.0
32.649998,-115.24999,2021-09-27 00:00:00,0,0.0
32.649998,-115.149994,2021-09-27 00:00:00,0,0.0
32.649998,-115.049995,2021-09-27 00:00:00,0,0.0
32.649998,-114.95,2021-09-27 00:00:00,0,0.0
32.649998,-114.85,2021-09-27 00:00:00,0,0.0
32.649998,-114.74999,2021-09-27 00:00:00,0,0.0
32.649998,-114.649994,2021-09-27 00:00:00,0,0.0
32.649998,-114.549995,2021-09-27 00:00:00,0,0.0
32.649998,-114.45,2021-09-27 00:00:00,0,0.0
32.649998,-114.35,2021-09-27 00:00:00,0,0.0
32.649998,-114.24999,2021-09-27 00:00:00,0,0.0
32.750004,-124.34999,2021-09-27 00:00:00,0,0.0
32.750004,-124.25,2021-09-27 00:00:00,0,0.0
32.750004,-124.149994,2021-09-27 00:00:00,0,0.0
32.750004,-124.049995,2021-09-27 00:00:00,0,0.0
32.750004,-123.95,2021-09-27 00:00:00,0,0.0
32.750004,-123.84999,2021-09-27 00:00:00,0,0.0
32.750004,-123.75,2021-09-27 00:00:00,0,0.0
32.750004,-123.649994,2021-09-27 00:00:00,0,0.0
32.750004,-123.549995,2021-09-27 00:00:00,0,0.0
32.750004,-123.45,2021-09-27 00:00:00,0,0.0
32.750004,-123.34999,2021-09-27 00:00:00,0,0.0
32.750004,-123.25,2021-09-27 00:00:00,0,0.0
32.750004,-123.149994,2021-09-27 00:00:00,0,0.0
32.750004,-123.049995,2021-09-27 00:00:00,0,0.0
32.750004,-122.95,2021-09-27 00:00:00,0,0.0
32.750004,-122.84999,2021-09-27 00:00:00,0,0.0
32.750004,-122.75,2021-09-27 00:00:00,0,0.0
32.750004,-122.649994,2021-09-27 00:00:00,0,0.0
32.750004,-122.549995,2021-09-27 00:00:00,0,0.0
32.750004,-122.45,2021-09-27 00:00:00,0,0.0
32.750004,-122.34999,2021-09-27 00:00:00,0,0.0
32.750004,-122.25,2021-09-27 00:00:00,0,0.0
32.750004,-122.149994,2021-09-27 00:00:00,0,0.0
32.750004,-122.049995,2021-09-27 00:00:00,0,0.0
32.750004,-121.95,2021-09-27 00:00:00,0,0.0
32.750004,-121.84999,2021-09-27 00:00:00,0,0.0
32.750004,-121.75,2021-09-27 00:00:00,0,0.0
32.750004,-121.649994,2021-09-27 00:00:00,0,0.0
32.750004,-121.549995,2021-09-27 00:00:00,0,0.0
32.750004,-121.45,2021-09-27 00:00:00,0,0.0
32.750004,-121.34999,2021-09-27 00:00:00,0,0.0
32.750004,-121.25,2021-09-27 00:00:00,0,0.0
32.750004,-121.149994,2021-09-27 00:00:00,0,0.0
32.750004,-121.049995,2021-09-27 00:00:00,0,0.0
32.750004,-120.95,2021-09-27 00:00:00,0,0.0
32.750004,-120.84999,2021-09-27 00:00:00,0,0.0
32.750004,-120.75,2021-09-27 00:00:00,0,0.0
32.750004,-120.649994,2021-09-27 00:00:00,0,0.0
32.750004,-120.549995,2021-09-27 00:00:00,0,0.0
32.750004,-120.45,2021-09-27 00:00:00,0,0.0
32.750004,-120.34999,2021-09-27 00:00:00,0,0.0
32.750004,-120.25,2021-09-27 00:00:00,0,0.0
32.750004,-120.149994,2021-09-27 00:00:00,0,0.0
32.750004,-120.049995,2021-09-27 00:00:00,0,0.0
32.750004,-119.95,2021-09-27 00:00:00,0,0.0
32.750004,-119.84999,2021-09-27 00:00:00,0,0.0
32.750004,-119.75,2021-09-27 00:00:00,0,0.0
32.750004,-119.649994,2021-09-27 00:00:00,0,0.0
32.750004,-119.549995,2021-09-27 00:00:00,0,0.0
32.750004,-119.45,2021-09-27 00:00:00,0,0.0
32.750004,-119.34999,2021-09-27 00:00:00,0,0.0
32.750004,-119.25,2021-09-27 00:00:00,0,0.0
32.750004,-119.149994,2021-09-27 00:00:00,0,0.0
32.750004,-119.049995,2021-09-27 00:00:00,0,0.0
32.750004,-118.95,2021-09-27 00:00:00,0,0.0
32.750004,-118.84999,2021-09-27 00:00:00,0,0.0
32.750004,-118.75,2021-09-27 00:00:00,0,0.0
32.750004,-118.649994,2021-09-27 00:00:00,0,0.0
32.750004,-118.549995,2021-09-27 00:00:00,0,0.0
32.750004,-118.45,2021-09-27 00:00:00,0,0.0
32.750004,-118.34999,2021-09-27 00:00:00,0,0.0
32.750004,-118.25,2021-09-27 00:00:00,0,0.0
32.750004,-118.149994,2021-09-27 00:00:00,0,0.0
32.750004,-118.049995,2021-09-27 00:00:00,0,0.0
32.750004,-117.95,2021-09-27 00:00:00,0,0.0
32.750004,-117.84999,2021-09-27 00:00:00,0,0.0
32.750004,-117.75,2021-09-27 00:00:00,0,0.0
32.750004,-117.649994,2021-09-27 00:00:00,0,0.0
32.750004,-117.549995,2021-09-27 00:00:00,0,0.0
32.750004,-117.45,2021-09-27 00:00:00,0,0.0
32.750004,-117.34999,2021-09-27 00:00:00,0,0.0
32.750004,-117.25,2021-09-27 00:00:00,0,0.37018293
32.750004,-117.149994,2021-09-27 00:00:00,0,0.14550933
32.750004,-117.049995,2021-09-27 00:00:00,0,0.0
32.750004,-116.95,2021-09-27 00:00:00,0,0.0
32.750004,-116.84999,2021-09-27 00:00:00,0,0.0
32.750004,-116.75,2021-09-27 00:00:00,0,0.0
32.750004,-116.649994,2021-09-27 00:00:00,0,0.0
32.750004,-116.549995,2021-09-27 00:00:00,0,0.0
32.750004,-116.45,2021-09-27 00:00:00,0,0.0
32.750004,-116.34999,2021-09-27 00:00:00,0,0.0
32.750004,-116.25,2021-09-27 00:00:00,0,0.0
32.750004,-116.149994,2021-09-27 00:00:00,0,0.019406367
32.750004,-116.049995,2021-09-27 00:00:00,0,0.0
32.750004,-115.95,2021-09-27 00:00:00,0,0.0
32.750004,-115.85,2021-09-27 00:00:00,0,0.0
32.750004,-115.74999,2021-09-27 00:00:00,0,0.041932654
32.750004,-115.649994,2021-09-27 00:00:00,0,0.0
32.750004,-115.549995,2021-09-27 00:00:00,0,0.0
32.750004,-115.45,2021-09-27 00:00:00,0,0.0
32.750004,-115.35,2021-09-27 00:00:00,0,0.13584457
32.750004,-115.24999,2021-09-27 00:00:00,0,0.13584457
32.750004,-115.149994,2021-09-27 00:00:00,0,0.0
32.750004,-115.049995,2021-09-27 00:00:00,0,0.0
32.750004,-114.95,2021-09-27 00:00:00,0,0.0
32.750004,-114.85,2021-09-27 00:00:00,0,0.0
32.750004,-114.74999,2021-09-27 00:00:00,0,0.0
32.750004,-114.649994,2021-09-27 00:00:00,0,0.0
32.750004,-114.549995,2021-09-27 00:00:00,0,0.0
32.750004,-114.45,2021-09-27 00:00:00,0,0.0
32.750004,-114.35,2021-09-27 00:00:00,0,0.0
32.750004,-114.24999,2021-09-27 00:00:00,0,0.0
32.850002,-124.34999,2021-09-27 00:00:00,0,0.0
32.850002,-124.25,2021-09-27 00:00:00,0,0.0
32.850002,-124.149994,2021-09-27 00:00:00,0,0.0
32.850002,-124.049995,2021-09-27 00:00:00,0,0.0
32.850002,-123.95,2021-09-27 00:00:00,0,0.0
32.850002,-123.84999,2021-09-27 00:00:00,0,0.0
32.850002,-123.75,2021-09-27 00:00:00,0,0.0
32.850002,-123.649994,2021-09-27 00:00:00,0,0.0
32.850002,-123.549995,2021-09-27 00:00:00,0,0.0
32.850002,-123.45,2021-09-27 00:00:00,0,0.0
32.850002,-123.34999,2021-09-27 00:00:00,0,0.0
32.850002,-123.25,2021-09-27 00:00:00,0,0.0
32.850002,-123.149994,2021-09-27 00:00:00,0,0.0
32.850002,-123.049995,2021-09-27 00:00:00,0,0.0
32.850002,-122.95,2021-09-27 00:00:00,0,0.0
32.850002,-122.84999,2021-09-27 00:00:00,0,0.0
32.850002,-122.75,2021-09-27 00:00:00,0,0.0
32.850002,-122.649994,2021-09-27 00:00:00,0,0.0
32.850002,-122.549995,2021-09-27 00:00:00,0,0.0
32.850002,-122.45,2021-09-27 00:00:00,0,0.0
32.850002,-122.34999,2021-09-27 00:00:00,0,0.0
32.850002,-122.25,2021-09-27 00:00:00,0,0.0
32.850002,-122.149994,2021-09-27 00:00:00,0,0.0
32.850002,-122.049995,2021-09-27 00:00:00,0,0.0
32.850002,-121.95,2021-09-27 00:00:00,0,0.0
32.850002,-121.84999,2021-09-27 00:00:00,0,0.0
32.850002,-121.75,2021-09-27 00:00:00,0,0.0
32.850002,-121.649994,2021-09-27 00:00:00,0,0.0
32.850002,-121.549995,2021-09-27 00:00:00,0,0.0
32.850002,-121.45,2021-09-27 00:00:00,0,0.0
32.850002,-121.34999,2021-09-27 00:00:00,0,0.0
32.850002,-121.25,2021-09-27 00:00:00,0,0.0
32.850002,-121.149994,2021-09-27 00:00:00,0,0.0
32.850002,-121.049995,2021-09-27 00:00:00,0,0.0
32.850002,-120.95,2021-09-27 00:00:00,0,0.0
32.850002,-120.84999,2021-09-27 00:00:00,0,0.0
32.850002,-120.75,2021-09-27 00:00:00,0,0.0
32.850002,-120.649994,2021-09-27 00:00:00,0,0.0
32.850002,-120.549995,2021-09-27 00:00:00,0,0.0
32.850002,-120.45,2021-09-27 00:00:00,0,0.0
32.850002,-120.34999,2021-09-27 00:00:00,0,0.0
32.850002,-120.25,2021-09-27 00:00:00,0,0.0
32.850002,-120.149994,2021-09-27 00:00:00,0,0.0
32.850002,-120.049995,2021-09-27 00:00:00,0,0.0
32.850002,-119.95,2021-09-27 00:00:00,0,0.0
32.850002,-119.84999,2021-09-27 00:00:00,0,0.0
32.850002,-119.75,2021-09-27 00:00:00,0,0.0
32.850002,-119.649994,2021-09-27 00:00:00,0,0.0
32.850002,-119.549995,2021-09-27 00:00:00,0,0.0
32.850002,-119.45,2021-09-27 00:00:00,0,0.0
32.850002,-119.34999,2021-09-27 00:00:00,0,0.0
32.850002,-119.25,2021-09-27 00:00:00,0,0.0
32.850002,-119.149994,2021-09-27 00:00:00,0,0.0
32.850002,-119.049995,2021-09-27 00:00:00,0,0.0
32.850002,-118.95,2021-09-27 00:00:00,0,0.0
32.850002,-118.84999,2021-09-27 00:00:00,0,0.0
32.850002,-118.75,2021-09-27 00:00:00,0,0.0
32.850002,-118.649994,2021-09-27 00:00:00,0,0.0
32.850002,-118.549995,2021-09-27 00:00:00,0,0.0
32.850002,-118.45,2021-09-27 00:00:00,0,0.1799795
32.850002,-118.34999,2021-09-27 00:00:00,0,0.0
32.850002,-118.25,2021-09-27 00:00:00,0,0.0
32.850002,-118.149994,2021-09-27 00:00:00,0,0.0
32.850002,-118.049995,2021-09-27 00:00:00,0,0.0
32.850002,-117.95,2021-09-27 00:00:00,0,0.0
32.850002,-117.84999,2021-09-27 00:00:00,0,0.0
32.850002,-117.75,2021-09-27 00:00:00,0,0.0
32.850002,-117.649994,2021-09-27 00:00:00,0,0.0
32.850002,-117.549995,2021-09-27 00:00:00,0,0.0
32.850002,-117.45,2021-09-27 00:00:00,0,0.0
32.850002,-117.34999,2021-09-27 00:00:00,0,0.0
32.850002,-117.25,2021-09-27 00:00:00,0,0.15785886
32.850002,-117.149994,2021-09-27 00:00:00,0,0.0
32.850002,-117.049995,2021-09-27 00:00:00,0,0.0
32.850002,-116.95,2021-09-27 00:00:00,0,0.0
32.850002,-116.84999,2021-09-27 00:00:00,0,0.0
32.850002,-116.75,2021-09-27 00:00:00,0,0.0
32.850002,-116.649994,2021-09-27 00:00:00,0,0.0
32.850002,-116.549995,2021-09-27 00:00:00,0,0.0
32.850002,-116.45,2021-09-27 00:00:00,0,0.0
32.850002,-116.34999,2021-09-27 00:00:00,0,0.0
32.850002,-116.25,2021-09-27 00:00:00,0,0.0
32.850002,-116.149994,2021-09-27 00:00:00,0,0.0
32.850002,-116.049995,2021-09-27 00:00:00,0,0.0
32.850002,-115.95,2021-09-27 00:00:00,0,0.0
32.850002,-115.85,2021-09-27 00:00:00,0,0.0
32.850002,-115.74999,2021-09-27 00:00:00,0,0.0
32.850002,-115.649994,2021-09-27 00:00:00,0,0.0
32.850002,-115.549995,2021-09-27 00:00:00,0,0.0
32.850002,-115.45,2021-09-27 00:00:00,0,0.0
32.850002,-115.35,2021-09-27 00:00:00,0,0.0
32.850002,-115.24999,2021-09-27 00:00:00,0,0.0
32.850002,-115.149994,2021-09-27 00:00:00,0,0.0
32.850002,-115.049995,2021-09-27 00:00:00,0,0.0
32.850002,-114.95,2021-09-27 00:00:00,0,0.0
32.850002,-114.85,2021-09-27 00:00:00,0,0.0
32.850002,-114.74999,2021-09-27 00:00:00,0,0.03700481
32.850002,-114.649994,2021-09-27 00:00:00,0,0.03700481
32.850002,-114.549995,2021-09-27 00:00:00,0,0.0
32.850002,-114.45,2021-09-27 00:00:00,0,0.0
32.850002,-114.35,2021-09-27 00:00:00,0,0.0
32.850002,-114.24999,2021-09-27 00:00:00,0,0.0
32.95,-124.34999,2021-09-27 00:00:00,0,0.0
32.95,-124.25,2021-09-27 00:00:00,0,0.0
32.95,-124.149994,2021-09-27 00:00:00,0,0.0
32.95,-124.049995,2021-09-27 00:00:00,0,0.0
32.95,-123.95,2021-09-27 00:00:00,0,0.0
32.95,-123.84999,2021-09-27 00:00:00,0,0.0
32.95,-123.75,2021-09-27 00:00:00,0,0.0
32.95,-123.649994,2021-09-27 00:00:00,0,0.0
32.95,-123.549995,2021-09-27 00:00:00,0,0.0
32.95,-123.45,2021-09-27 00:00:00,0,0.0
32.95,-123.34999,2021-09-27 00:00:00,0,0.0
32.95,-123.25,2021-09-27 00:00:00,0,0.0
32.95,-123.149994,2021-09-27 00:00:00,0,0.0
32.95,-123.049995,2021-09-27 00:00:00,0,0.0
32.95,-122.95,2021-09-27 00:00:00,0,0.0
32.95,-122.84999,2021-09-27 00:00:00,0,0.0
32.95,-122.75,2021-09-27 00:00:00,0,0.0
32.95,-122.649994,2021-09-27 00:00:00,0,0.0
32.95,-122.549995,2021-09-27 00:00:00,0,0.0
32.95,-122.45,2021-09-27 00:00:00,0,0.0
32.95,-122.34999,2021-09-27 00:00:00,0,0.0
32.95,-122.25,2021-09-27 00:00:00,0,0.0
32.95,-122.149994,2021-09-27 00:00:00,0,0.0
32.95,-122.049995,2021-09-27 00:00:00,0,0.0
32.95,-121.95,2021-09-27 00:00:00,0,0.0
32.95,-121.84999,2021-09-27 00:00:00,0,0.0
32.95,-121.75,2021-09-27 00:00:00,0,0.0
32.95,-121.649994,2021-09-27 00:00:00,0,0.0
32.95,-121.549995,2021-09-27 00:00:00,0,0.0
32.95,-121.45,2021-09-27 00:00:00,0,0.0
32.95,-121.34999,2021-09-27 00:00:00,0,0.0
32.95,-121.25,2021-09-27 00:00:00,0,0.0
32.95,-121.149994,2021-09-27 00:00:00,0,0.0
32.95,-121.049995,2021-09-27 00:00:00,0,0.0
32.95,-120.95,2021-09-27 00:00:00,0,0.0
32.95,-120.84999,2021-09-27 00:00:00,0,0.0
32.95,-120.75,2021-09-27 00:00:00,0,0.0
32.95,-120.649994,2021-09-27 00:00:00,0,0.0
32.95,-120.549995,2021-09-27 00:00:00,0,0.0
32.95,-120.45,2021-09-27 00:00:00,0,0.0
32.95,-120.34999,2021-09-27 00:00:00,0,0.0
32.95,-120.25,2021-09-27 00:00:00,0,0.0
32.95,-120.149994,2021-09-27 00:00:00,0,0.0
32.95,-120.049995,2021-09-27 00:00:00,0,0.0
32.95,-119.95,2021-09-27 00:00:00,0,0.0
32.95,-119.84999,2021-09-27 00:00:00,0,0.0
32.95,-119.75,2021-09-27 00:00:00,0,0.0
32.95,-119.649994,2021-09-27 00:00:00,0,0.0
32.95,-119.549995,2021-09-27 00:00:00,0,0.0
32.95,-119.45,2021-09-27 00:00:00,0,0.0
32.95,-119.34999,2021-09-27 00:00:00,0,0.0
32.95,-119.25,2021-09-27 00:00:00,0,0.0
32.95,-119.149994,2021-09-27 00:00:00,0,0.0
32.95,-119.049995,2021-09-27 00:00:00,0,0.0
32.95,-118.95,2021-09-27 00:00:00,0,0.0
32.95,-118.84999,2021-09-27 00:00:00,0,0.0
32.95,-118.75,2021-09-27 00:00:00,0,0.0
32.95,-118.649994,2021-09-27 00:00:00,0,0.0
32.95,-118.549995,2021-09-27 00:00:00,0,0.20882241
32.95,-118.45,2021-09-27 00:00:00,0,0.0
32.95,-118.34999,2021-09-27 00:00:00,0,0.0
32.95,-118.25,2021-09-27 00:00:00,0,0.0
32.95,-118.149994,2021-09-27 00:00:00,0,0.0
32.95,-118.049995,2021-09-27 00:00:00,0,0.0
32.95,-117.95,2021-09-27 00:00:00,0,0.0
32.95,-117.84999,2021-09-27 00:00:00,0,0.0
32.95,-117.75,2021-09-27 00:00:00,0,0.0
32.95,-117.649994,2021-09-27 00:00:00,0,0.0
32.95,-117.549995,2021-09-27 00:00:00,0,0.0
32.95,-117.45,2021-09-27 00:00:00,0,0.0
32.95,-117.34999,2021-09-27 00:00:00,0,0.0
32.95,-117.25,2021-09-27 00:00:00,0,0.13584457
32.95,-117.149994,2021-09-27 00:00:00,0,0.0
32.95,-117.049995,2021-09-27 00:00:00,0,0.0
32.95,-116.95,2021-09-27 00:00:00,0,0.0
32.95,-116.84999,2021-09-27 00:00:00,0,0.0
32.95,-116.75,2021-09-27 00:00:00,0,0.0
32.95,-116.649994,2021-09-27 00:00:00,0,0.0
32.95,-116.549995,2021-09-27 00:00:00,0,0.0
32.95,-116.45,2021-09-27 00:00:00,0,0.0
32.95,-116.34999,2021-09-27 00:00:00,0,0.0
32.95,-116.25,2021-09-27 00:00:00,0,0.0
32.95,-116.149994,2021-09-27 00:00:00,0,0.0
32.95,-116.049995,2021-09-27 00:00:00,0,0.0
32.95,-115.95,2021-09-27 00:00:00,0,0.0
32.95,-115.85,2021-09-27 00:00:00,0,0.0
32.95,-115.74999,2021-09-27 00:00:00,0,0.0
32.95,-115.649994,2021-09-27 00:00:00,0,0.0
32.95,-115.549995,2021-09-27 00:00:00,0,0.0
32.95,-115.45,2021-09-27 00:00:00,0,0.0
32.95,-115.35,2021-09-27 00:00:00,0,0.0
32.95,-115.24999,2021-09-27 00:00:00,0,0.0
32.95,-115.149994,2021-09-27 00:00:00,0,0.0
32.95,-115.049995,2021-09-27 00:00:00,0,0.0
32.95,-114.95,2021-09-27 00:00:00,0,0.0
32.95,-114.85,2021-09-27 00:00:00,0,0.018502405
32.95,-114.74999,2021-09-27 00:00:00,0,0.22816567
32.95,-114.649994,2021-09-27 00:00:00,0,0.29546097
32.95,-114.549995,2021-09-27 00:00:00,0,0.0
32.95,-114.45,2021-09-27 00:00:00,0,0.0
32.95,-114.35,2021-09-27 00:00:00,0,0.0
32.95,-114.24999,2021-09-27 00:00:00,0,0.0
33.05,-124.34999,2021-09-27 00:00:00,0,0.0
33.05,-124.25,2021-09-27 00:00:00,0,0.0
33.05,-124.149994,2021-09-27 00:00:00,0,0.0
33.05,-124.049995,2021-09-27 00:00:00,0,0.0
33.05,-123.95,2021-09-27 00:00:00,0,0.0
33.05,-123.84999,2021-09-27 00:00:00,0,0.0
33.05,-123.75,2021-09-27 00:00:00,0,0.0
33.05,-123.649994,2021-09-27 00:00:00,0,0.0
33.05,-123.549995,2021-09-27 00:00:00,0,0.0
33.05,-123.45,2021-09-27 00:00:00,0,0.0
33.05,-123.34999,2021-09-27 00:00:00,0,0.0
33.05,-123.25,2021-09-27 00:00:00,0,0.0
33.05,-123.149994,2021-09-27 00:00:00,0,0.0
33.05,-123.049995,2021-09-27 00:00:00,0,0.0
33.05,-122.95,2021-09-27 00:00:00,0,0.0
33.05,-122.84999,2021-09-27 00:00:00,0,0.0
33.05,-122.75,2021-09-27 00:00:00,0,0.0
33.05,-122.649994,2021-09-27 00:00:00,0,0.0
33.05,-122.549995,2021-09-27 00:00:00,0,0.0
33.05,-122.45,2021-09-27 00:00:00,0,0.0
33.05,-122.34999,2021-09-27 00:00:00,0,0.0
33.05,-122.25,2021-09-27 00:00:00,0,0.0
33.05,-122.149994,2021-09-27 00:00:00,0,0.0
33.05,-122.049995,2021-09-27 00:00:00,0,0.0
33.05,-121.95,2021-09-27 00:00:00,0,0.0
33.05,-121.84999,2021-09-27 00:00:00,0,0.0
33.05,-121.75,2021-09-27 00:00:00,0,0.0
33.05,-121.649994,2021-09-27 00:00:00,0,0.0
33.05,-121.549995,2021-09-27 00:00:00,0,0.0
33.05,-121.45,2021-09-27 00:00:00,0,0.0
33.05,-121.34999,2021-09-27 00:00:00,0,0.0
33.05,-121.25,2021-09-27 00:00:00,0,0.0
33.05,-121.149994,2021-09-27 00:00:00,0,0.0
33.05,-121.049995,2021-09-27 00:00:00,0,0.0
33.05,-120.95,2021-09-27 00:00:00,0,0.0
33.05,-120.84999,2021-09-27 00:00:00,0,0.0
33.05,-120.75,2021-09-27 00:00:00,0,0.0
33.05,-120.649994,2021-09-27 00:00:00,0,0.0
33.05,-120.549995,2021-09-27 00:00:00,0,0.0
33.05,-120.45,2021-09-27 00:00:00,0,0.0
33.05,-120.34999,2021-09-27 00:00:00,0,0.0
33.05,-120.25,2021-09-27 00:00:00,0,0.0
33.05,-120.149994,2021-09-27 00:00:00,0,0.0
33.05,-120.049995,2021-09-27 00:00:00,0,0.0
33.05,-119.95,2021-09-27 00:00:00,0,0.0
33.05,-119.84999,2021-09-27 00:00:00,0,0.0
33.05,-119.75,2021-09-27 00:00:00,0,0.0
33.05,-119.649994,2021-09-27 00:00:00,0,0.0
33.05,-119.549995,2021-09-27 00:00:00,0,0.0
33.05,-119.45,2021-09-27 00:00:00,0,0.0
33.05,-119.34999,2021-09-27 00:00:00,0,0.0
33.05,-119.25,2021-09-27 00:00:00,0,0.0
33.05,-119.149994,2021-09-27 00:00:00,0,0.0
33.05,-119.049995,2021-09-27 00:00:00,0,0.0
33.05,-118.95,2021-09-27 00:00:00,0,0.0
33.05,-118.84999,2021-09-27 00:00:00,0,0.0
33.05,-118.75,2021-09-27 00:00:00,0,0.0
33.05,-118.649994,2021-09-27 00:00:00,0,0.0
33.05,-118.549995,2021-09-27 00:00:00,0,0.0
33.05,-118.45,2021-09-27 00:00:00,0,0.0
33.05,-118.34999,2021-09-27 00:00:00,0,0.0
33.05,-118.25,2021-09-27 00:00:00,0,0.0
33.05,-118.149994,2021-09-27 00:00:00,0,0.0
33.05,-118.049995,2021-09-27 00:00:00,0,0.0
33.05,-117.95,2021-09-27 00:00:00,0,0.0
33.05,-117.84999,2021-09-27 00:00:00,0,0.0
33.05,-117.75,2021-09-27 00:00:00,0,0.0
33.05,-117.649994,2021-09-27 00:00:00,0,0.0
33.05,-117.549995,2021-09-27 00:00:00,0,0.0
33.05,-117.45,2021-09-27 00:00:00,0,0.0
33.05,-117.34999,2021-09-27 00:00:00,0,0.0
33.05,-117.25,2021-09-27 00:00:00,0,0.022613846
33.05,-117.149994,2021-09-27 00:00:00,0,0.0
33.05,-117.049995,2021-09-27 00:00:00,0,0.0
33.05,-116.95,2021-09-27 00:00:00,0,0.0
33.05,-116.84999,2021-09-27 00:00:00,0,0.0
33.05,-116.75,2021-09-27 00:00:00,0,0.0
33.05,-116.649994,2021-09-27 00:00:00,0,0.0
33.05,-116.549995,2021-09-27 00:00:00,0,0.0
33.05,-116.45,2021-09-27 00:00:00,0,0.0
33.05,-116.34999,2021-09-27 00:00:00,0,0.0
33.05,-116.25,2021-09-27 00:00:00,0,0.0
33.05,-116.149994,2021-09-27 00:00:00,0,0.0
33.05,-116.049995,2021-09-27 00:00:00,0,0.0
33.05,-115.95,2021-09-27 00:00:00,0,0.0
33.05,-115.85,2021-09-27 00:00:00,0,0.0
33.05,-115.74999,2021-09-27 00:00:00,0,0.0
33.05,-115.649994,2021-09-27 00:00:00,0,0.0
33.05,-115.549995,2021-09-27 00:00:00,0,0.0
33.05,-115.45,2021-09-27 00:00:00,0,0.0
33.05,-115.35,2021-09-27 00:00:00,0,0.0
33.05,-115.24999,2021-09-27 00:00:00,0,0.0
33.05,-115.149994,2021-09-27 00:00:00,0,0.0
33.05,-115.049995,2021-09-27 00:00:00,0,0.0
33.05,-114.95,2021-09-27 00:00:00,0,0.0
33.05,-114.85,2021-09-27 00:00:00,0,0.018502405
33.05,-114.74999,2021-09-27 00:00:00,0,0.018502405
33.05,-114.649994,2021-09-27 00:00:00,0,0.0
33.05,-114.549995,2021-09-27 00:00:00,0,0.0
33.05,-114.45,2021-09-27 00:00:00,0,0.0
33.05,-114.35,2021-09-27 00:00:00,0,0.0
33.05,-114.24999,2021-09-27 00:00:00,0,0.0
33.149998,-124.34999,2021-09-27 00:00:00,0,0.0
33.149998,-124.25,2021-09-27 00:00:00,0,0.0
33.149998,-124.149994,2021-09-27 00:00:00,0,0.0
33.149998,-124.049995,2021-09-27 00:00:00,0,0.0
33.149998,-123.95,2021-09-27 00:00:00,0,0.0
33.149998,-123.84999,2021-09-27 00:00:00,0,0.0
33.149998,-123.75,2021-09-27 00:00:00,0,0.0
33.149998,-123.649994,2021-09-27 00:00:00,0,0.0
33.149998,-123.549995,2021-09-27 00:00:00,0,0.0
33.149998,-123.45,2021-09-27 00:00:00,0,0.0
33.149998,-123.34999,2021-09-27 00:00:00,0,0.0
33.149998,-123.25,2021-09-27 00:00:00,0,0.0
33.149998,-123.149994,2021-09-27 00:00:00,0,0.0
33.149998,-123.049995,2021-09-27 00:00:00,0,0.0
33.149998,-122.95,2021-09-27 00:00:00,0,0.0
33.149998,-122.84999,2021-09-27 00:00:00,0,0.0
33.149998,-122.75,2021-09-27 00:00:00,0,0.0
33.149998,-122.649994,2021-09-27 00:00:00,0,0.0
33.149998,-122.549995,2021-09-27 00:00:00,0,0.0
33.149998,-122.45,2021-09-27 00:00:00,0,0.0
33.149998,-122.34999,2021-09-27 00:00:00,0,0.0
33.149998,-122.25,2021-09-27 00:00:00,0,0.0
33.149998,-122.149994,2021-09-27 00:00:00,0,0.0
33.149998,-122.049995,2021-09-27 00:00:00,0,0.0
33.149998,-121.95,2021-09-27 00:00:00,0,0.0
33.149998,-121.84999,2021-09-27 00:00:00,0,0.0
33.149998,-121.75,2021-09-27 00:00:00,0,0.0
33.149998,-121.649994,2021-09-27 00:00:00,0,0.0
33.149998,-121.549995,2021-09-27 00:00:00,0,0.0
33.149998,-121.45,2021-09-27 00:00:00,0,0.0
33.149998,-121.34999,2021-09-27 00:00:00,0,0.0
33.149998,-121.25,2021-09-27 00:00:00,0,0.0
33.149998,-121.149994,2021-09-27 00:00:00,0,0.0
33.149998,-121.049995,2021-09-27 00:00:00,0,0.0
33.149998,-120.95,2021-09-27 00:00:00,0,0.0
33.149998,-120.84999,2021-09-27 00:00:00,0,0.0
33.149998,-120.75,2021-09-27 00:00:00,0,0.0
33.149998,-120.649994,2021-09-27 00:00:00,0,0.0
33.149998,-120.549995,2021-09-27 00:00:00,0,0.0
33.149998,-120.45,2021-09-27 00:00:00,0,0.0
33.149998,-120.34999,2021-09-27 00:00:00,0,0.0
33.149998,-120.25,2021-09-27 00:00:00,0,0.0
33.149998,-120.149994,2021-09-27 00:00:00,0,0.0
33.149998,-120.049995,2021-09-27 00:00:00,0,0.0
33.149998,-119.95,2021-09-27 00:00:00,0,0.0
33.149998,-119.84999,2021-09-27 00:00:00,0,0.0
33.149998,-119.75,2021-09-27 00:00:00,0,0.0
33.149998,-119.649994,2021-09-27 00:00:00,0,0.0
33.149998,-119.549995,2021-09-27 00:00:00,0,0.0
33.149998,-119.45,2021-09-27 00:00:00,0,0.0
33.149998,-119.34999,2021-09-27 00:00:00,0,0.0
33.149998,-119.25,2021-09-27 00:00:00,0,0.0
33.149998,-119.149994,2021-09-27 00:00:00,0,0.0
33.149998,-119.049995,2021-09-27 00:00:00,0,0.0
33.149998,-118.95,2021-09-27 00:00:00,0,0.0
33.149998,-118.84999,2021-09-27 00:00:00,0,0.0
33.149998,-118.75,2021-09-27 00:00:00,0,0.0
33.149998,-118.649994,2021-09-27 00:00:00,0,0.0
33.149998,-118.549995,2021-09-27 00:00:00,0,0.0
33.149998,-118.45,2021-09-27 00:00:00,0,0.0
33.149998,-118.34999,2021-09-27 00:00:00,0,0.0
33.149998,-118.25,2021-09-27 00:00:00,0,0.0
33.149998,-118.149994,2021-09-27 00:00:00,0,0.0
33.149998,-118.049995,2021-09-27 00:00:00,0,0.0
33.149998,-117.95,2021-09-27 00:00:00,0,0.0
33.149998,-117.84999,2021-09-27 00:00:00,0,0.0
33.149998,-117.75,2021-09-27 00:00:00,0,0.0
33.149998,-117.649994,2021-09-27 00:00:00,0,0.0
33.149998,-117.549995,2021-09-27 00:00:00,0,0.0
33.149998,-117.45,2021-09-27 00:00:00,0,0.0
33.149998,-117.34999,2021-09-27 00:00:00,0,0.0
33.149998,-117.25,2021-09-27 00:00:00,0,0.0
33.149998,-117.149994,2021-09-27 00:00:00,0,0.0
33.149998,-117.049995,2021-09-27 00:00:00,0,0.0
33.149998,-116.95,2021-09-27 00:00:00,0,0.0
33.149998,-116.84999,2021-09-27 00:00:00,0,0.0
33.149998,-116.75,2021-09-27 00:00:00,0,0.0
33.149998,-116.649994,2021-09-27 00:00:00,0,0.0
33.149998,-116.549995,2021-09-27 00:00:00,0,0.0
33.149998,-116.45,2021-09-27 00:00:00,0,0.0
33.149998,-116.34999,2021-09-27 00:00:00,0,0.01520676
33.149998,-116.25,2021-09-27 00:00:00,0,0.0
33.149998,-116.149994,2021-09-27 00:00:00,0,0.0
33.149998,-116.049995,2021-09-27 00:00:00,0,0.0
33.149998,-115.95,2021-09-27 00:00:00,0,0.0
33.149998,-115.85,2021-09-27 00:00:00,0,0.0
33.149998,-115.74999,2021-09-27 00:00:00,0,0.0
33.149998,-115.649994,2021-09-27 00:00:00,0,0.0
33.149998,-115.549995,2021-09-27 00:00:00,0,0.0
33.149998,-115.45,2021-09-27 00:00:00,0,0.0
33.149998,-115.35,2021-09-27 00:00:00,0,0.0
33.149998,-115.24999,2021-09-27 00:00:00,0,0.0
33.149998,-115.149994,2021-09-27 00:00:00,0,0.0
33.149998,-115.049995,2021-09-27 00:00:00,0,0.0
33.149998,-114.95,2021-09-27 00:00:00,0,0.0
33.149998,-114.85,2021-09-27 00:00:00,0,0.0
33.149998,-114.74999,2021-09-27 00:00:00,0,0.0
33.149998,-114.649994,2021-09-27 00:00:00,0,0.0
33.149998,-114.549995,2021-09-27 00:00:00,0,0.0
33.149998,-114.45,2021-09-27 00:00:00,0,0.0
33.149998,-114.35,2021-09-27 00:00:00,0,0.0
33.149998,-114.24999,2021-09-27 00:00:00,0,0.0
33.250004,-124.34999,2021-09-27 00:00:00,0,0.0
33.250004,-124.25,2021-09-27 00:00:00,0,0.0
33.250004,-124.149994,2021-09-27 00:00:00,0,0.0
33.250004,-124.049995,2021-09-27 00:00:00,0,0.0
33.250004,-123.95,2021-09-27 00:00:00,0,0.0
33.250004,-123.84999,2021-09-27 00:00:00,0,0.0
33.250004,-123.75,2021-09-27 00:00:00,0,0.0
33.250004,-123.649994,2021-09-27 00:00:00,0,0.0
33.250004,-123.549995,2021-09-27 00:00:00,0,0.0
33.250004,-123.45,2021-09-27 00:00:00,0,0.0
33.250004,-123.34999,2021-09-27 00:00:00,0,0.0
33.250004,-123.25,2021-09-27 00:00:00,0,0.0
33.250004,-123.149994,2021-09-27 00:00:00,0,0.0
33.250004,-123.049995,2021-09-27 00:00:00,0,0.0
33.250004,-122.95,2021-09-27 00:00:00,0,0.0
33.250004,-122.84999,2021-09-27 00:00:00,0,0.0
33.250004,-122.75,2021-09-27 00:00:00,0,0.0
33.250004,-122.649994,2021-09-27 00:00:00,0,0.0
33.250004,-122.549995,2021-09-27 00:00:00,0,0.0
33.250004,-122.45,2021-09-27 00:00:00,0,0.0
33.250004,-122.34999,2021-09-27 00:00:00,0,0.0
33.250004,-122.25,2021-09-27 00:00:00,0,0.0
33.250004,-122.149994,2021-09-27 00:00:00,0,0.0
33.250004,-122.049995,2021-09-27 00:00:00,0,0.0
33.250004,-121.95,2021-09-27 00:00:00,0,0.0
33.250004,-121.84999,2021-09-27 00:00:00,0,0.0
33.250004,-121.75,2021-09-27 00:00:00,0,0.0
33.250004,-121.649994,2021-09-27 00:00:00,0,0.0
33.250004,-121.549995,2021-09-27 00:00:00,0,0.0
33.250004,-121.45,2021-09-27 00:00:00,0,0.0
33.250004,-121.34999,2021-09-27 00:00:00,0,0.0
33.250004,-121.25,2021-09-27 00:00:00,0,0.0
33.250004,-121.149994,2021-09-27 00:00:00,0,0.0
33.250004,-121.049995,2021-09-27 00:00:00,0,0.0
33.250004,-120.95,2021-09-27 00:00:00,0,0.0
33.250004,-120.84999,2021-09-27 00:00:00,0,0.0
33.250004,-120.75,2021-09-27 00:00:00,0,0.0
33.250004,-120.649994,2021-09-27 00:00:00,0,0.0
33.250004,-120.549995,2021-09-27 00:00:00,0,0.0
33.250004,-120.45,2021-09-27 00:00:00,0,0.0
33.250004,-120.34999,2021-09-27 00:00:00,0,0.0
33.250004,-120.25,2021-09-27 00:00:00,0,0.0
33.250004,-120.149994,2021-09-27 00:00:00,0,0.0
33.250004,-120.049995,2021-09-27 00:00:00,0,0.0
33.250004,-119.95,2021-09-27 00:00:00,0,0.0
33.250004,-119.84999,2021-09-27 00:00:00,0,0.0
33.250004,-119.75,2021-09-27 00:00:00,0,0.0
33.250004,-119.649994,2021-09-27 00:00:00,0,0.0
33.250004,-119.549995,2021-09-27 00:00:00,0,0.38232502
33.250004,-119.45,2021-09-27 00:00:00,0,0.0
33.250004,-119.34999,2021-09-27 00:00:00,0,0.0
33.250004,-119.25,2021-09-27 00:00:00,0,0.0
33.250004,-119.149994,2021-09-27 00:00:00,0,0.0
33.250004,-119.049995,2021-09-27 00:00:00,0,0.0
33.250004,-118.95,2021-09-27 00:00:00,0,0.0
33.250004,-118.84999,2021-09-27 00:00:00,0,0.0
33.250004,-118.75,2021-09-27 00:00:00,0,0.0
33.250004,-118.649994,2021-09-27 00:00:00,0,0.0
33.250004,-118.549995,2021-09-27 00:00:00,0,0.0
33.250004,-118.45,2021-09-27 00:00:00,0,0.0
33.250004,-118.34999,2021-09-27 00:00:00,0,0.0
33.250004,-118.25,2021-09-27 00:00:00,0,0.0
33.250004,-118.149994,2021-09-27 00:00:00,0,0.0
33.250004,-118.049995,2021-09-27 00:00:00,0,0.0
33.250004,-117.95,2021-09-27 00:00:00,0,0.0
33.250004,-117.84999,2021-09-27 00:00:00,0,0.0
33.250004,-117.75,2021-09-27 00:00:00,0,0.0
33.250004,-117.649994,2021-09-27 00:00:00,0,0.0
33.250004,-117.549995,2021-09-27 00:00:00,0,0.0
33.250004,-117.45,2021-09-27 00:00:00,0,0.0
33.250004,-117.34999,2021-09-27 00:00:00,0,0.0
33.250004,-117.25,2021-09-27 00:00:00,0,0.0
33.250004,-117.149994,2021-09-27 00:00:00,0,0.0
33.250004,-117.049995,2021-09-27 00:00:00,0,0.0
33.250004,-116.95,2021-09-27 00:00:00,0,0.0
33.250004,-116.84999,2021-09-27 00:00:00,0,0.0
33.250004,-116.75,2021-09-27 00:00:00,0,0.0
33.250004,-116.649994,2021-09-27 00:00:00,0,0.0
33.250004,-116.549995,2021-09-27 00:00:00,0,0.0
33.250004,-116.45,2021-09-27 00:00:00,0,0.0
33.250004,-116.34999,2021-09-27 00:00:00,0,0.0
33.250004,-116.25,2021-09-27 00:00:00,0,0.0
33.250004,-116.149994,2021-09-27 00:00:00,0,0.0
33.250004,-116.049995,2021-09-27 00:00:00,0,0.0
33.250004,-115.95,2021-09-27 00:00:00,0,0.0
33.250004,-115.85,2021-09-27 00:00:00,0,0.0
33.250004,-115.74999,2021-09-27 00:00:00,0,0.0
33.250004,-115.649994,2021-09-27 00:00:00,0,0.0
33.250004,-115.549995,2021-09-27 00:00:00,0,0.0
33.250004,-115.45,2021-09-27 00:00:00,0,0.0
33.250004,-115.35,2021-09-27 00:00:00,0,0.0
33.250004,-115.24999,2021-09-27 00:00:00,0,0.0
33.250004,-115.149994,2021-09-27 00:00:00,0,0.0
33.250004,-115.049995,2021-09-27 00:00:00,0,0.0
33.250004,-114.95,2021-09-27 00:00:00,0,0.0
33.250004,-114.85,2021-09-27 00:00:00,0,0.0
33.250004,-114.74999,2021-09-27 00:00:00,0,0.0
33.250004,-114.649994,2021-09-27 00:00:00,0,0.0
33.250004,-114.549995,2021-09-27 00:00:00,0,0.0
33.250004,-114.45,2021-09-27 00:00:00,0,0.0
33.250004,-114.35,2021-09-27 00:00:00,0,0.0
33.250004,-114.24999,2021-09-27 00:00:00,0,0.0
33.350002,-124.34999,2021-09-27 00:00:00,0,0.0
33.350002,-124.25,2021-09-27 00:00:00,0,0.0
33.350002,-124.149994,2021-09-27 00:00:00,0,0.0
33.350002,-124.049995,2021-09-27 00:00:00,0,0.0
33.350002,-123.95,2021-09-27 00:00:00,0,0.0
33.350002,-123.84999,2021-09-27 00:00:00,0,0.0
33.350002,-123.75,2021-09-27 00:00:00,0,0.0
33.350002,-123.649994,2021-09-27 00:00:00,0,0.0
33.350002,-123.549995,2021-09-27 00:00:00,0,0.0
33.350002,-123.45,2021-09-27 00:00:00,0,0.0
33.350002,-123.34999,2021-09-27 00:00:00,0,0.0
33.350002,-123.25,2021-09-27 00:00:00,0,0.0
33.350002,-123.149994,2021-09-27 00:00:00,0,0.0
33.350002,-123.049995,2021-09-27 00:00:00,0,0.0
33.350002,-122.95,2021-09-27 00:00:00,0,0.0
33.350002,-122.84999,2021-09-27 00:00:00,0,0.0
33.350002,-122.75,2021-09-27 00:00:00,0,0.0
33.350002,-122.649994,2021-09-27 00:00:00,0,0.0
33.350002,-122.549995,2021-09-27 00:00:00,0,0.0
33.350002,-122.45,2021-09-27 00:00:00,0,0.0
33.350002,-122.34999,2021-09-27 00:00:00,0,0.0
33.350002,-122.25,2021-09-27 00:00:00,0,0.0
33.350002,-122.149994,2021-09-27 00:00:00,0,0.0
33.350002,-122.049995,2021-09-27 00:00:00,0,0.0
33.350002,-121.95,2021-09-27 00:00:00,0,0.0
33.350002,-121.84999,2021-09-27 00:00:00,0,0.0
33.350002,-121.75,2021-09-27 00:00:00,0,0.0
33.350002,-121.649994,2021-09-27 00:00:00,0,0.0
33.350002,-121.549995,2021-09-27 00:00:00,0,0.0
33.350002,-121.45,2021-09-27 00:00:00,0,0.0
33.350002,-121.34999,2021-09-27 00:00:00,0,0.0
33.350002,-121.25,2021-09-27 00:00:00,0,0.0
33.350002,-121.149994,2021-09-27 00:00:00,0,0.0
33.350002,-121.049995,2021-09-27 00:00:00,0,0.0
33.350002,-120.95,2021-09-27 00:00:00,0,0.0
33.350002,-120.84999,2021-09-27 00:00:00,0,0.0
33.350002,-120.75,2021-09-27 00:00:00,0,0.0
33.350002,-120.649994,2021-09-27 00:00:00,0,0.0
33.350002,-120.549995,2021-09-27 00:00:00,0,0.0
33.350002,-120.45,2021-09-27 00:00:00,0,0.0
33.350002,-120.34999,2021-09-27 00:00:00,0,0.0
33.350002,-120.25,2021-09-27 00:00:00,0,0.0
33.350002,-120.149994,2021-09-27 00:00:00,0,0.0
33.350002,-120.049995,2021-09-27 00:00:00,0,0.0
33.350002,-119.95,2021-09-27 00:00:00,0,0.0
33.350002,-119.84999,2021-09-27 00:00:00,0,0.0
33.350002,-119.75,2021-09-27 00:00:00,0,0.0
33.350002,-119.649994,2021-09-27 00:00:00,0,0.0
33.350002,-119.549995,2021-09-27 00:00:00,0,0.0
33.350002,-119.45,2021-09-27 00:00:00,0,0.0
33.350002,-119.34999,2021-09-27 00:00:00,0,0.0
33.350002,-119.25,2021-09-27 00:00:00,0,0.0
33.350002,-119.149994,2021-09-27 00:00:00,0,0.0
33.350002,-119.049995,2021-09-27 00:00:00,0,0.0
33.350002,-118.95,2021-09-27 00:00:00,0,0.0
33.350002,-118.84999,2021-09-27 00:00:00,0,0.0
33.350002,-118.75,2021-09-27 00:00:00,0,0.0
33.350002,-118.649994,2021-09-27 00:00:00,0,0.0
33.350002,-118.549995,2021-09-27 00:00:00,0,0.0
33.350002,-118.45,2021-09-27 00:00:00,0,0.11656687
33.350002,-118.34999,2021-09-27 00:00:00,0,0.1900063
33.350002,-118.25,2021-09-27 00:00:00,0,0.0
33.350002,-118.149994,2021-09-27 00:00:00,0,0.0
33.350002,-118.049995,2021-09-27 00:00:00,0,0.0
33.350002,-117.95,2021-09-27 00:00:00,0,0.0
33.350002,-117.84999,2021-09-27 00:00:00,0,0.0
33.350002,-117.75,2021-09-27 00:00:00,0,0.0
33.350002,-117.649994,2021-09-27 00:00:00,0,0.0
33.350002,-117.549995,2021-09-27 00:00:00,0,0.0
33.350002,-117.45,2021-09-27 00:00:00,0,0.0
33.350002,-117.34999,2021-09-27 00:00:00,0,0.0
33.350002,-117.25,2021-09-27 00:00:00,0,0.0
33.350002,-117.149994,2021-09-27 00:00:00,0,0.0
33.350002,-117.049995,2021-09-27 00:00:00,0,0.0
33.350002,-116.95,2021-09-27 00:00:00,0,0.0
33.350002,-116.84999,2021-09-27 00:00:00,0,0.0
33.350002,-116.75,2021-09-27 00:00:00,0,0.0
33.350002,-116.649994,2021-09-27 00:00:00,0,0.0
33.350002,-116.549995,2021-09-27 00:00:00,0,0.0
33.350002,-116.45,2021-09-27 00:00:00,0,0.0
33.350002,-116.34999,2021-09-27 00:00:00,0,0.0
33.350002,-116.25,2021-09-27 00:00:00,0,0.0
33.350002,-116.149994,2021-09-27 00:00:00,0,0.0
33.350002,-116.049995,2021-09-27 00:00:00,0,0.0
33.350002,-115.95,2021-09-27 00:00:00,0,0.0
33.350002,-115.85,2021-09-27 00:00:00,0,0.0
33.350002,-115.74999,2021-09-27 00:00:00,0,0.0
33.350002,-115.649994,2021-09-27 00:00:00,0,0.0
33.350002,-115.549995,2021-09-27 00:00:00,0,0.0
33.350002,-115.45,2021-09-27 00:00:00,0,0.0
33.350002,-115.35,2021-09-27 00:00:00,0,0.0
33.350002,-115.24999,2021-09-27 00:00:00,0,0.0
33.350002,-115.149994,2021-09-27 00:00:00,0,0.0
33.350002,-115.049995,2021-09-27 00:00:00,0,0.0
33.350002,-114.95,2021-09-27 00:00:00,0,0.0
33.350002,-114.85,2021-09-27 00:00:00,0,0.0
33.350002,-114.74999,2021-09-27 00:00:00,0,0.0
33.350002,-114.649994,2021-09-27 00:00:00,0,0.0
33.350002,-114.549995,2021-09-27 00:00:00,0,0.0
33.350002,-114.45,2021-09-27 00:00:00,0,0.0
33.350002,-114.35,2021-09-27 00:00:00,0,0.0
33.350002,-114.24999,2021-09-27 00:00:00,0,0.0
33.45,-124.34999,2021-09-27 00:00:00,0,0.0
33.45,-124.25,2021-09-27 00:00:00,0,0.0
33.45,-124.149994,2021-09-27 00:00:00,0,0.0
33.45,-124.049995,2021-09-27 00:00:00,0,0.0
33.45,-123.95,2021-09-27 00:00:00,0,0.0
33.45,-123.84999,2021-09-27 00:00:00,0,0.0
33.45,-123.75,2021-09-27 00:00:00,0,0.0
33.45,-123.649994,2021-09-27 00:00:00,0,0.0
33.45,-123.549995,2021-09-27 00:00:00,0,0.0
33.45,-123.45,2021-09-27 00:00:00,0,0.0
33.45,-123.34999,2021-09-27 00:00:00,0,0.0
33.45,-123.25,2021-09-27 00:00:00,0,0.0
33.45,-123.149994,2021-09-27 00:00:00,0,0.0
33.45,-123.049995,2021-09-27 00:00:00,0,0.0
33.45,-122.95,2021-09-27 00:00:00,0,0.0
33.45,-122.84999,2021-09-27 00:00:00,0,0.0
33.45,-122.75,2021-09-27 00:00:00,0,0.0
33.45,-122.649994,2021-09-27 00:00:00,0,0.0
33.45,-122.549995,2021-09-27 00:00:00,0,0.0
33.45,-122.45,2021-09-27 00:00:00,0,0.0
33.45,-122.34999,2021-09-27 00:00:00,0,0.0
33.45,-122.25,2021-09-27 00:00:00,0,0.0
33.45,-122.149994,2021-09-27 00:00:00,0,0.0
33.45,-122.049995,2021-09-27 00:00:00,0,0.0
33.45,-121.95,2021-09-27 00:00:00,0,0.0
33.45,-121.84999,2021-09-27 00:00:00,0,0.0
33.45,-121.75,2021-09-27 00:00:00,0,0.0
33.45,-121.649994,2021-09-27 00:00:00,0,0.0
33.45,-121.549995,2021-09-27 00:00:00,0,0.0
33.45,-121.45,2021-09-27 00:00:00,0,0.0
33.45,-121.34999,2021-09-27 00:00:00,0,0.0
33.45,-121.25,2021-09-27 00:00:00,0,0.0
33.45,-121.149994,2021-09-27 00:00:00,0,0.0
33.45,-121.049995,2021-09-27 00:00:00,0,0.0
33.45,-120.95,2021-09-27 00:00:00,0,0.0
33.45,-120.84999,2021-09-27 00:00:00,0,0.0
33.45,-120.75,2021-09-27 00:00:00,0,0.0
33.45,-120.649994,2021-09-27 00:00:00,0,0.0
33.45,-120.549995,2021-09-27 00:00:00,0,0.0
33.45,-120.45,2021-09-27 00:00:00,0,0.0
33.45,-120.34999,2021-09-27 00:00:00,0,0.0
33.45,-120.25,2021-09-27 00:00:00,0,0.0
33.45,-120.149994,2021-09-27 00:00:00,0,0.0
33.45,-120.049995,2021-09-27 00:00:00,0,0.0
33.45,-119.95,2021-09-27 00:00:00,0,0.0
33.45,-119.84999,2021-09-27 00:00:00,0,0.0
33.45,-119.75,2021-09-27 00:00:00,0,0.0
33.45,-119.649994,2021-09-27 00:00:00,0,0.0
33.45,-119.549995,2021-09-27 00:00:00,0,0.0
33.45,-119.45,2021-09-27 00:00:00,0,0.0
33.45,-119.34999,2021-09-27 00:00:00,0,0.0
33.45,-119.25,2021-09-27 00:00:00,0,0.0
33.45,-119.149994,2021-09-27 00:00:00,0,0.0
33.45,-119.049995,2021-09-27 00:00:00,0,0.0
33.45,-118.95,2021-09-27 00:00:00,0,0.0
33.45,-118.84999,2021-09-27 00:00:00,0,0.0
33.45,-118.75,2021-09-27 00:00:00,0,0.0
33.45,-118.649994,2021-09-27 00:00:00,0,0.0
33.45,-118.549995,2021-09-27 00:00:00,0,0.12926914
33.45,-118.45,2021-09-27 00:00:00,0,0.0
33.45,-118.34999,2021-09-27 00:00:00,0,0.0
33.45,-118.25,2021-09-27 00:00:00,0,0.0
33.45,-118.149994,2021-09-27 00:00:00,0,0.0
33.45,-118.049995,2021-09-27 00:00:00,0,0.0
33.45,-117.95,2021-09-27 00:00:00,0,0.0
33.45,-117.84999,2021-09-27 00:00:00,0,0.0
33.45,-117.75,2021-09-27 00:00:00,0,0.0
33.45,-117.649994,2021-09-27 00:00:00,0,0.0
33.45,-117.549995,2021-09-27 00:00:00,0,0.0
33.45,-117.45,2021-09-27 00:00:00,0,0.0
33.45,-117.34999,2021-09-27 00:00:00,0,0.0
33.45,-117.25,2021-09-27 00:00:00,0,0.0
33.45,-117.149994,2021-09-27 00:00:00,0,0.0
33.45,-117.049995,2021-09-27 00:00:00,0,0.0
33.45,-116.95,2021-09-27 00:00:00,0,0.0
33.45,-116.84999,2021-09-27 00:00:00,0,0.0
33.45,-116.75,2021-09-27 00:00:00,0,0.0
33.45,-116.649994,2021-09-27 00:00:00,0,0.0
33.45,-116.549995,2021-09-27 00:00:00,0,0.0
33.45,-116.45,2021-09-27 00:00:00,0,0.0
33.45,-116.34999,2021-09-27 00:00:00,0,0.0
33.45,-116.25,2021-09-27 00:00:00,0,0.0
33.45,-116.149994,2021-09-27 00:00:00,0,0.0
33.45,-116.049995,2021-09-27 00:00:00,0,0.0
33.45,-115.95,2021-09-27 00:00:00,0,0.0
33.45,-115.85,2021-09-27 00:00:00,0,0.0
33.45,-115.74999,2021-09-27 00:00:00,0,0.0
33.45,-115.649994,2021-09-27 00:00:00,0,0.0
33.45,-115.549995,2021-09-27 00:00:00,0,0.0
33.45,-115.45,2021-09-27 00:00:00,0,0.0
33.45,-115.35,2021-09-27 00:00:00,0,0.0
33.45,-115.24999,2021-09-27 00:00:00,0,0.0
33.45,-115.149994,2021-09-27 00:00:00,0,0.0
33.45,-115.049995,2021-09-27 00:00:00,0,0.0
33.45,-114.95,2021-09-27 00:00:00,0,0.0
33.45,-114.85,2021-09-27 00:00:00,0,0.0
33.45,-114.74999,2021-09-27 00:00:00,0,0.0
33.45,-114.649994,2021-09-27 00:00:00,0,0.0
33.45,-114.549995,2021-09-27 00:00:00,0,0.0
33.45,-114.45,2021-09-27 00:00:00,0,0.0
33.45,-114.35,2021-09-27 00:00:00,0,0.0
33.45,-114.24999,2021-09-27 00:00:00,0,0.0
33.55,-124.34999,2021-09-27 00:00:00,0,0.0
33.55,-124.25,2021-09-27 00:00:00,0,0.0
33.55,-124.149994,2021-09-27 00:00:00,0,0.0
33.55,-124.049995,2021-09-27 00:00:00,0,0.0
33.55,-123.95,2021-09-27 00:00:00,0,0.0
33.55,-123.84999,2021-09-27 00:00:00,0,0.0
33.55,-123.75,2021-09-27 00:00:00,0,0.0
33.55,-123.649994,2021-09-27 00:00:00,0,0.0
33.55,-123.549995,2021-09-27 00:00:00,0,0.0
33.55,-123.45,2021-09-27 00:00:00,0,0.0
33.55,-123.34999,2021-09-27 00:00:00,0,0.0
33.55,-123.25,2021-09-27 00:00:00,0,0.0
33.55,-123.149994,2021-09-27 00:00:00,0,0.0
33.55,-123.049995,2021-09-27 00:00:00,0,0.0
33.55,-122.95,2021-09-27 00:00:00,0,0.0
33.55,-122.84999,2021-09-27 00:00:00,0,0.0
33.55,-122.75,2021-09-27 00:00:00,0,0.0
33.55,-122.649994,2021-09-27 00:00:00,0,0.0
33.55,-122.549995,2021-09-27 00:00:00,0,0.0
33.55,-122.45,2021-09-27 00:00:00,0,0.0
33.55,-122.34999,2021-09-27 00:00:00,0,0.0
33.55,-122.25,2021-09-27 00:00:00,0,0.0
33.55,-122.149994,2021-09-27 00:00:00,0,0.0
33.55,-122.049995,2021-09-27 00:00:00,0,0.0
33.55,-121.95,2021-09-27 00:00:00,0,0.0
33.55,-121.84999,2021-09-27 00:00:00,0,0.0
33.55,-121.75,2021-09-27 00:00:00,0,0.0
33.55,-121.649994,2021-09-27 00:00:00,0,0.0
33.55,-121.549995,2021-09-27 00:00:00,0,0.0
33.55,-121.45,2021-09-27 00:00:00,0,0.0
33.55,-121.34999,2021-09-27 00:00:00,0,0.0
33.55,-121.25,2021-09-27 00:00:00,0,0.0
33.55,-121.149994,2021-09-27 00:00:00,0,0.0
33.55,-121.049995,2021-09-27 00:00:00,0,0.0
33.55,-120.95,2021-09-27 00:00:00,0,0.0
33.55,-120.84999,2021-09-27 00:00:00,0,0.0
33.55,-120.75,2021-09-27 00:00:00,0,0.0
33.55,-120.649994,2021-09-27 00:00:00,0,0.0
33.55,-120.549995,2021-09-27 00:00:00,0,0.0
33.55,-120.45,2021-09-27 00:00:00,0,0.0
33.55,-120.34999,2021-09-27 00:00:00,0,0.0
33.55,-120.25,2021-09-27 00:00:00,0,0.0
33.55,-120.149994,2021-09-27 00:00:00,0,0.0
33.55,-120.049995,2021-09-27 00:00:00,0,0.0
33.55,-119.95,2021-09-27 00:00:00,0,0.0
33.55,-119.84999,2021-09-27 00:00:00,0,0.0
33.55,-119.75,2021-09-27 00:00:00,0,0.0
33.55,-119.649994,2021-09-27 00:00:00,0,0.0
33.55,-119.549995,2021-09-27 00:00:00,0,0.0
33.55,-119.45,2021-09-27 00:00:00,0,0.0
33.55,-119.34999,2021-09-27 00:00:00,0,0.0
33.55,-119.25,2021-09-27 00:00:00,0,0.0
33.55,-119.149994,2021-09-27 00:00:00,0,0.0
33.55,-119.049995,2021-09-27 00:00:00,0,0.0
33.55,-118.95,2021-09-27 00:00:00,0,0.0
33.55,-118.84999,2021-09-27 00:00:00,0,0.0
33.55,-118.75,2021-09-27 00:00:00,0,0.0
33.55,-118.649994,2021-09-27 00:00:00,0,0.0
33.55,-118.549995,2021-09-27 00:00:00,0,0.0
33.55,-118.45,2021-09-27 00:00:00,0,0.0
33.55,-118.34999,2021-09-27 00:00:00,0,0.0
33.55,-118.25,2021-09-27 00:00:00,0,0.0
33.55,-118.149994,2021-09-27 00:00:00,0,0.0
33.55,-118.049995,2021-09-27 00:00:00,0,0.0
33.55,-117.95,2021-09-27 00:00:00,0,0.0
33.55,-117.84999,2021-09-27 00:00:00,0,0.0
33.55,-117.75,2021-09-27 00:00:00,0,0.0
33.55,-117.649994,2021-09-27 00:00:00,0,0.0
33.55,-117.549995,2021-09-27 00:00:00,0,0.0
33.55,-117.45,2021-09-27 00:00:00,0,0.0
33.55,-117.34999,2021-09-27 00:00:00,0,0.0
33.55,-117.25,2021-09-27 00:00:00,0,0.0
33.55,-117.149994,2021-09-27 00:00:00,0,0.0
33.55,-117.049995,2021-09-27 00:00:00,0,0.0
33.55,-116.95,2021-09-27 00:00:00,0,0.0
33.55,-116.84999,2021-09-27 00:00:00,0,0.0
33.55,-116.75,2021-09-27 00:00:00,0,0.0
33.55,-116.649994,2021-09-27 00:00:00,0,0.0
33.55,-116.549995,2021-09-27 00:00:00,0,0.0
33.55,-116.45,2021-09-27 00:00:00,0,0.0
33.55,-116.34999,2021-09-27 00:00:00,0,0.0
33.55,-116.25,2021-09-27 00:00:00,0,0.0
33.55,-116.149994,2021-09-27 00:00:00,0,0.0
33.55,-116.049995,2021-09-27 00:00:00,0,0.0
33.55,-115.95,2021-09-27 00:00:00,0,0.0
33.55,-115.85,2021-09-27 00:00:00,0,0.0
33.55,-115.74999,2021-09-27 00:00:00,0,0.0
33.55,-115.649994,2021-09-27 00:00:00,0,0.0
33.55,-115.549995,2021-09-27 00:00:00,0,0.0
33.55,-115.45,2021-09-27 00:00:00,0,0.0
33.55,-115.35,2021-09-27 00:00:00,0,0.0
33.55,-115.24999,2021-09-27 00:00:00,0,0.0
33.55,-115.149994,2021-09-27 00:00:00,0,0.0
33.55,-115.049995,2021-09-27 00:00:00,0,0.0
33.55,-114.95,2021-09-27 00:00:00,0,0.0
33.55,-114.85,2021-09-27 00:00:00,0,0.0
33.55,-114.74999,2021-09-27 00:00:00,0,0.0
33.55,-114.649994,2021-09-27 00:00:00,0,0.06043506
33.55,-114.549995,2021-09-27 00:00:00,0,0.018502405
33.55,-114.45,2021-09-27 00:00:00,0,0.0
33.55,-114.35,2021-09-27 00:00:00,0,0.0
33.55,-114.24999,2021-09-27 00:00:00,0,0.0
33.649998,-124.34999,2021-09-27 00:00:00,0,0.0
33.649998,-124.25,2021-09-27 00:00:00,0,0.0
33.649998,-124.149994,2021-09-27 00:00:00,0,0.0
33.649998,-124.049995,2021-09-27 00:00:00,0,0.0
33.649998,-123.95,2021-09-27 00:00:00,0,0.0
33.649998,-123.84999,2021-09-27 00:00:00,0,0.0
33.649998,-123.75,2021-09-27 00:00:00,0,0.0
33.649998,-123.649994,2021-09-27 00:00:00,0,0.0
33.649998,-123.549995,2021-09-27 00:00:00,0,0.0
33.649998,-123.45,2021-09-27 00:00:00,0,0.0
33.649998,-123.34999,2021-09-27 00:00:00,0,0.0
33.649998,-123.25,2021-09-27 00:00:00,0,0.0
33.649998,-123.149994,2021-09-27 00:00:00,0,0.0
33.649998,-123.049995,2021-09-27 00:00:00,0,0.0
33.649998,-122.95,2021-09-27 00:00:00,0,0.0
33.649998,-122.84999,2021-09-27 00:00:00,0,0.0
33.649998,-122.75,2021-09-27 00:00:00,0,0.0
33.649998,-122.649994,2021-09-27 00:00:00,0,0.0
33.649998,-122.549995,2021-09-27 00:00:00,0,0.0
33.649998,-122.45,2021-09-27 00:00:00,0,0.0
33.649998,-122.34999,2021-09-27 00:00:00,0,0.0
33.649998,-122.25,2021-09-27 00:00:00,0,0.0
33.649998,-122.149994,2021-09-27 00:00:00,0,0.0
33.649998,-122.049995,2021-09-27 00:00:00,0,0.0
33.649998,-121.95,2021-09-27 00:00:00,0,0.0
33.649998,-121.84999,2021-09-27 00:00:00,0,0.0
33.649998,-121.75,2021-09-27 00:00:00,0,0.0
33.649998,-121.649994,2021-09-27 00:00:00,0,0.0
33.649998,-121.549995,2021-09-27 00:00:00,0,0.0
33.649998,-121.45,2021-09-27 00:00:00,0,0.0
33.649998,-121.34999,2021-09-27 00:00:00,0,0.0
33.649998,-121.25,2021-09-27 00:00:00,0,0.0
33.649998,-121.149994,2021-09-27 00:00:00,0,0.0
33.649998,-121.049995,2021-09-27 00:00:00,0,0.0
33.649998,-120.95,2021-09-27 00:00:00,0,0.0
33.649998,-120.84999,2021-09-27 00:00:00,0,0.0
33.649998,-120.75,2021-09-27 00:00:00,0,0.0
33.649998,-120.649994,2021-09-27 00:00:00,0,0.0
33.649998,-120.549995,2021-09-27 00:00:00,0,0.0
33.649998,-120.45,2021-09-27 00:00:00,0,0.0
33.649998,-120.34999,2021-09-27 00:00:00,0,0.0
33.649998,-120.25,2021-09-27 00:00:00,0,0.0
33.649998,-120.149994,2021-09-27 00:00:00,0,0.0
33.649998,-120.049995,2021-09-27 00:00:00,0,0.0
33.649998,-119.95,2021-09-27 00:00:00,0,0.0
33.649998,-119.84999,2021-09-27 00:00:00,0,0.0
33.649998,-119.75,2021-09-27 00:00:00,0,0.0
33.649998,-119.649994,2021-09-27 00:00:00,0,0.0
33.649998,-119.549995,2021-09-27 00:00:00,0,0.0
33.649998,-119.45,2021-09-27 00:00:00,0,0.0
33.649998,-119.34999,2021-09-27 00:00:00,0,0.0
33.649998,-119.25,2021-09-27 00:00:00,0,0.0
33.649998,-119.149994,2021-09-27 00:00:00,0,0.0
33.649998,-119.049995,2021-09-27 00:00:00,0,0.0
33.649998,-118.95,2021-09-27 00:00:00,0,0.0
33.649998,-118.84999,2021-09-27 00:00:00,0,0.0
33.649998,-118.75,2021-09-27 00:00:00,0,0.0
33.649998,-118.649994,2021-09-27 00:00:00,0,0.0
33.649998,-118.549995,2021-09-27 00:00:00,0,0.0
33.649998,-118.45,2021-09-27 00:00:00,0,0.0
33.649998,-118.34999,2021-09-27 00:00:00,0,0.0
33.649998,-118.25,2021-09-27 00:00:00,0,0.0
33.649998,-118.149994,2021-09-27 00:00:00,0,0.0
33.649998,-118.049995,2021-09-27 00:00:00,0,0.0
33.649998,-117.95,2021-09-27 00:00:00,0,0.0
33.649998,-117.84999,2021-09-27 00:00:00,0,0.0
33.649998,-117.75,2021-09-27 00:00:00,0,0.0
33.649998,-117.649994,2021-09-27 00:00:00,0,0.0
33.649998,-117.549995,2021-09-27 00:00:00,0,0.0
33.649998,-117.45,2021-09-27 00:00:00,0,0.0
33.649998,-117.34999,2021-09-27 00:00:00,0,0.0
33.649998,-117.25,2021-09-27 00:00:00,0,0.0
33.649998,-117.149994,2021-09-27 00:00:00,0,0.0
33.649998,-117.049995,2021-09-27 00:00:00,0,0.0
33.649998,-116.95,2021-09-27 00:00:00,0,0.0
33.649998,-116.84999,2021-09-27 00:00:00,0,0.0
33.649998,-116.75,2021-09-27 00:00:00,0,0.0
33.649998,-116.649994,2021-09-27 00:00:00,0,0.0
33.649998,-116.549995,2021-09-27 00:00:00,0,0.0
33.649998,-116.45,2021-09-27 00:00:00,0,0.0
33.649998,-116.34999,2021-09-27 00:00:00,0,0.0
33.649998,-116.25,2021-09-27 00:00:00,0,0.0
33.649998,-116.149994,2021-09-27 00:00:00,0,0.0
33.649998,-116.049995,2021-09-27 00:00:00,0,0.0
33.649998,-115.95,2021-09-27 00:00:00,0,0.0
33.649998,-115.85,2021-09-27 00:00:00,0,0.0
33.649998,-115.74999,2021-09-27 00:00:00,0,0.0
33.649998,-115.649994,2021-09-27 00:00:00,0,0.0
33.649998,-115.549995,2021-09-27 00:00:00,0,0.0
33.649998,-115.45,2021-09-27 00:00:00,0,0.0
33.649998,-115.35,2021-09-27 00:00:00,0,0.0
33.649998,-115.24999,2021-09-27 00:00:00,0,0.0
33.649998,-115.149994,2021-09-27 00:00:00,0,0.0
33.649998,-115.049995,2021-09-27 00:00:00,0,0.0
33.649998,-114.95,2021-09-27 00:00:00,0,0.0
33.649998,-114.85,2021-09-27 00:00:00,0,0.0
33.649998,-114.74999,2021-09-27 00:00:00,0,0.0
33.649998,-114.649994,2021-09-27 00:00:00,0,0.041932654
33.649998,-114.549995,2021-09-27 00:00:00,0,0.06043506
33.649998,-114.45,2021-09-27 00:00:00,0,0.0
33.649998,-114.35,2021-09-27 00:00:00,0,0.0
33.649998,-114.24999,2021-09-27 00:00:00,0,0.0
33.750004,-124.34999,2021-09-27 00:00:00,0,0.0
33.750004,-124.25,2021-09-27 00:00:00,0,0.0
33.750004,-124.149994,2021-09-27 00:00:00,0,0.0
33.750004,-124.049995,2021-09-27 00:00:00,0,0.0
33.750004,-123.95,2021-09-27 00:00:00,0,0.0
33.750004,-123.84999,2021-09-27 00:00:00,0,0.0
33.750004,-123.75,2021-09-27 00:00:00,0,0.0
33.750004,-123.649994,2021-09-27 00:00:00,0,0.0
33.750004,-123.549995,2021-09-27 00:00:00,0,0.0
33.750004,-123.45,2021-09-27 00:00:00,0,0.0
33.750004,-123.34999,2021-09-27 00:00:00,0,0.0
33.750004,-123.25,2021-09-27 00:00:00,0,0.0
33.750004,-123.149994,2021-09-27 00:00:00,0,0.0
33.750004,-123.049995,2021-09-27 00:00:00,0,0.0
33.750004,-122.95,2021-09-27 00:00:00,0,0.0
33.750004,-122.84999,2021-09-27 00:00:00,0,0.0
33.750004,-122.75,2021-09-27 00:00:00,0,0.0
33.750004,-122.649994,2021-09-27 00:00:00,0,0.0
33.750004,-122.549995,2021-09-27 00:00:00,0,0.0
33.750004,-122.45,2021-09-27 00:00:00,0,0.0
33.750004,-122.34999,2021-09-27 00:00:00,0,0.0
33.750004,-122.25,2021-09-27 00:00:00,0,0.0
33.750004,-122.149994,2021-09-27 00:00:00,0,0.0
33.750004,-122.049995,2021-09-27 00:00:00,0,0.0
33.750004,-121.95,2021-09-27 00:00:00,0,0.0
33.750004,-121.84999,2021-09-27 00:00:00,0,0.0
33.750004,-121.75,2021-09-27 00:00:00,0,0.0
33.750004,-121.649994,2021-09-27 00:00:00,0,0.0
33.750004,-121.549995,2021-09-27 00:00:00,0,0.0
33.750004,-121.45,2021-09-27 00:00:00,0,0.0
33.750004,-121.34999,2021-09-27 00:00:00,0,0.0
33.750004,-121.25,2021-09-27 00:00:00,0,0.0
33.750004,-121.149994,2021-09-27 00:00:00,0,0.0
33.750004,-121.049995,2021-09-27 00:00:00,0,0.0
33.750004,-120.95,2021-09-27 00:00:00,0,0.0
33.750004,-120.84999,2021-09-27 00:00:00,0,0.0
33.750004,-120.75,2021-09-27 00:00:00,0,0.0
33.750004,-120.649994,2021-09-27 00:00:00,0,0.0
33.750004,-120.549995,2021-09-27 00:00:00,0,0.0
33.750004,-120.45,2021-09-27 00:00:00,0,0.0
33.750004,-120.34999,2021-09-27 00:00:00,0,0.0
33.750004,-120.25,2021-09-27 00:00:00,0,0.0
33.750004,-120.149994,2021-09-27 00:00:00,0,0.0
33.750004,-120.049995,2021-09-27 00:00:00,0,0.0
33.750004,-119.95,2021-09-27 00:00:00,0,0.0
33.750004,-119.84999,2021-09-27 00:00:00,0,0.0
33.750004,-119.75,2021-09-27 00:00:00,0,0.0
33.750004,-119.649994,2021-09-27 00:00:00,0,0.0
33.750004,-119.549995,2021-09-27 00:00:00,0,0.0
33.750004,-119.45,2021-09-27 00:00:00,0,0.0
33.750004,-119.34999,2021-09-27 00:00:00,0,0.0
33.750004,-119.25,2021-09-27 00:00:00,0,0.0
33.750004,-119.149994,2021-09-27 00:00:00,0,0.0
33.750004,-119.049995,2021-09-27 00:00:00,0,0.0
33.750004,-118.95,2021-09-27 00:00:00,0,0.0
33.750004,-118.84999,2021-09-27 00:00:00,0,0.0
33.750004,-118.75,2021-09-27 00:00:00,0,0.0
33.750004,-118.649994,2021-09-27 00:00:00,0,0.0
33.750004,-118.549995,2021-09-27 00:00:00,0,0.0
33.750004,-118.45,2021-09-27 00:00:00,0,0.0
33.750004,-118.34999,2021-09-27 00:00:00,0,0.0
33.750004,-118.25,2021-09-27 00:00:00,0,0.0
33.750004,-118.149994,2021-09-27 00:00:00,0,0.0
33.750004,-118.049995,2021-09-27 00:00:00,0,0.0
33.750004,-117.95,2021-09-27 00:00:00,0,0.0
33.750004,-117.84999,2021-09-27 00:00:00,0,0.0
33.750004,-117.75,2021-09-27 00:00:00,0,0.0
33.750004,-117.649994,2021-09-27 00:00:00,0,0.0
33.750004,-117.549995,2021-09-27 00:00:00,0,0.0
33.750004,-117.45,2021-09-27 00:00:00,0,0.0
33.750004,-117.34999,2021-09-27 00:00:00,0,0.0
33.750004,-117.25,2021-09-27 00:00:00,0,0.0
33.750004,-117.149994,2021-09-27 00:00:00,0,0.0
33.750004,-117.049995,2021-09-27 00:00:00,0,0.0
33.750004,-116.95,2021-09-27 00:00:00,0,0.0
33.750004,-116.84999,2021-09-27 00:00:00,0,0.0
33.750004,-116.75,2021-09-27 00:00:00,0,0.0
33.750004,-116.649994,2021-09-27 00:00:00,0,0.0
33.750004,-116.549995,2021-09-27 00:00:00,0,0.0
33.750004,-116.45,2021-09-27 00:00:00,0,0.0
33.750004,-116.34999,2021-09-27 00:00:00,0,0.0
33.750004,-116.25,2021-09-27 00:00:00,0,0.0
33.750004,-116.149994,2021-09-27 00:00:00,0,0.0
33.750004,-116.049995,2021-09-27 00:00:00,0,0.0
33.750004,-115.95,2021-09-27 00:00:00,0,0.0
33.750004,-115.85,2021-09-27 00:00:00,0,0.0
33.750004,-115.74999,2021-09-27 00:00:00,0,0.0
33.750004,-115.649994,2021-09-27 00:00:00,0,0.0
33.750004,-115.549995,2021-09-27 00:00:00,0,0.0
33.750004,-115.45,2021-09-27 00:00:00,0,0.0
33.750004,-115.35,2021-09-27 00:00:00,0,0.0
33.750004,-115.24999,2021-09-27 00:00:00,0,0.0
33.750004,-115.149994,2021-09-27 00:00:00,0,0.0
33.750004,-115.049995,2021-09-27 00:00:00,0,0.0
33.750004,-114.95,2021-09-27 00:00:00,0,0.0
33.750004,-114.85,2021-09-27 00:00:00,0,0.0
33.750004,-114.74999,2021-09-27 00:00:00,0,0.33546123
33.750004,-114.649994,2021-09-27 00:00:00,0,0.035
33.750004,-114.549995,2021-09-27 00:00:00,0,0.0
33.750004,-114.45,2021-09-27 00:00:00,0,0.0
33.750004,-114.35,2021-09-27 00:00:00,0,0.0
33.750004,-114.24999,2021-09-27 00:00:00,0,0.0
33.850002,-124.34999,2021-09-27 00:00:00,0,0.0
33.850002,-124.25,2021-09-27 00:00:00,0,0.0
33.850002,-124.149994,2021-09-27 00:00:00,0,0.0
33.850002,-124.049995,2021-09-27 00:00:00,0,0.0
33.850002,-123.95,2021-09-27 00:00:00,0,0.0
33.850002,-123.84999,2021-09-27 00:00:00,0,0.0
33.850002,-123.75,2021-09-27 00:00:00,0,0.0
33.850002,-123.649994,2021-09-27 00:00:00,0,0.0
33.850002,-123.549995,2021-09-27 00:00:00,0,0.0
33.850002,-123.45,2021-09-27 00:00:00,0,0.0
33.850002,-123.34999,2021-09-27 00:00:00,0,0.0
33.850002,-123.25,2021-09-27 00:00:00,0,0.0
33.850002,-123.149994,2021-09-27 00:00:00,0,0.0
33.850002,-123.049995,2021-09-27 00:00:00,0,0.0
33.850002,-122.95,2021-09-27 00:00:00,0,0.0
33.850002,-122.84999,2021-09-27 00:00:00,0,0.0
33.850002,-122.75,2021-09-27 00:00:00,0,0.0
33.850002,-122.649994,2021-09-27 00:00:00,0,0.0
33.850002,-122.549995,2021-09-27 00:00:00,0,0.0
33.850002,-122.45,2021-09-27 00:00:00,0,0.0
33.850002,-122.34999,2021-09-27 00:00:00,0,0.0
33.850002,-122.25,2021-09-27 00:00:00,0,0.0
33.850002,-122.149994,2021-09-27 00:00:00,0,0.0
33.850002,-122.049995,2021-09-27 00:00:00,0,0.0
33.850002,-121.95,2021-09-27 00:00:00,0,0.0
33.850002,-121.84999,2021-09-27 00:00:00,0,0.0
33.850002,-121.75,2021-09-27 00:00:00,0,0.0
33.850002,-121.649994,2021-09-27 00:00:00,0,0.0
33.850002,-121.549995,2021-09-27 00:00:00,0,0.0
33.850002,-121.45,2021-09-27 00:00:00,0,0.0
33.850002,-121.34999,2021-09-27 00:00:00,0,0.0
33.850002,-121.25,2021-09-27 00:00:00,0,0.0
33.850002,-121.149994,2021-09-27 00:00:00,0,0.0
33.850002,-121.049995,2021-09-27 00:00:00,0,0.0
33.850002,-120.95,2021-09-27 00:00:00,0,0.0
33.850002,-120.84999,2021-09-27 00:00:00,0,0.0
33.850002,-120.75,2021-09-27 00:00:00,0,0.0
33.850002,-120.649994,2021-09-27 00:00:00,0,0.0
33.850002,-120.549995,2021-09-27 00:00:00,0,0.0
33.850002,-120.45,2021-09-27 00:00:00,0,0.0
33.850002,-120.34999,2021-09-27 00:00:00,0,0.0
33.850002,-120.25,2021-09-27 00:00:00,0,0.0
33.850002,-120.149994,2021-09-27 00:00:00,0,0.0
33.850002,-120.049995,2021-09-27 00:00:00,0,0.0
33.850002,-119.95,2021-09-27 00:00:00,0,0.0
33.850002,-119.84999,2021-09-27 00:00:00,0,0.0
33.850002,-119.75,2021-09-27 00:00:00,0,0.0
33.850002,-119.649994,2021-09-27 00:00:00,0,0.0
33.850002,-119.549995,2021-09-27 00:00:00,0,0.0
33.850002,-119.45,2021-09-27 00:00:00,0,0.0
33.850002,-119.34999,2021-09-27 00:00:00,0,0.0
33.850002,-119.25,2021-09-27 00:00:00,0,0.0
33.850002,-119.149994,2021-09-27 00:00:00,0,0.0
33.850002,-119.049995,2021-09-27 00:00:00,0,0.0
33.850002,-118.95,2021-09-27 00:00:00,0,0.0
33.850002,-118.84999,2021-09-27 00:00:00,0,0.0
33.850002,-118.75,2021-09-27 00:00:00,0,0.0
33.850002,-118.649994,2021-09-27 00:00:00,0,0.0
33.850002,-118.549995,2021-09-27 00:00:00,0,0.0
33.850002,-118.45,2021-09-27 00:00:00,0,0.0
33.850002,-118.34999,2021-09-27 00:00:00,0,0.051788345
33.850002,-118.25,2021-09-27 00:00:00,0,0.0
33.850002,-118.149994,2021-09-27 00:00:00,0,0.0
33.850002,-118.049995,2021-09-27 00:00:00,0,0.0
33.850002,-117.95,2021-09-27 00:00:00,0,0.0
33.850002,-117.84999,2021-09-27 00:00:00,0,0.0
33.850002,-117.75,2021-09-27 00:00:00,0,0.0
33.850002,-117.649994,2021-09-27 00:00:00,0,0.0
33.850002,-117.549995,2021-09-27 00:00:00,0,0.0
33.850002,-117.45,2021-09-27 00:00:00,0,0.0
33.850002,-117.34999,2021-09-27 00:00:00,0,0.0
33.850002,-117.25,2021-09-27 00:00:00,0,0.0
33.850002,-117.149994,2021-09-27 00:00:00,0,0.0
33.850002,-117.049995,2021-09-27 00:00:00,0,0.0
33.850002,-116.95,2021-09-27 00:00:00,0,0.0
33.850002,-116.84999,2021-09-27 00:00:00,0,0.0
33.850002,-116.75,2021-09-27 00:00:00,0,0.0
33.850002,-116.649994,2021-09-27 00:00:00,0,0.0
33.850002,-116.549995,2021-09-27 00:00:00,0,0.0
33.850002,-116.45,2021-09-27 00:00:00,0,0.0
33.850002,-116.34999,2021-09-27 00:00:00,0,0.0
33.850002,-116.25,2021-09-27 00:00:00,0,0.0
33.850002,-116.149994,2021-09-27 00:00:00,0,0.0
33.850002,-116.049995,2021-09-27 00:00:00,0,0.0
33.850002,-115.95,2021-09-27 00:00:00,0,0.0
33.850002,-115.85,2021-09-27 00:00:00,0,0.0
33.850002,-115.74999,2021-09-27 00:00:00,0,0.0
33.850002,-115.649994,2021-09-27 00:00:00,0,0.0
33.850002,-115.549995,2021-09-27 00:00:00,0,0.0
33.850002,-115.45,2021-09-27 00:00:00,0,0.0
33.850002,-115.35,2021-09-27 00:00:00,0,0.0
33.850002,-115.24999,2021-09-27 00:00:00,0,0.0
33.850002,-115.149994,2021-09-27 00:00:00,0,0.0
33.850002,-115.049995,2021-09-27 00:00:00,0,0.0
33.850002,-114.95,2021-09-27 00:00:00,0,0.0
33.850002,-114.85,2021-09-27 00:00:00,0,0.0
33.850002,-114.74999,2021-09-27 00:00:00,0,0.06043506
33.850002,-114.649994,2021-09-27 00:00:00,0,0.12549224
33.850002,-114.549995,2021-09-27 00:00:00,0,0.0
33.850002,-114.45,2021-09-27 00:00:00,0,0.0
33.850002,-114.35,2021-09-27 00:00:00,0,0.0
33.850002,-114.24999,2021-09-27 00:00:00,0,0.0
33.95,-124.34999,2021-09-27 00:00:00,0,0.0
33.95,-124.25,2021-09-27 00:00:00,0,0.0
33.95,-124.149994,2021-09-27 00:00:00,0,0.0
33.95,-124.049995,2021-09-27 00:00:00,0,0.0
33.95,-123.95,2021-09-27 00:00:00,0,0.0
33.95,-123.84999,2021-09-27 00:00:00,0,0.0
33.95,-123.75,2021-09-27 00:00:00,0,0.0
33.95,-123.649994,2021-09-27 00:00:00,0,0.0
33.95,-123.549995,2021-09-27 00:00:00,0,0.0
33.95,-123.45,2021-09-27 00:00:00,0,0.0
33.95,-123.34999,2021-09-27 00:00:00,0,0.0
33.95,-123.25,2021-09-27 00:00:00,0,0.0
33.95,-123.149994,2021-09-27 00:00:00,0,0.0
33.95,-123.049995,2021-09-27 00:00:00,0,0.0
33.95,-122.95,2021-09-27 00:00:00,0,0.0
33.95,-122.84999,2021-09-27 00:00:00,0,0.0
33.95,-122.75,2021-09-27 00:00:00,0,0.0
33.95,-122.649994,2021-09-27 00:00:00,0,0.0
33.95,-122.549995,2021-09-27 00:00:00,0,0.0
33.95,-122.45,2021-09-27 00:00:00,0,0.0
33.95,-122.34999,2021-09-27 00:00:00,0,0.0
33.95,-122.25,2021-09-27 00:00:00,0,0.0
33.95,-122.149994,2021-09-27 00:00:00,0,0.0
33.95,-122.049995,2021-09-27 00:00:00,0,0.0
33.95,-121.95,2021-09-27 00:00:00,0,0.0
33.95,-121.84999,2021-09-27 00:00:00,0,0.0
33.95,-121.75,2021-09-27 00:00:00,0,0.0
33.95,-121.649994,2021-09-27 00:00:00,0,0.0
33.95,-121.549995,2021-09-27 00:00:00,0,0.0
33.95,-121.45,2021-09-27 00:00:00,0,0.0
33.95,-121.34999,2021-09-27 00:00:00,0,0.0
33.95,-121.25,2021-09-27 00:00:00,0,0.0
33.95,-121.149994,2021-09-27 00:00:00,0,0.0
33.95,-121.049995,2021-09-27 00:00:00,0,0.0
33.95,-120.95,2021-09-27 00:00:00,0,0.0
33.95,-120.84999,2021-09-27 00:00:00,0,0.0
33.95,-120.75,2021-09-27 00:00:00,0,0.0
33.95,-120.649994,2021-09-27 00:00:00,0,0.0
33.95,-120.549995,2021-09-27 00:00:00,0,0.0
33.95,-120.45,2021-09-27 00:00:00,0,0.0
33.95,-120.34999,2021-09-27 00:00:00,0,0.0
33.95,-120.25,2021-09-27 00:00:00,0,0.0
33.95,-120.149994,2021-09-27 00:00:00,0,0.08592431
33.95,-120.049995,2021-09-27 00:00:00,0,0.17660439
33.95,-119.95,2021-09-27 00:00:00,0,0.0
33.95,-119.84999,2021-09-27 00:00:00,0,0.0
33.95,-119.75,2021-09-27 00:00:00,0,0.0
33.95,-119.649994,2021-09-27 00:00:00,0,0.0
33.95,-119.549995,2021-09-27 00:00:00,0,0.0
33.95,-119.45,2021-09-27 00:00:00,0,0.0
33.95,-119.34999,2021-09-27 00:00:00,0,0.0
33.95,-119.25,2021-09-27 00:00:00,0,0.0
33.95,-119.149994,2021-09-27 00:00:00,0,0.0
33.95,-119.049995,2021-09-27 00:00:00,0,0.0
33.95,-118.95,2021-09-27 00:00:00,0,0.0
33.95,-118.84999,2021-09-27 00:00:00,0,0.0
33.95,-118.75,2021-09-27 00:00:00,0,0.0
33.95,-118.649994,2021-09-27 00:00:00,0,0.0
33.95,-118.549995,2021-09-27 00:00:00,0,0.0
33.95,-118.45,2021-09-27 00:00:00,0,0.0
33.95,-118.34999,2021-09-27 00:00:00,0,0.0
33.95,-118.25,2021-09-27 00:00:00,0,0.0
33.95,-118.149994,2021-09-27 00:00:00,0,0.0
33.95,-118.049995,2021-09-27 00:00:00,0,0.0
33.95,-117.95,2021-09-27 00:00:00,0,0.0
33.95,-117.84999,2021-09-27 00:00:00,0,0.0
33.95,-117.75,2021-09-27 00:00:00,0,0.0
33.95,-117.649994,2021-09-27 00:00:00,0,0.0
33.95,-117.549995,2021-09-27 00:00:00,0,0.0
33.95,-117.45,2021-09-27 00:00:00,0,0.0
33.95,-117.34999,2021-09-27 00:00:00,0,0.0
33.95,-117.25,2021-09-27 00:00:00,0,0.0
33.95,-117.149994,2021-09-27 00:00:00,0,0.0
33.95,-117.049995,2021-09-27 00:00:00,0,0.0
33.95,-116.95,2021-09-27 00:00:00,0,0.0
33.95,-116.84999,2021-09-27 00:00:00,0,0.041932654
33.95,-116.75,2021-09-27 00:00:00,0,0.011264294
33.95,-116.649994,2021-09-27 00:00:00,0,0.0
33.95,-116.549995,2021-09-27 00:00:00,0,0.0
33.95,-116.45,2021-09-27 00:00:00,0,0.0
33.95,-116.34999,2021-09-27 00:00:00,0,0.0
33.95,-116.25,2021-09-27 00:00:00,0,0.0
33.95,-116.149994,2021-09-27 00:00:00,0,0.97051704
33.95,-116.049995,2021-09-27 00:00:00,0,0.98901933
33.95,-115.95,2021-09-27 00:00:00,0,1.1480707
33.95,-115.85,2021-09-27 00:00:00,0,0.0
33.95,-115.74999,2021-09-27 00:00:00,0,0.0
33.95,-115.649994,2021-09-27 00:00:00,0,0.0
33.95,-115.549995,2021-09-27 00:00:00,0,0.0
33.95,-115.45,2021-09-27 00:00:00,0,0.0
33.95,-115.35,2021-09-27 00:00:00,0,0.0
33.95,-115.24999,2021-09-27 00:00:00,0,0.0
33.95,-115.149994,2021-09-27 00:00:00,0,0.0
33.95,-115.049995,2021-09-27 00:00:00,0,0.018502405
33.95,-114.95,2021-09-27 00:00:00,0,0.0
33.95,-114.85,2021-09-27 00:00:00,0,0.0
33.95,-114.74999,2021-09-27 00:00:00,0,0.0
33.95,-114.649994,2021-09-27 00:00:00,0,0.0
33.95,-114.549995,2021-09-27 00:00:00,0,0.0
33.95,-114.45,2021-09-27 00:00:00,0,0.0
33.95,-114.35,2021-09-27 00:00:00,0,0.0
33.95,-114.24999,2021-09-27 00:00:00,0,0.0
34.05,-124.34999,2021-09-27 00:00:00,0,0.0
34.05,-124.25,2021-09-27 00:00:00,0,0.0
34.05,-124.149994,2021-09-27 00:00:00,0,0.0
34.05,-124.049995,2021-09-27 00:00:00,0,0.0
34.05,-123.95,2021-09-27 00:00:00,0,0.0
34.05,-123.84999,2021-09-27 00:00:00,0,0.0
34.05,-123.75,2021-09-27 00:00:00,0,0.0
34.05,-123.649994,2021-09-27 00:00:00,0,0.0
34.05,-123.549995,2021-09-27 00:00:00,0,0.0
34.05,-123.45,2021-09-27 00:00:00,0,0.0
34.05,-123.34999,2021-09-27 00:00:00,0,0.0
34.05,-123.25,2021-09-27 00:00:00,0,0.0
34.05,-123.149994,2021-09-27 00:00:00,0,0.0
34.05,-123.049995,2021-09-27 00:00:00,0,0.0
34.05,-122.95,2021-09-27 00:00:00,0,0.0
34.05,-122.84999,2021-09-27 00:00:00,0,0.0
34.05,-122.75,2021-09-27 00:00:00,0,0.0
34.05,-122.649994,2021-09-27 00:00:00,0,0.0
34.05,-122.549995,2021-09-27 00:00:00,0,0.0
34.05,-122.45,2021-09-27 00:00:00,0,0.0
34.05,-122.34999,2021-09-27 00:00:00,0,0.0
34.05,-122.25,2021-09-27 00:00:00,0,0.0
34.05,-122.149994,2021-09-27 00:00:00,0,0.0
34.05,-122.049995,2021-09-27 00:00:00,0,0.0
34.05,-121.95,2021-09-27 00:00:00,0,0.0
34.05,-121.84999,2021-09-27 00:00:00,0,0.0
34.05,-121.75,2021-09-27 00:00:00,0,0.0
34.05,-121.649994,2021-09-27 00:00:00,0,0.0
34.05,-121.549995,2021-09-27 00:00:00,0,0.0
34.05,-121.45,2021-09-27 00:00:00,0,0.0
34.05,-121.34999,2021-09-27 00:00:00,0,0.0
34.05,-121.25,2021-09-27 00:00:00,0,0.0
34.05,-121.149994,2021-09-27 00:00:00,0,0.0
34.05,-121.049995,2021-09-27 00:00:00,0,0.0
34.05,-120.95,2021-09-27 00:00:00,0,0.0
34.05,-120.84999,2021-09-27 00:00:00,0,0.0
34.05,-120.75,2021-09-27 00:00:00,0,0.0
34.05,-120.649994,2021-09-27 00:00:00,0,0.0
34.05,-120.549995,2021-09-27 00:00:00,0,0.0
34.05,-120.45,2021-09-27 00:00:00,0,0.0
34.05,-120.34999,2021-09-27 00:00:00,0,0.0
34.05,-120.25,2021-09-27 00:00:00,0,0.0
34.05,-120.149994,2021-09-27 00:00:00,0,0.0
34.05,-120.049995,2021-09-27 00:00:00,0,0.0
34.05,-119.95,2021-09-27 00:00:00,0,0.0
34.05,-119.84999,2021-09-27 00:00:00,0,0.08781124
34.05,-119.75,2021-09-27 00:00:00,0,0.3193813
34.05,-119.649994,2021-09-27 00:00:00,0,0.0
34.05,-119.549995,2021-09-27 00:00:00,0,0.0
34.05,-119.45,2021-09-27 00:00:00,0,0.0
34.05,-119.34999,2021-09-27 00:00:00,0,0.0
34.05,-119.25,2021-09-27 00:00:00,0,0.0
34.05,-119.149994,2021-09-27 00:00:00,0,0.0
34.05,-119.049995,2021-09-27 00:00:00,0,0.0
34.05,-118.95,2021-09-27 00:00:00,0,0.0
34.05,-118.84999,2021-09-27 00:00:00,0,0.0
34.05,-118.75,2021-09-27 00:00:00,0,0.0
34.05,-118.649994,2021-09-27 00:00:00,0,0.0
34.05,-118.549995,2021-09-27 00:00:00,0,0.0
34.05,-118.45,2021-09-27 00:00:00,0,0.0
34.05,-118.34999,2021-09-27 00:00:00,0,0.0
34.05,-118.25,2021-09-27 00:00:00,0,0.0
34.05,-118.149994,2021-09-27 00:00:00,0,0.0
34.05,-118.049995,2021-09-27 00:00:00,0,0.0
34.05,-117.95,2021-09-27 00:00:00,0,0.0
34.05,-117.84999,2021-09-27 00:00:00,0,0.0
34.05,-117.75,2021-09-27 00:00:00,0,0.0
34.05,-117.649994,2021-09-27 00:00:00,0,0.0
34.05,-117.549995,2021-09-27 00:00:00,0,0.0
34.05,-117.45,2021-09-27 00:00:00,0,0.0
34.05,-117.34999,2021-09-27 00:00:00,0,0.0
34.05,-117.25,2021-09-27 00:00:00,0,0.0
34.05,-117.149994,2021-09-27 00:00:00,0,0.0
34.05,-117.049995,2021-09-27 00:00:00,0,0.0
34.05,-116.95,2021-09-27 00:00:00,0,0.0
34.05,-116.84999,2021-09-27 00:00:00,0,0.041932654
34.05,-116.75,2021-09-27 00:00:00,0,0.034694545
34.05,-116.649994,2021-09-27 00:00:00,0,0.1590839
34.05,-116.549995,2021-09-27 00:00:00,0,0.046860497
34.05,-116.45,2021-09-27 00:00:00,0,0.11198984
34.05,-116.34999,2021-09-27 00:00:00,0,0.0
34.05,-116.25,2021-09-27 00:00:00,0,0.0
34.05,-116.149994,2021-09-27 00:00:00,0,0.0
34.05,-116.049995,2021-09-27 00:00:00,0,0.0
34.05,-115.95,2021-09-27 00:00:00,0,0.0
34.05,-115.85,2021-09-27 00:00:00,0,0.0
34.05,-115.74999,2021-09-27 00:00:00,0,0.0
34.05,-115.649994,2021-09-27 00:00:00,0,0.0
34.05,-115.549995,2021-09-27 00:00:00,0,0.0
34.05,-115.45,2021-09-27 00:00:00,0,0.0
34.05,-115.35,2021-09-27 00:00:00,0,0.041932654
34.05,-115.24999,2021-09-27 00:00:00,0,0.0
34.05,-115.149994,2021-09-27 00:00:00,0,0.0
34.05,-115.049995,2021-09-27 00:00:00,0,0.0
34.05,-114.95,2021-09-27 00:00:00,0,0.0
34.05,-114.85,2021-09-27 00:00:00,0,0.0
34.05,-114.74999,2021-09-27 00:00:00,0,0.0
34.05,-114.649994,2021-09-27 00:00:00,0,0.0
34.05,-114.549995,2021-09-27 00:00:00,0,0.0
34.05,-114.45,2021-09-27 00:00:00,0,0.004927845
34.05,-114.35,2021-09-27 00:00:00,0,0.0
34.05,-114.24999,2021-09-27 00:00:00,0,0.0
34.149998,-124.34999,2021-09-27 00:00:00,0,0.0
34.149998,-124.25,2021-09-27 00:00:00,0,0.0
34.149998,-124.149994,2021-09-27 00:00:00,0,0.0
34.149998,-124.049995,2021-09-27 00:00:00,0,0.0
34.149998,-123.95,2021-09-27 00:00:00,0,0.0
34.149998,-123.84999,2021-09-27 00:00:00,0,0.0
34.149998,-123.75,2021-09-27 00:00:00,0,0.0
34.149998,-123.649994,2021-09-27 00:00:00,0,0.0
34.149998,-123.549995,2021-09-27 00:00:00,0,0.0
34.149998,-123.45,2021-09-27 00:00:00,0,0.0
34.149998,-123.34999,2021-09-27 00:00:00,0,0.0
34.149998,-123.25,2021-09-27 00:00:00,0,0.0
34.149998,-123.149994,2021-09-27 00:00:00,0,0.0
34.149998,-123.049995,2021-09-27 00:00:00,0,0.0
34.149998,-122.95,2021-09-27 00:00:00,0,0.0
34.149998,-122.84999,2021-09-27 00:00:00,0,0.0
34.149998,-122.75,2021-09-27 00:00:00,0,0.0
34.149998,-122.649994,2021-09-27 00:00:00,0,0.0
34.149998,-122.549995,2021-09-27 00:00:00,0,0.0
34.149998,-122.45,2021-09-27 00:00:00,0,0.0
34.149998,-122.34999,2021-09-27 00:00:00,0,0.0
34.149998,-122.25,2021-09-27 00:00:00,0,0.0
34.149998,-122.149994,2021-09-27 00:00:00,0,0.0
34.149998,-122.049995,2021-09-27 00:00:00,0,0.0
34.149998,-121.95,2021-09-27 00:00:00,0,0.0
34.149998,-121.84999,2021-09-27 00:00:00,0,0.0
34.149998,-121.75,2021-09-27 00:00:00,0,0.0
34.149998,-121.649994,2021-09-27 00:00:00,0,0.0
34.149998,-121.549995,2021-09-27 00:00:00,0,0.0
34.149998,-121.45,2021-09-27 00:00:00,0,0.0
34.149998,-121.34999,2021-09-27 00:00:00,0,0.0
34.149998,-121.25,2021-09-27 00:00:00,0,0.0
34.149998,-121.149994,2021-09-27 00:00:00,0,0.0
34.149998,-121.049995,2021-09-27 00:00:00,0,0.0
34.149998,-120.95,2021-09-27 00:00:00,0,0.0
34.149998,-120.84999,2021-09-27 00:00:00,0,0.0
34.149998,-120.75,2021-09-27 00:00:00,0,0.0
34.149998,-120.649994,2021-09-27 00:00:00,0,0.0
34.149998,-120.549995,2021-09-27 00:00:00,0,0.0
34.149998,-120.45,2021-09-27 00:00:00,0,0.0
34.149998,-120.34999,2021-09-27 00:00:00,0,0.0
34.149998,-120.25,2021-09-27 00:00:00,0,0.0
34.149998,-120.149994,2021-09-27 00:00:00,0,0.0
34.149998,-120.049995,2021-09-27 00:00:00,0,0.0
34.149998,-119.95,2021-09-27 00:00:00,0,0.0
34.149998,-119.84999,2021-09-27 00:00:00,0,0.0
34.149998,-119.75,2021-09-27 00:00:00,0,0.0
34.149998,-119.649994,2021-09-27 00:00:00,0,0.0
34.149998,-119.549995,2021-09-27 00:00:00,0,0.0
34.149998,-119.45,2021-09-27 00:00:00,0,0.0
34.149998,-119.34999,2021-09-27 00:00:00,0,0.0
34.149998,-119.25,2021-09-27 00:00:00,0,0.0
34.149998,-119.149994,2021-09-27 00:00:00,0,0.038792882
34.149998,-119.049995,2021-09-27 00:00:00,0,0.0
34.149998,-118.95,2021-09-27 00:00:00,0,0.0
34.149998,-118.84999,2021-09-27 00:00:00,0,0.0
34.149998,-118.75,2021-09-27 00:00:00,0,0.0
34.149998,-118.649994,2021-09-27 00:00:00,0,0.0
34.149998,-118.549995,2021-09-27 00:00:00,0,0.0
34.149998,-118.45,2021-09-27 00:00:00,0,0.0
34.149998,-118.34999,2021-09-27 00:00:00,0,0.0
34.149998,-118.25,2021-09-27 00:00:00,0,0.0
34.149998,-118.149994,2021-09-27 00:00:00,0,0.0
34.149998,-118.049995,2021-09-27 00:00:00,0,0.0
34.149998,-117.95,2021-09-27 00:00:00,0,0.0
34.149998,-117.84999,2021-09-27 00:00:00,0,0.0
34.149998,-117.75,2021-09-27 00:00:00,0,0.0
34.149998,-117.649994,2021-09-27 00:00:00,0,0.0
34.149998,-117.549995,2021-09-27 00:00:00,0,0.0
34.149998,-117.45,2021-09-27 00:00:00,0,0.0
34.149998,-117.34999,2021-09-27 00:00:00,0,0.0
34.149998,-117.25,2021-09-27 00:00:00,0,0.0
34.149998,-117.149994,2021-09-27 00:00:00,0,0.0
34.149998,-117.049995,2021-09-27 00:00:00,0,0.0
34.149998,-116.95,2021-09-27 00:00:00,0,0.0
34.149998,-116.84999,2021-09-27 00:00:00,0,0.0
34.149998,-116.75,2021-09-27 00:00:00,0,0.021192139
34.149998,-116.649994,2021-09-27 00:00:00,0,0.29935968
34.149998,-116.549995,2021-09-27 00:00:00,0,0.54332405
34.149998,-116.45,2021-09-27 00:00:00,0,3.852664
34.149998,-116.34999,2021-09-27 00:00:00,0,0.0
34.149998,-116.25,2021-09-27 00:00:00,0,0.0
34.149998,-116.149994,2021-09-27 00:00:00,0,0.0
34.149998,-116.049995,2021-09-27 00:00:00,0,0.0
34.149998,-115.95,2021-09-27 00:00:00,0,0.0
34.149998,-115.85,2021-09-27 00:00:00,0,0.0
34.149998,-115.74999,2021-09-27 00:00:00,0,0.0
34.149998,-115.649994,2021-09-27 00:00:00,0,0.0
34.149998,-115.549995,2021-09-27 00:00:00,0,0.19116087
34.149998,-115.45,2021-09-27 00:00:00,0,0.12579796
34.149998,-115.35,2021-09-27 00:00:00,0,0.018502405
34.149998,-115.24999,2021-09-27 00:00:00,0,0.018502405
34.149998,-115.149994,2021-09-27 00:00:00,0,0.0
34.149998,-115.049995,2021-09-27 00:00:00,0,0.0
34.149998,-114.95,2021-09-27 00:00:00,0,0.0
34.149998,-114.85,2021-09-27 00:00:00,0,0.0
34.149998,-114.74999,2021-09-27 00:00:00,0,0.0
34.149998,-114.649994,2021-09-27 00:00:00,0,0.0
34.149998,-114.549995,2021-09-27 00:00:00,0,0.0
34.149998,-114.45,2021-09-27 00:00:00,0,0.0
34.149998,-114.35,2021-09-27 00:00:00,0,0.0
34.149998,-114.24999,2021-09-27 00:00:00,0,0.0
34.250004,-124.34999,2021-09-27 00:00:00,0,0.0
34.250004,-124.25,2021-09-27 00:00:00,0,0.0
34.250004,-124.149994,2021-09-27 00:00:00,0,0.0
34.250004,-124.049995,2021-09-27 00:00:00,0,0.0
34.250004,-123.95,2021-09-27 00:00:00,0,0.0
34.250004,-123.84999,2021-09-27 00:00:00,0,0.0
34.250004,-123.75,2021-09-27 00:00:00,0,0.0
34.250004,-123.649994,2021-09-27 00:00:00,0,0.0
34.250004,-123.549995,2021-09-27 00:00:00,0,0.0
34.250004,-123.45,2021-09-27 00:00:00,0,0.0
34.250004,-123.34999,2021-09-27 00:00:00,0,0.0
34.250004,-123.25,2021-09-27 00:00:00,0,0.0
34.250004,-123.149994,2021-09-27 00:00:00,0,0.0
34.250004,-123.049995,2021-09-27 00:00:00,0,0.0
34.250004,-122.95,2021-09-27 00:00:00,0,0.0
34.250004,-122.84999,2021-09-27 00:00:00,0,0.0
34.250004,-122.75,2021-09-27 00:00:00,0,0.0
34.250004,-122.649994,2021-09-27 00:00:00,0,0.0
34.250004,-122.549995,2021-09-27 00:00:00,0,0.0
34.250004,-122.45,2021-09-27 00:00:00,0,0.0
34.250004,-122.34999,2021-09-27 00:00:00,0,0.0
34.250004,-122.25,2021-09-27 00:00:00,0,0.0
34.250004,-122.149994,2021-09-27 00:00:00,0,0.0
34.250004,-122.049995,2021-09-27 00:00:00,0,0.0
34.250004,-121.95,2021-09-27 00:00:00,0,0.0
34.250004,-121.84999,2021-09-27 00:00:00,0,0.0
34.250004,-121.75,2021-09-27 00:00:00,0,0.0
34.250004,-121.649994,2021-09-27 00:00:00,0,0.0
34.250004,-121.549995,2021-09-27 00:00:00,0,0.0
34.250004,-121.45,2021-09-27 00:00:00,0,0.0
34.250004,-121.34999,2021-09-27 00:00:00,0,0.0
34.250004,-121.25,2021-09-27 00:00:00,0,0.0
34.250004,-121.149994,2021-09-27 00:00:00,0,0.0
34.250004,-121.049995,2021-09-27 00:00:00,0,0.0
34.250004,-120.95,2021-09-27 00:00:00,0,0.0
34.250004,-120.84999,2021-09-27 00:00:00,0,0.0
34.250004,-120.75,2021-09-27 00:00:00,0,0.0
34.250004,-120.649994,2021-09-27 00:00:00,0,0.0
34.250004,-120.549995,2021-09-27 00:00:00,0,0.0
34.250004,-120.45,2021-09-27 00:00:00,0,0.0
34.250004,-120.34999,2021-09-27 00:00:00,0,0.0
34.250004,-120.25,2021-09-27 00:00:00,0,0.0
34.250004,-120.149994,2021-09-27 00:00:00,0,0.0
34.250004,-120.049995,2021-09-27 00:00:00,0,0.0
34.250004,-119.95,2021-09-27 00:00:00,0,0.0
34.250004,-119.84999,2021-09-27 00:00:00,0,0.0
34.250004,-119.75,2021-09-27 00:00:00,0,0.0
34.250004,-119.649994,2021-09-27 00:00:00,0,0.0
34.250004,-119.549995,2021-09-27 00:00:00,0,0.0
34.250004,-119.45,2021-09-27 00:00:00,0,0.0
34.250004,-119.34999,2021-09-27 00:00:00,0,0.0
34.250004,-119.25,2021-09-27 00:00:00,0,0.0
34.250004,-119.149994,2021-09-27 00:00:00,0,0.0
34.250004,-119.049995,2021-09-27 00:00:00,0,0.0
34.250004,-118.95,2021-09-27 00:00:00,0,0.0
34.250004,-118.84999,2021-09-27 00:00:00,0,0.0
34.250004,-118.75,2021-09-27 00:00:00,0,0.0
34.250004,-118.649994,2021-09-27 00:00:00,0,0.0
34.250004,-118.549995,2021-09-27 00:00:00,0,0.0
34.250004,-118.45,2021-09-27 00:00:00,0,0.0
34.250004,-118.34999,2021-09-27 00:00:00,0,0.0
34.250004,-118.25,2021-09-27 00:00:00,0,0.0
34.250004,-118.149994,2021-09-27 00:00:00,0,0.0
34.250004,-118.049995,2021-09-27 00:00:00,0,0.0
34.250004,-117.95,2021-09-27 00:00:00,0,0.0
34.250004,-117.84999,2021-09-27 00:00:00,0,0.0
34.250004,-117.75,2021-09-27 00:00:00,0,0.0
34.250004,-117.649994,2021-09-27 00:00:00,0,0.0
34.250004,-117.549995,2021-09-27 00:00:00,0,0.0
34.250004,-117.45,2021-09-27 00:00:00,0,0.0
34.250004,-117.34999,2021-09-27 00:00:00,0,0.0
34.250004,-117.25,2021-09-27 00:00:00,0,0.0
34.250004,-117.149994,2021-09-27 00:00:00,0,0.0
34.250004,-117.049995,2021-09-27 00:00:00,0,0.11715124
34.250004,-116.95,2021-09-27 00:00:00,0,0.0
34.250004,-116.84999,2021-09-27 00:00:00,0,0.0
34.250004,-116.75,2021-09-27 00:00:00,0,0.024334213
34.250004,-116.649994,2021-09-27 00:00:00,0,0.27311522
34.250004,-116.549995,2021-09-27 00:00:00,0,0.5013914
34.250004,-116.45,2021-09-27 00:00:00,0,2.3303437
34.250004,-116.34999,2021-09-27 00:00:00,0,0.01
34.250004,-116.25,2021-09-27 00:00:00,0,0.0
34.250004,-116.149994,2021-09-27 00:00:00,0,0.0
34.250004,-116.049995,2021-09-27 00:00:00,0,0.0
34.250004,-115.95,2021-09-27 00:00:00,0,0.0
34.250004,-115.85,2021-09-27 00:00:00,0,0.0
34.250004,-115.74999,2021-09-27 00:00:00,0,0.0
34.250004,-115.649994,2021-09-27 00:00:00,0,0.0
34.250004,-115.549995,2021-09-27 00:00:00,0,0.0
34.250004,-115.45,2021-09-27 00:00:00,0,0.005
34.250004,-115.35,2021-09-27 00:00:00,0,0.0
34.250004,-115.24999,2021-09-27 00:00:00,0,0.0
34.250004,-115.149994,2021-09-27 00:00:00,0,0.0
34.250004,-115.049995,2021-09-27 00:00:00,0,0.0
34.250004,-114.95,2021-09-27 00:00:00,0,0.0
34.250004,-114.85,2021-09-27 00:00:00,0,0.0
34.250004,-114.74999,2021-09-27 00:00:00,0,0.0
34.250004,-114.649994,2021-09-27 00:00:00,0,0.0
34.250004,-114.549995,2021-09-27 00:00:00,0,0.0
34.250004,-114.45,2021-09-27 00:00:00,0,0.0
34.250004,-114.35,2021-09-27 00:00:00,0,0.0
34.250004,-114.24999,2021-09-27 00:00:00,0,0.0
34.350002,-124.34999,2021-09-27 00:00:00,0,0.0
34.350002,-124.25,2021-09-27 00:00:00,0,0.0
34.350002,-124.149994,2021-09-27 00:00:00,0,0.0
34.350002,-124.049995,2021-09-27 00:00:00,0,0.0
34.350002,-123.95,2021-09-27 00:00:00,0,0.0
34.350002,-123.84999,2021-09-27 00:00:00,0,0.0
34.350002,-123.75,2021-09-27 00:00:00,0,0.0
34.350002,-123.649994,2021-09-27 00:00:00,0,0.0
34.350002,-123.549995,2021-09-27 00:00:00,0,0.0
34.350002,-123.45,2021-09-27 00:00:00,0,0.0
34.350002,-123.34999,2021-09-27 00:00:00,0,0.0
34.350002,-123.25,2021-09-27 00:00:00,0,0.0
34.350002,-123.149994,2021-09-27 00:00:00,0,0.0
34.350002,-123.049995,2021-09-27 00:00:00,0,0.0
34.350002,-122.95,2021-09-27 00:00:00,0,0.0
34.350002,-122.84999,2021-09-27 00:00:00,0,0.0
34.350002,-122.75,2021-09-27 00:00:00,0,0.0
34.350002,-122.649994,2021-09-27 00:00:00,0,0.0
34.350002,-122.549995,2021-09-27 00:00:00,0,0.0
34.350002,-122.45,2021-09-27 00:00:00,0,0.0
34.350002,-122.34999,2021-09-27 00:00:00,0,0.0
34.350002,-122.25,2021-09-27 00:00:00,0,0.0
34.350002,-122.149994,2021-09-27 00:00:00,0,0.0
34.350002,-122.049995,2021-09-27 00:00:00,0,0.0
34.350002,-121.95,2021-09-27 00:00:00,0,0.0
34.350002,-121.84999,2021-09-27 00:00:00,0,0.0
34.350002,-121.75,2021-09-27 00:00:00,0,0.0
34.350002,-121.649994,2021-09-27 00:00:00,0,0.0
34.350002,-121.549995,2021-09-27 00:00:00,0,0.0
34.350002,-121.45,2021-09-27 00:00:00,0,0.0
34.350002,-121.34999,2021-09-27 00:00:00,0,0.0
34.350002,-121.25,2021-09-27 00:00:00,0,0.0
34.350002,-121.149994,2021-09-27 00:00:00,0,0.0
34.350002,-121.049995,2021-09-27 00:00:00,0,0.0
34.350002,-120.95,2021-09-27 00:00:00,0,0.0
34.350002,-120.84999,2021-09-27 00:00:00,0,0.0
34.350002,-120.75,2021-09-27 00:00:00,0,0.0
34.350002,-120.649994,2021-09-27 00:00:00,0,0.0
34.350002,-120.549995,2021-09-27 00:00:00,0,0.0
34.350002,-120.45,2021-09-27 00:00:00,0,0.0
34.350002,-120.34999,2021-09-27 00:00:00,0,0.0
34.350002,-120.25,2021-09-27 00:00:00,0,0.0
34.350002,-120.149994,2021-09-27 00:00:00,0,0.0
34.350002,-120.049995,2021-09-27 00:00:00,0,0.0
34.350002,-119.95,2021-09-27 00:00:00,0,0.0
34.350002,-119.84999,2021-09-27 00:00:00,0,0.0
34.350002,-119.75,2021-09-27 00:00:00,0,0.0
34.350002,-119.649994,2021-09-27 00:00:00,0,0.0
34.350002,-119.549995,2021-09-27 00:00:00,0,0.0
34.350002,-119.45,2021-09-27 00:00:00,0,0.0
34.350002,-119.34999,2021-09-27 00:00:00,0,0.0
34.350002,-119.25,2021-09-27 00:00:00,0,0.0
34.350002,-119.149994,2021-09-27 00:00:00,0,0.0
34.350002,-119.049995,2021-09-27 00:00:00,0,0.0
34.350002,-118.95,2021-09-27 00:00:00,0,0.0
34.350002,-118.84999,2021-09-27 00:00:00,0,0.0
34.350002,-118.75,2021-09-27 00:00:00,0,0.0
34.350002,-118.649994,2021-09-27 00:00:00,0,0.0
34.350002,-118.549995,2021-09-27 00:00:00,0,0.0
34.350002,-118.45,2021-09-27 00:00:00,0,0.0
34.350002,-118.34999,2021-09-27 00:00:00,0,0.0
34.350002,-118.25,2021-09-27 00:00:00,0,0.0
34.350002,-118.149994,2021-09-27 00:00:00,0,0.0
34.350002,-118.049995,2021-09-27 00:00:00,0,0.0
34.350002,-117.95,2021-09-27 00:00:00,0,0.12207908
34.350002,-117.84999,2021-09-27 00:00:00,0,0.15043719
34.350002,-117.75,2021-09-27 00:00:00,0,0.22072795
34.350002,-117.649994,2021-09-27 00:00:00,0,0.21580009
34.350002,-117.549995,2021-09-27 00:00:00,0,0.08014643
34.350002,-117.45,2021-09-27 00:00:00,0,0.0
34.350002,-117.34999,2021-09-27 00:00:00,0,0.0
34.350002,-117.25,2021-09-27 00:00:00,0,0.075218596
34.350002,-117.149994,2021-09-27 00:00:00,0,0.16893959
34.350002,-117.049995,2021-09-27 00:00:00,0,0.2422656
34.350002,-116.95,2021-09-27 00:00:00,0,0.95233905
34.350002,-116.84999,2021-09-27 00:00:00,0,0.089697115
34.350002,-116.75,2021-09-27 00:00:00,0,0.042836618
34.350002,-116.649994,2021-09-27 00:00:00,0,0.042836618
34.350002,-116.549995,2021-09-27 00:00:00,0,0.5255667
34.350002,-116.45,2021-09-27 00:00:00,0,0.6930482
34.350002,-116.34999,2021-09-27 00:00:00,0,0.0653629
34.350002,-116.25,2021-09-27 00:00:00,0,0.0
34.350002,-116.149994,2021-09-27 00:00:00,0,0.0
34.350002,-116.049995,2021-09-27 00:00:00,0,0.0
34.350002,-115.95,2021-09-27 00:00:00,0,0.0
34.350002,-115.85,2021-09-27 00:00:00,0,0.0
34.350002,-115.74999,2021-09-27 00:00:00,0,0.0
34.350002,-115.649994,2021-09-27 00:00:00,0,0.0
34.350002,-115.549995,2021-09-27 00:00:00,0,0.0
34.350002,-115.45,2021-09-27 00:00:00,0,0.0
34.350002,-115.35,2021-09-27 00:00:00,0,0.0
34.350002,-115.24999,2021-09-27 00:00:00,0,0.0
34.350002,-115.149994,2021-09-27 00:00:00,0,0.4291822
34.350002,-115.049995,2021-09-27 00:00:00,0,0.4797995
34.350002,-114.95,2021-09-27 00:00:00,0,0.13948259
34.350002,-114.85,2021-09-27 00:00:00,0,0.0
34.350002,-114.74999,2021-09-27 00:00:00,0,0.0
34.350002,-114.649994,2021-09-27 00:00:00,0,0.0
34.350002,-114.549995,2021-09-27 00:00:00,0,0.0
34.350002,-114.45,2021-09-27 00:00:00,0,0.0
34.350002,-114.35,2021-09-27 00:00:00,0,0.0
34.350002,-114.24999,2021-09-27 00:00:00,0,0.019406367
34.45,-124.34999,2021-09-27 00:00:00,0,0.0
34.45,-124.25,2021-09-27 00:00:00,0,0.0
34.45,-124.149994,2021-09-27 00:00:00,0,0.0
34.45,-124.049995,2021-09-27 00:00:00,0,0.0
34.45,-123.95,2021-09-27 00:00:00,0,0.0
34.45,-123.84999,2021-09-27 00:00:00,0,0.0
34.45,-123.75,2021-09-27 00:00:00,0,0.0
34.45,-123.649994,2021-09-27 00:00:00,0,0.0
34.45,-123.549995,2021-09-27 00:00:00,0,0.0
34.45,-123.45,2021-09-27 00:00:00,0,0.0
34.45,-123.34999,2021-09-27 00:00:00,0,0.0
34.45,-123.25,2021-09-27 00:00:00,0,0.0
34.45,-123.149994,2021-09-27 00:00:00,0,0.0
34.45,-123.049995,2021-09-27 00:00:00,0,0.0
34.45,-122.95,2021-09-27 00:00:00,0,0.0
34.45,-122.84999,2021-09-27 00:00:00,0,0.0
34.45,-122.75,2021-09-27 00:00:00,0,0.0
34.45,-122.649994,2021-09-27 00:00:00,0,0.0
34.45,-122.549995,2021-09-27 00:00:00,0,0.0
34.45,-122.45,2021-09-27 00:00:00,0,0.0
34.45,-122.34999,2021-09-27 00:00:00,0,0.0
34.45,-122.25,2021-09-27 00:00:00,0,0.0
34.45,-122.149994,2021-09-27 00:00:00,0,0.0
34.45,-122.049995,2021-09-27 00:00:00,0,0.0
34.45,-121.95,2021-09-27 00:00:00,0,0.0
34.45,-121.84999,2021-09-27 00:00:00,0,0.0
34.45,-121.75,2021-09-27 00:00:00,0,0.0
34.45,-121.649994,2021-09-27 00:00:00,0,0.0
34.45,-121.549995,2021-09-27 00:00:00,0,0.0
34.45,-121.45,2021-09-27 00:00:00,0,0.0
34.45,-121.34999,2021-09-27 00:00:00,0,0.0
34.45,-121.25,2021-09-27 00:00:00,0,0.0
34.45,-121.149994,2021-09-27 00:00:00,0,0.0
34.45,-121.049995,2021-09-27 00:00:00,0,0.0
34.45,-120.95,2021-09-27 00:00:00,0,0.0
34.45,-120.84999,2021-09-27 00:00:00,0,0.0
34.45,-120.75,2021-09-27 00:00:00,0,0.0
34.45,-120.649994,2021-09-27 00:00:00,0,0.0
34.45,-120.549995,2021-09-27 00:00:00,0,0.0
34.45,-120.45,2021-09-27 00:00:00,0,0.0
34.45,-120.34999,2021-09-27 00:00:00,0,0.0
34.45,-120.25,2021-09-27 00:00:00,0,0.0
34.45,-120.149994,2021-09-27 00:00:00,0,0.0
34.45,-120.049995,2021-09-27 00:00:00,0,0.0
34.45,-119.95,2021-09-27 00:00:00,0,0.0
34.45,-119.84999,2021-09-27 00:00:00,0,0.0
34.45,-119.75,2021-09-27 00:00:00,0,0.0
34.45,-119.649994,2021-09-27 00:00:00,0,0.0
34.45,-119.549995,2021-09-27 00:00:00,0,0.0
34.45,-119.45,2021-09-27 00:00:00,0,0.0
34.45,-119.34999,2021-09-27 00:00:00,0,0.0
34.45,-119.25,2021-09-27 00:00:00,0,0.0
34.45,-119.149994,2021-09-27 00:00:00,0,0.0
34.45,-119.049995,2021-09-27 00:00:00,0,0.0
34.45,-118.95,2021-09-27 00:00:00,0,0.0
34.45,-118.84999,2021-09-27 00:00:00,0,0.0
34.45,-118.75,2021-09-27 00:00:00,0,0.0
34.45,-118.649994,2021-09-27 00:00:00,0,0.0
34.45,-118.549995,2021-09-27 00:00:00,0,0.0
34.45,-118.45,2021-09-27 00:00:00,0,0.0
34.45,-118.34999,2021-09-27 00:00:00,0,0.0
34.45,-118.25,2021-09-27 00:00:00,0,0.0
34.45,-118.149994,2021-09-27 00:00:00,0,0.056716193
34.45,-118.049995,2021-09-27 00:00:00,0,0.056716193
34.45,-117.95,2021-09-27 00:00:00,0,0.023430249
34.45,-117.84999,2021-09-27 00:00:00,0,2.0074334
34.45,-117.75,2021-09-27 00:00:00,0,0.42353258
34.45,-117.649994,2021-09-27 00:00:00,0,0.261493
34.45,-117.549995,2021-09-27 00:00:00,0,0.5455793
34.45,-117.45,2021-09-27 00:00:00,0,0.35604355
34.45,-117.34999,2021-09-27 00:00:00,0,0.12700693
34.45,-117.25,2021-09-27 00:00:00,0,0.0
34.45,-117.149994,2021-09-27 00:00:00,0,0.25906932
34.45,-117.049995,2021-09-27 00:00:00,0,0.46050516
34.45,-116.95,2021-09-27 00:00:00,0,0.1643597
34.45,-116.84999,2021-09-27 00:00:00,0,0.0
34.45,-116.75,2021-09-27 00:00:00,0,0.0
34.45,-116.649994,2021-09-27 00:00:00,0,0.0
34.45,-116.549995,2021-09-27 00:00:00,0,0.20161478
34.45,-116.45,2021-09-27 00:00:00,0,0.0653629
34.45,-116.34999,2021-09-27 00:00:00,0,0.0
34.45,-116.25,2021-09-27 00:00:00,0,0.0
34.45,-116.149994,2021-09-27 00:00:00,0,0.0
34.45,-116.049995,2021-09-27 00:00:00,0,0.0
34.45,-115.95,2021-09-27 00:00:00,0,0.0
34.45,-115.85,2021-09-27 00:00:00,0,0.0
34.45,-115.74999,2021-09-27 00:00:00,0,0.0
34.45,-115.649994,2021-09-27 00:00:00,0,0.0
34.45,-115.549995,2021-09-27 00:00:00,0,0.0
34.45,-115.45,2021-09-27 00:00:00,0,0.0
34.45,-115.35,2021-09-27 00:00:00,0,0.0
34.45,-115.24999,2021-09-27 00:00:00,0,0.0
34.45,-115.149994,2021-09-27 00:00:00,0,0.55005234
34.45,-115.049995,2021-09-27 00:00:00,0,0.57848257
34.45,-114.95,2021-09-27 00:00:00,0,0.0
34.45,-114.85,2021-09-27 00:00:00,0,0.0
34.45,-114.74999,2021-09-27 00:00:00,0,0.0
34.45,-114.649994,2021-09-27 00:00:00,0,0.0
34.45,-114.549995,2021-09-27 00:00:00,0,0.0
34.45,-114.45,2021-09-27 00:00:00,0,0.0
34.45,-114.35,2021-09-27 00:00:00,0,0.0
34.45,-114.24999,2021-09-27 00:00:00,0,0.0
34.55,-124.34999,2021-09-27 00:00:00,0,0.0
34.55,-124.25,2021-09-27 00:00:00,0,0.0
34.55,-124.149994,2021-09-27 00:00:00,0,0.0
34.55,-124.049995,2021-09-27 00:00:00,0,0.0
34.55,-123.95,2021-09-27 00:00:00,0,0.0
34.55,-123.84999,2021-09-27 00:00:00,0,0.0
34.55,-123.75,2021-09-27 00:00:00,0,0.0
34.55,-123.649994,2021-09-27 00:00:00,0,0.0
34.55,-123.549995,2021-09-27 00:00:00,0,0.0
34.55,-123.45,2021-09-27 00:00:00,0,0.0
34.55,-123.34999,2021-09-27 00:00:00,0,0.0
34.55,-123.25,2021-09-27 00:00:00,0,0.0
34.55,-123.149994,2021-09-27 00:00:00,0,0.0
34.55,-123.049995,2021-09-27 00:00:00,0,0.0
34.55,-122.95,2021-09-27 00:00:00,0,0.0
34.55,-122.84999,2021-09-27 00:00:00,0,0.0
34.55,-122.75,2021-09-27 00:00:00,0,0.0
34.55,-122.649994,2021-09-27 00:00:00,0,0.0
34.55,-122.549995,2021-09-27 00:00:00,0,0.0
34.55,-122.45,2021-09-27 00:00:00,0,0.0
34.55,-122.34999,2021-09-27 00:00:00,0,0.0
34.55,-122.25,2021-09-27 00:00:00,0,0.0
34.55,-122.149994,2021-09-27 00:00:00,0,0.0
34.55,-122.049995,2021-09-27 00:00:00,0,0.0
34.55,-121.95,2021-09-27 00:00:00,0,0.0
34.55,-121.84999,2021-09-27 00:00:00,0,0.0
34.55,-121.75,2021-09-27 00:00:00,0,0.0
34.55,-121.649994,2021-09-27 00:00:00,0,0.0
34.55,-121.549995,2021-09-27 00:00:00,0,0.0
34.55,-121.45,2021-09-27 00:00:00,0,0.0
34.55,-121.34999,2021-09-27 00:00:00,0,0.0
34.55,-121.25,2021-09-27 00:00:00,0,0.0
34.55,-121.149994,2021-09-27 00:00:00,0,0.0
34.55,-121.049995,2021-09-27 00:00:00,0,0.0
34.55,-120.95,2021-09-27 00:00:00,0,0.0
34.55,-120.84999,2021-09-27 00:00:00,0,0.0
34.55,-120.75,2021-09-27 00:00:00,0,0.0
34.55,-120.649994,2021-09-27 00:00:00,0,0.0
34.55,-120.549995,2021-09-27 00:00:00,0,0.41876155
34.55,-120.45,2021-09-27 00:00:00,0,0.15043719
34.55,-120.34999,2021-09-27 00:00:00,0,0.0
34.55,-120.25,2021-09-27 00:00:00,0,0.0
34.55,-120.149994,2021-09-27 00:00:00,0,0.0
34.55,-120.049995,2021-09-27 00:00:00,0,0.0
34.55,-119.95,2021-09-27 00:00:00,0,0.0
34.55,-119.84999,2021-09-27 00:00:00,0,0.0
34.55,-119.75,2021-09-27 00:00:00,0,0.0
34.55,-119.649994,2021-09-27 00:00:00,0,0.0
34.55,-119.549995,2021-09-27 00:00:00,0,0.0
34.55,-119.45,2021-09-27 00:00:00,0,0.0
34.55,-119.34999,2021-09-27 00:00:00,0,0.0
34.55,-119.25,2021-09-27 00:00:00,0,0.0
34.55,-119.149994,2021-09-27 00:00:00,0,0.0
34.55,-119.049995,2021-09-27 00:00:00,0,0.0
34.55,-118.95,2021-09-27 00:00:00,0,0.0
34.55,-118.84999,2021-09-27 00:00:00,0,0.0
34.55,-118.75,2021-09-27 00:00:00,0,0.0
34.55,-118.649994,2021-09-27 00:00:00,0,0.0
34.55,-118.549995,2021-09-27 00:00:00,0,0.0
34.55,-118.45,2021-09-27 00:00:00,0,0.0
34.55,-118.34999,2021-09-27 00:00:00,0,0.0
34.55,-118.25,2021-09-27 00:00:00,0,0.0
34.55,-118.149994,2021-09-27 00:00:00,0,0.0
34.55,-118.049995,2021-09-27 00:00:00,0,0.0
34.55,-117.95,2021-09-27 00:00:00,0,0.0
34.55,-117.84999,2021-09-27 00:00:00,0,0.0
34.55,-117.75,2021-09-27 00:00:00,0,0.0
34.55,-117.649994,2021-09-27 00:00:00,0,0.0
34.55,-117.549995,2021-09-27 00:00:00,0,0.0
34.55,-117.45,2021-09-27 00:00:00,0,0.0
34.55,-117.34999,2021-09-27 00:00:00,0,0.0
34.55,-117.25,2021-09-27 00:00:00,0,0.0
34.55,-117.149994,2021-09-27 00:00:00,0,0.0
34.55,-117.049995,2021-09-27 00:00:00,0,0.0
34.55,-116.95,2021-09-27 00:00:00,0,0.0
34.55,-116.84999,2021-09-27 00:00:00,0,0.0
34.55,-116.75,2021-09-27 00:00:00,0,0.0
34.55,-116.649994,2021-09-27 00:00:00,0,0.0
34.55,-116.549995,2021-09-27 00:00:00,0,0.0
34.55,-116.45,2021-09-27 00:00:00,0,0.0
34.55,-116.34999,2021-09-27 00:00:00,0,0.0
34.55,-116.25,2021-09-27 00:00:00,0,0.0
34.55,-116.149994,2021-09-27 00:00:00,0,0.0
34.55,-116.049995,2021-09-27 00:00:00,0,0.0
34.55,-115.95,2021-09-27 00:00:00,0,0.0
34.55,-115.85,2021-09-27 00:00:00,0,0.0
34.55,-115.74999,2021-09-27 00:00:00,0,0.0
34.55,-115.649994,2021-09-27 00:00:00,0,0.0
34.55,-115.549995,2021-09-27 00:00:00,0,0.0
34.55,-115.45,2021-09-27 00:00:00,0,0.0
34.55,-115.35,2021-09-27 00:00:00,0,0.0
34.55,-115.24999,2021-09-27 00:00:00,0,0.0
34.55,-115.149994,2021-09-27 00:00:00,0,0.0
34.55,-115.049995,2021-09-27 00:00:00,0,0.0
34.55,-114.95,2021-09-27 00:00:00,0,0.0
34.55,-114.85,2021-09-27 00:00:00,0,0.0
34.55,-114.74999,2021-09-27 00:00:00,0,0.0
34.55,-114.649994,2021-09-27 00:00:00,0,0.0
34.55,-114.549995,2021-09-27 00:00:00,0,0.0
34.55,-114.45,2021-09-27 00:00:00,0,0.0
34.55,-114.35,2021-09-27 00:00:00,0,0.0
34.55,-114.24999,2021-09-27 00:00:00,0,0.0
34.649998,-124.34999,2021-09-27 00:00:00,0,0.0
34.649998,-124.25,2021-09-27 00:00:00,0,0.0
34.649998,-124.149994,2021-09-27 00:00:00,0,0.0
34.649998,-124.049995,2021-09-27 00:00:00,0,0.0
34.649998,-123.95,2021-09-27 00:00:00,0,0.0
34.649998,-123.84999,2021-09-27 00:00:00,0,0.0
34.649998,-123.75,2021-09-27 00:00:00,0,0.0
34.649998,-123.649994,2021-09-27 00:00:00,0,0.0
34.649998,-123.549995,2021-09-27 00:00:00,0,0.0
34.649998,-123.45,2021-09-27 00:00:00,0,0.0
34.649998,-123.34999,2021-09-27 00:00:00,0,0.0
34.649998,-123.25,2021-09-27 00:00:00,0,0.0
34.649998,-123.149994,2021-09-27 00:00:00,0,0.0
34.649998,-123.049995,2021-09-27 00:00:00,0,0.0
34.649998,-122.95,2021-09-27 00:00:00,0,0.0
34.649998,-122.84999,2021-09-27 00:00:00,0,0.0
34.649998,-122.75,2021-09-27 00:00:00,0,0.0
34.649998,-122.649994,2021-09-27 00:00:00,0,0.0
34.649998,-122.549995,2021-09-27 00:00:00,0,0.0
34.649998,-122.45,2021-09-27 00:00:00,0,0.0
34.649998,-122.34999,2021-09-27 00:00:00,0,0.0
34.649998,-122.25,2021-09-27 00:00:00,0,0.0
34.649998,-122.149994,2021-09-27 00:00:00,0,0.0
34.649998,-122.049995,2021-09-27 00:00:00,0,0.0
34.649998,-121.95,2021-09-27 00:00:00,0,0.0
34.649998,-121.84999,2021-09-27 00:00:00,0,0.0
34.649998,-121.75,2021-09-27 00:00:00,0,0.0
34.649998,-121.649994,2021-09-27 00:00:00,0,0.0
34.649998,-121.549995,2021-09-27 00:00:00,0,0.0
34.649998,-121.45,2021-09-27 00:00:00,0,0.0
34.649998,-121.34999,2021-09-27 00:00:00,0,0.0
34.649998,-121.25,2021-09-27 00:00:00,0,0.0
34.649998,-121.149994,2021-09-27 00:00:00,0,0.0
34.649998,-121.049995,2021-09-27 00:00:00,0,0.0
34.649998,-120.95,2021-09-27 00:00:00,0,0.0
34.649998,-120.84999,2021-09-27 00:00:00,0,0.0
34.649998,-120.75,2021-09-27 00:00:00,0,0.0
34.649998,-120.649994,2021-09-27 00:00:00,0,0.0
34.649998,-120.549995,2021-09-27 00:00:00,0,0.0
34.649998,-120.45,2021-09-27 00:00:00,0,0.0
34.649998,-120.34999,2021-09-27 00:00:00,0,0.0
34.649998,-120.25,2021-09-27 00:00:00,0,0.0
34.649998,-120.149994,2021-09-27 00:00:00,0,0.0
34.649998,-120.049995,2021-09-27 00:00:00,0,0.0
34.649998,-119.95,2021-09-27 00:00:00,0,0.0
34.649998,-119.84999,2021-09-27 00:00:00,0,0.0
34.649998,-119.75,2021-09-27 00:00:00,0,0.0
34.649998,-119.649994,2021-09-27 00:00:00,0,0.0
34.649998,-119.549995,2021-09-27 00:00:00,0,0.0
34.649998,-119.45,2021-09-27 00:00:00,0,0.0
34.649998,-119.34999,2021-09-27 00:00:00,0,0.0
34.649998,-119.25,2021-09-27 00:00:00,0,0.0
34.649998,-119.149994,2021-09-27 00:00:00,0,0.0
34.649998,-119.049995,2021-09-27 00:00:00,0,0.0
34.649998,-118.95,2021-09-27 00:00:00,0,0.04379288
34.649998,-118.84999,2021-09-27 00:00:00,0,0.0
34.649998,-118.75,2021-09-27 00:00:00,0,0.0
34.649998,-118.649994,2021-09-27 00:00:00,0,0.0
34.649998,-118.549995,2021-09-27 00:00:00,0,0.0
34.649998,-118.45,2021-09-27 00:00:00,0,0.075218596
34.649998,-118.34999,2021-09-27 00:00:00,0,0.0
34.649998,-118.25,2021-09-27 00:00:00,0,0.0
34.649998,-118.149994,2021-09-27 00:00:00,0,0.0
34.649998,-118.049995,2021-09-27 00:00:00,0,0.0
34.649998,-117.95,2021-09-27 00:00:00,0,0.0
34.649998,-117.84999,2021-09-27 00:00:00,0,0.0
34.649998,-117.75,2021-09-27 00:00:00,0,0.0
34.649998,-117.649994,2021-09-27 00:00:00,0,0.0
34.649998,-117.549995,2021-09-27 00:00:00,0,0.0
34.649998,-117.45,2021-09-27 00:00:00,0,0.0
34.649998,-117.34999,2021-09-27 00:00:00,0,0.0
34.649998,-117.25,2021-09-27 00:00:00,0,0.0
34.649998,-117.149994,2021-09-27 00:00:00,0,0.0
34.649998,-117.049995,2021-09-27 00:00:00,0,0.0
34.649998,-116.95,2021-09-27 00:00:00,0,0.0
34.649998,-116.84999,2021-09-27 00:00:00,0,0.0
34.649998,-116.75,2021-09-27 00:00:00,0,0.0
34.649998,-116.649994,2021-09-27 00:00:00,0,0.0
34.649998,-116.549995,2021-09-27 00:00:00,0,0.0
34.649998,-116.45,2021-09-27 00:00:00,0,0.0
34.649998,-116.34999,2021-09-27 00:00:00,0,0.0
34.649998,-116.25,2021-09-27 00:00:00,0,0.0
34.649998,-116.149994,2021-09-27 00:00:00,0,0.0
34.649998,-116.049995,2021-09-27 00:00:00,0,0.0
34.649998,-115.95,2021-09-27 00:00:00,0,0.0
34.649998,-115.85,2021-09-27 00:00:00,0,0.0
34.649998,-115.74999,2021-09-27 00:00:00,0,0.0
34.649998,-115.649994,2021-09-27 00:00:00,0,0.4328719
34.649998,-115.549995,2021-09-27 00:00:00,0,0.0
34.649998,-115.45,2021-09-27 00:00:00,0,0.0
34.649998,-115.35,2021-09-27 00:00:00,0,0.0
34.649998,-115.24999,2021-09-27 00:00:00,0,0.0
34.649998,-115.149994,2021-09-27 00:00:00,0,0.0
34.649998,-115.049995,2021-09-27 00:00:00,0,0.0
34.649998,-114.95,2021-09-27 00:00:00,0,0.0
34.649998,-114.85,2021-09-27 00:00:00,0,0.0
34.649998,-114.74999,2021-09-27 00:00:00,0,0.0
34.649998,-114.649994,2021-09-27 00:00:00,0,0.0
34.649998,-114.549995,2021-09-27 00:00:00,0,0.0
34.649998,-114.45,2021-09-27 00:00:00,0,0.0
34.649998,-114.35,2021-09-27 00:00:00,0,0.0
34.649998,-114.24999,2021-09-27 00:00:00,0,0.0
34.750004,-124.34999,2021-09-27 00:00:00,0,0.0
34.750004,-124.25,2021-09-27 00:00:00,0,0.0
34.750004,-124.149994,2021-09-27 00:00:00,0,0.0
34.750004,-124.049995,2021-09-27 00:00:00,0,0.0
34.750004,-123.95,2021-09-27 00:00:00,0,0.0
34.750004,-123.84999,2021-09-27 00:00:00,0,0.0
34.750004,-123.75,2021-09-27 00:00:00,0,0.0
34.750004,-123.649994,2021-09-27 00:00:00,0,0.0
34.750004,-123.549995,2021-09-27 00:00:00,0,0.0
34.750004,-123.45,2021-09-27 00:00:00,0,0.0
34.750004,-123.34999,2021-09-27 00:00:00,0,0.0
34.750004,-123.25,2021-09-27 00:00:00,0,0.0
34.750004,-123.149994,2021-09-27 00:00:00,0,0.0
34.750004,-123.049995,2021-09-27 00:00:00,0,0.0
34.750004,-122.95,2021-09-27 00:00:00,0,0.0
34.750004,-122.84999,2021-09-27 00:00:00,0,0.0
34.750004,-122.75,2021-09-27 00:00:00,0,0.0
34.750004,-122.649994,2021-09-27 00:00:00,0,0.0
34.750004,-122.549995,2021-09-27 00:00:00,0,0.0
34.750004,-122.45,2021-09-27 00:00:00,0,0.0
34.750004,-122.34999,2021-09-27 00:00:00,0,0.0
34.750004,-122.25,2021-09-27 00:00:00,0,0.0
34.750004,-122.149994,2021-09-27 00:00:00,0,0.0
34.750004,-122.049995,2021-09-27 00:00:00,0,0.0
34.750004,-121.95,2021-09-27 00:00:00,0,0.0
34.750004,-121.84999,2021-09-27 00:00:00,0,0.0
34.750004,-121.75,2021-09-27 00:00:00,0,0.0
34.750004,-121.649994,2021-09-27 00:00:00,0,0.0
34.750004,-121.549995,2021-09-27 00:00:00,0,0.0
34.750004,-121.45,2021-09-27 00:00:00,0,0.0
34.750004,-121.34999,2021-09-27 00:00:00,0,0.0
34.750004,-121.25,2021-09-27 00:00:00,0,0.0
34.750004,-121.149994,2021-09-27 00:00:00,0,0.0
34.750004,-121.049995,2021-09-27 00:00:00,0,0.0
34.750004,-120.95,2021-09-27 00:00:00,0,0.0
34.750004,-120.84999,2021-09-27 00:00:00,0,0.0
34.750004,-120.75,2021-09-27 00:00:00,0,0.0
34.750004,-120.649994,2021-09-27 00:00:00,0,0.0
34.750004,-120.549995,2021-09-27 00:00:00,0,0.0
34.750004,-120.45,2021-09-27 00:00:00,0,0.0
34.750004,-120.34999,2021-09-27 00:00:00,0,0.0
34.750004,-120.25,2021-09-27 00:00:00,0,0.0
34.750004,-120.149994,2021-09-27 00:00:00,0,0.0
34.750004,-120.049995,2021-09-27 00:00:00,0,0.0
34.750004,-119.95,2021-09-27 00:00:00,0,0.0
34.750004,-119.84999,2021-09-27 00:00:00,0,0.0
34.750004,-119.75,2021-09-27 00:00:00,0,0.0
34.750004,-119.649994,2021-09-27 00:00:00,0,0.0
34.750004,-119.549995,2021-09-27 00:00:00,0,0.0
34.750004,-119.45,2021-09-27 00:00:00,0,0.0
34.750004,-119.34999,2021-09-27 00:00:00,0,0.0
34.750004,-119.25,2021-09-27 00:00:00,0,0.0
34.750004,-119.149994,2021-09-27 00:00:00,0,0.0
34.750004,-119.049995,2021-09-27 00:00:00,0,0.0
34.750004,-118.95,2021-09-27 00:00:00,0,0.04379288
34.750004,-118.84999,2021-09-27 00:00:00,0,0.051788345
34.750004,-118.75,2021-09-27 00:00:00,0,0.10712065
34.750004,-118.649994,2021-09-27 00:00:00,0,0.12695964
34.750004,-118.549995,2021-09-27 00:00:00,0,0.08648289
34.750004,-118.45,2021-09-27 00:00:00,0,0.028358096
34.750004,-118.34999,2021-09-27 00:00:00,0,0.20218483
34.750004,-118.25,2021-09-27 00:00:00,0,0.028358096
34.750004,-118.149994,2021-09-27 00:00:00,0,0.0
34.750004,-118.049995,2021-09-27 00:00:00,0,0.0
34.750004,-117.95,2021-09-27 00:00:00,0,0.0
34.750004,-117.84999,2021-09-27 00:00:00,0,0.0
34.750004,-117.75,2021-09-27 00:00:00,0,0.0
34.750004,-117.649994,2021-09-27 00:00:00,0,0.0
34.750004,-117.549995,2021-09-27 00:00:00,0,0.0
34.750004,-117.45,2021-09-27 00:00:00,0,0.0
34.750004,-117.34999,2021-09-27 00:00:00,0,0.0
34.750004,-117.25,2021-09-27 00:00:00,0,0.0
34.750004,-117.149994,2021-09-27 00:00:00,0,0.0
34.750004,-117.049995,2021-09-27 00:00:00,0,0.0
34.750004,-116.95,2021-09-27 00:00:00,0,0.0
34.750004,-116.84999,2021-09-27 00:00:00,0,0.0
34.750004,-116.75,2021-09-27 00:00:00,0,0.0
34.750004,-116.649994,2021-09-27 00:00:00,0,0.0
34.750004,-116.549995,2021-09-27 00:00:00,0,0.0
34.750004,-116.45,2021-09-27 00:00:00,0,0.0
34.750004,-116.34999,2021-09-27 00:00:00,0,0.0
34.750004,-116.25,2021-09-27 00:00:00,0,0.0
34.750004,-116.149994,2021-09-27 00:00:00,0,0.0
34.750004,-116.049995,2021-09-27 00:00:00,0,0.0
34.750004,-115.95,2021-09-27 00:00:00,0,0.0
34.750004,-115.85,2021-09-27 00:00:00,0,0.0
34.750004,-115.74999,2021-09-27 00:00:00,0,0.03700481
34.750004,-115.649994,2021-09-27 00:00:00,0,0.0
34.750004,-115.549995,2021-09-27 00:00:00,0,0.29337215
34.750004,-115.45,2021-09-27 00:00:00,0,0.0
34.750004,-115.35,2021-09-27 00:00:00,0,0.0
34.750004,-115.24999,2021-09-27 00:00:00,0,0.0
34.750004,-115.149994,2021-09-27 00:00:00,0,0.0
34.750004,-115.049995,2021-09-27 00:00:00,0,0.0
34.750004,-114.95,2021-09-27 00:00:00,0,0.0
34.750004,-114.85,2021-09-27 00:00:00,0,0.0
34.750004,-114.74999,2021-09-27 00:00:00,0,0.0
34.750004,-114.649994,2021-09-27 00:00:00,0,0.0
34.750004,-114.549995,2021-09-27 00:00:00,0,0.0
34.750004,-114.45,2021-09-27 00:00:00,0,0.0
34.750004,-114.35,2021-09-27 00:00:00,0,0.0
34.750004,-114.24999,2021-09-27 00:00:00,0,0.0
34.850002,-124.34999,2021-09-27 00:00:00,0,0.0
34.850002,-124.25,2021-09-27 00:00:00,0,0.0
34.850002,-124.149994,2021-09-27 00:00:00,0,0.0
34.850002,-124.049995,2021-09-27 00:00:00,0,0.0
34.850002,-123.95,2021-09-27 00:00:00,0,0.0
34.850002,-123.84999,2021-09-27 00:00:00,0,0.0
34.850002,-123.75,2021-09-27 00:00:00,0,0.0
34.850002,-123.649994,2021-09-27 00:00:00,0,0.0
34.850002,-123.549995,2021-09-27 00:00:00,0,0.0
34.850002,-123.45,2021-09-27 00:00:00,0,0.0
34.850002,-123.34999,2021-09-27 00:00:00,0,0.0
34.850002,-123.25,2021-09-27 00:00:00,0,0.0
34.850002,-123.149994,2021-09-27 00:00:00,0,0.0
34.850002,-123.049995,2021-09-27 00:00:00,0,0.0
34.850002,-122.95,2021-09-27 00:00:00,0,0.0
34.850002,-122.84999,2021-09-27 00:00:00,0,0.0
34.850002,-122.75,2021-09-27 00:00:00,0,0.0
34.850002,-122.649994,2021-09-27 00:00:00,0,0.0
34.850002,-122.549995,2021-09-27 00:00:00,0,0.0
34.850002,-122.45,2021-09-27 00:00:00,0,0.0
34.850002,-122.34999,2021-09-27 00:00:00,0,0.0
34.850002,-122.25,2021-09-27 00:00:00,0,0.0
34.850002,-122.149994,2021-09-27 00:00:00,0,0.0
34.850002,-122.049995,2021-09-27 00:00:00,0,0.0
34.850002,-121.95,2021-09-27 00:00:00,0,0.0
34.850002,-121.84999,2021-09-27 00:00:00,0,0.0
34.850002,-121.75,2021-09-27 00:00:00,0,0.0
34.850002,-121.649994,2021-09-27 00:00:00,0,0.0
34.850002,-121.549995,2021-09-27 00:00:00,0,0.0
34.850002,-121.45,2021-09-27 00:00:00,0,0.0
34.850002,-121.34999,2021-09-27 00:00:00,0,0.0
34.850002,-121.25,2021-09-27 00:00:00,0,0.0
34.850002,-121.149994,2021-09-27 00:00:00,0,0.0
34.850002,-121.049995,2021-09-27 00:00:00,0,0.0
34.850002,-120.95,2021-09-27 00:00:00,0,0.0
34.850002,-120.84999,2021-09-27 00:00:00,0,0.0
34.850002,-120.75,2021-09-27 00:00:00,0,0.0
34.850002,-120.649994,2021-09-27 00:00:00,0,0.0
34.850002,-120.549995,2021-09-27 00:00:00,0,0.0
34.850002,-120.45,2021-09-27 00:00:00,0,0.0
34.850002,-120.34999,2021-09-27 00:00:00,0,0.0
34.850002,-120.25,2021-09-27 00:00:00,0,0.0
34.850002,-120.149994,2021-09-27 00:00:00,0,0.0
34.850002,-120.049995,2021-09-27 00:00:00,0,0.0
34.850002,-119.95,2021-09-27 00:00:00,0,0.0
34.850002,-119.84999,2021-09-27 00:00:00,0,0.0
34.850002,-119.75,2021-09-27 00:00:00,0,0.0
34.850002,-119.649994,2021-09-27 00:00:00,0,0.0
34.850002,-119.549995,2021-09-27 00:00:00,0,0.0
34.850002,-119.45,2021-09-27 00:00:00,0,0.0
34.850002,-119.34999,2021-09-27 00:00:00,0,0.00985569
34.850002,-119.25,2021-09-27 00:00:00,0,0.0
34.850002,-119.149994,2021-09-27 00:00:00,0,0.0
34.850002,-119.049995,2021-09-27 00:00:00,0,0.0
34.850002,-118.95,2021-09-27 00:00:00,0,0.07658069
34.850002,-118.84999,2021-09-27 00:00:00,0,0.11844955
34.850002,-118.75,2021-09-27 00:00:00,0,0.21057002
34.850002,-118.649994,2021-09-27 00:00:00,0,0.29366803
34.850002,-118.549995,2021-09-27 00:00:00,0,1.9777721
34.850002,-118.45,2021-09-27 00:00:00,0,1.1852216
34.850002,-118.34999,2021-09-27 00:00:00,0,0.1561522
34.850002,-118.25,2021-09-27 00:00:00,0,0.139105
34.850002,-118.149994,2021-09-27 00:00:00,0,0.0
34.850002,-118.049995,2021-09-27 00:00:00,0,0.08014643
34.850002,-117.95,2021-09-27 00:00:00,0,0.08014643
34.850002,-117.84999,2021-09-27 00:00:00,0,0.0
34.850002,-117.75,2021-09-27 00:00:00,0,0.0
34.850002,-117.649994,2021-09-27 00:00:00,0,0.0
34.850002,-117.549995,2021-09-27 00:00:00,0,0.0
34.850002,-117.45,2021-09-27 00:00:00,0,0.0
34.850002,-117.34999,2021-09-27 00:00:00,0,0.0
34.850002,-117.25,2021-09-27 00:00:00,0,0.0
34.850002,-117.149994,2021-09-27 00:00:00,0,0.0
34.850002,-117.049995,2021-09-27 00:00:00,0,0.0
34.850002,-116.95,2021-09-27 00:00:00,0,0.0
34.850002,-116.84999,2021-09-27 00:00:00,0,0.0
34.850002,-116.75,2021-09-27 00:00:00,0,0.0
34.850002,-116.649994,2021-09-27 00:00:00,0,0.0
34.850002,-116.549995,2021-09-27 00:00:00,0,0.0
34.850002,-116.45,2021-09-27 00:00:00,0,0.0
34.850002,-116.34999,2021-09-27 00:00:00,0,0.0
34.850002,-116.25,2021-09-27 00:00:00,0,0.0
34.850002,-116.149994,2021-09-27 00:00:00,0,0.0
34.850002,-116.049995,2021-09-27 00:00:00,0,0.0
34.850002,-115.95,2021-09-27 00:00:00,0,0.0
34.850002,-115.85,2021-09-27 00:00:00,0,0.0
34.850002,-115.74999,2021-09-27 00:00:00,0,0.041932654
34.850002,-115.649994,2021-09-27 00:00:00,0,0.0
34.850002,-115.549995,2021-09-27 00:00:00,0,0.0
34.850002,-115.45,2021-09-27 00:00:00,0,0.0
34.850002,-115.35,2021-09-27 00:00:00,0,0.0
34.850002,-115.24999,2021-09-27 00:00:00,0,0.0
34.850002,-115.149994,2021-09-27 00:00:00,0,0.0
34.850002,-115.049995,2021-09-27 00:00:00,0,0.0
34.850002,-114.95,2021-09-27 00:00:00,0,0.0
34.850002,-114.85,2021-09-27 00:00:00,0,0.0
34.850002,-114.74999,2021-09-27 00:00:00,0,0.0
34.850002,-114.649994,2021-09-27 00:00:00,0,0.0
34.850002,-114.549995,2021-09-27 00:00:00,0,0.0
34.850002,-114.45,2021-09-27 00:00:00,0,0.0
34.850002,-114.35,2021-09-27 00:00:00,0,0.0
34.850002,-114.24999,2021-09-27 00:00:00,0,0.0
34.95,-124.34999,2021-09-27 00:00:00,0,0.0
34.95,-124.25,2021-09-27 00:00:00,0,0.0
34.95,-124.149994,2021-09-27 00:00:00,0,0.0
34.95,-124.049995,2021-09-27 00:00:00,0,0.0
34.95,-123.95,2021-09-27 00:00:00,0,0.0
34.95,-123.84999,2021-09-27 00:00:00,0,0.0
34.95,-123.75,2021-09-27 00:00:00,0,0.0
34.95,-123.649994,2021-09-27 00:00:00,0,0.0
34.95,-123.549995,2021-09-27 00:00:00,0,0.0
34.95,-123.45,2021-09-27 00:00:00,0,0.0
34.95,-123.34999,2021-09-27 00:00:00,0,0.0
34.95,-123.25,2021-09-27 00:00:00,0,0.0
34.95,-123.149994,2021-09-27 00:00:00,0,0.0
34.95,-123.049995,2021-09-27 00:00:00,0,0.0
34.95,-122.95,2021-09-27 00:00:00,0,0.0
34.95,-122.84999,2021-09-27 00:00:00,0,0.0
34.95,-122.75,2021-09-27 00:00:00,0,0.0
34.95,-122.649994,2021-09-27 00:00:00,0,0.0
34.95,-122.549995,2021-09-27 00:00:00,0,0.0
34.95,-122.45,2021-09-27 00:00:00,0,0.0
34.95,-122.34999,2021-09-27 00:00:00,0,0.0
34.95,-122.25,2021-09-27 00:00:00,0,0.0
34.95,-122.149994,2021-09-27 00:00:00,0,0.0
34.95,-122.049995,2021-09-27 00:00:00,0,0.0
34.95,-121.95,2021-09-27 00:00:00,0,0.0
34.95,-121.84999,2021-09-27 00:00:00,0,0.0
34.95,-121.75,2021-09-27 00:00:00,0,0.0
34.95,-121.649994,2021-09-27 00:00:00,0,0.0
34.95,-121.549995,2021-09-27 00:00:00,0,0.0
34.95,-121.45,2021-09-27 00:00:00,0,0.0
34.95,-121.34999,2021-09-27 00:00:00,0,0.0
34.95,-121.25,2021-09-27 00:00:00,0,0.0
34.95,-121.149994,2021-09-27 00:00:00,0,0.0
34.95,-121.049995,2021-09-27 00:00:00,0,0.0
34.95,-120.95,2021-09-27 00:00:00,0,0.0
34.95,-120.84999,2021-09-27 00:00:00,0,0.0
34.95,-120.75,2021-09-27 00:00:00,0,0.0
34.95,-120.649994,2021-09-27 00:00:00,0,0.0
34.95,-120.549995,2021-09-27 00:00:00,0,0.0
34.95,-120.45,2021-09-27 00:00:00,0,0.0
34.95,-120.34999,2021-09-27 00:00:00,0,0.0
34.95,-120.25,2021-09-27 00:00:00,0,0.0
34.95,-120.149994,2021-09-27 00:00:00,0,0.0
34.95,-120.049995,2021-09-27 00:00:00,0,0.0
34.95,-119.95,2021-09-27 00:00:00,0,0.0
34.95,-119.84999,2021-09-27 00:00:00,0,0.0
34.95,-119.75,2021-09-27 00:00:00,0,0.0
34.95,-119.649994,2021-09-27 00:00:00,0,0.0
34.95,-119.549995,2021-09-27 00:00:00,0,0.06164403
34.95,-119.45,2021-09-27 00:00:00,0,0.004927845
34.95,-119.34999,2021-09-27 00:00:00,0,0.014185426
34.95,-119.25,2021-09-27 00:00:00,0,0.0
34.95,-119.149994,2021-09-27 00:00:00,0,0.014185426
34.95,-119.049995,2021-09-27 00:00:00,0,0.014185426
34.95,-118.95,2021-09-27 00:00:00,0,0.014185426
34.95,-118.84999,2021-09-27 00:00:00,0,0.08511255
34.95,-118.75,2021-09-27 00:00:00,0,0.08511255
34.95,-118.649994,2021-09-27 00:00:00,0,0.31346697
34.95,-118.549995,2021-09-27 00:00:00,0,0.5111694
34.95,-118.45,2021-09-27 00:00:00,0,0.115209
34.95,-118.34999,2021-09-27 00:00:00,0,0.23550057
34.95,-118.25,2021-09-27 00:00:00,0,0.5146073
34.95,-118.149994,2021-09-27 00:00:00,0,0.0
34.95,-118.049995,2021-09-27 00:00:00,0,0.0
34.95,-117.95,2021-09-27 00:00:00,0,0.31706652
34.95,-117.84999,2021-09-27 00:00:00,0,0.0
34.95,-117.75,2021-09-27 00:00:00,0,0.0
34.95,-117.649994,2021-09-27 00:00:00,0,0.0
34.95,-117.549995,2021-09-27 00:00:00,0,0.0
34.95,-117.45,2021-09-27 00:00:00,0,0.0
34.95,-117.34999,2021-09-27 00:00:00,0,0.0
34.95,-117.25,2021-09-27 00:00:00,0,0.0
34.95,-117.149994,2021-09-27 00:00:00,0,0.0
34.95,-117.049995,2021-09-27 00:00:00,0,0.0
34.95,-116.95,2021-09-27 00:00:00,0,0.0
34.95,-116.84999,2021-09-27 00:00:00,0,0.0
34.95,-116.75,2021-09-27 00:00:00,0,0.0
34.95,-116.649994,2021-09-27 00:00:00,0,0.0
34.95,-116.549995,2021-09-27 00:00:00,0,0.0
34.95,-116.45,2021-09-27 00:00:00,0,0.0
34.95,-116.34999,2021-09-27 00:00:00,0,0.0
34.95,-116.25,2021-09-27 00:00:00,0,0.0
34.95,-116.149994,2021-09-27 00:00:00,0,0.0
34.95,-116.049995,2021-09-27 00:00:00,0,0.0
34.95,-115.95,2021-09-27 00:00:00,0,0.0
34.95,-115.85,2021-09-27 00:00:00,0,0.0
34.95,-115.74999,2021-09-27 00:00:00,0,0.0
34.95,-115.649994,2021-09-27 00:00:00,0,0.0
34.95,-115.549995,2021-09-27 00:00:00,0,0.0
34.95,-115.45,2021-09-27 00:00:00,0,0.0
34.95,-115.35,2021-09-27 00:00:00,0,0.0
34.95,-115.24999,2021-09-27 00:00:00,0,0.0
34.95,-115.149994,2021-09-27 00:00:00,0,0.0
34.95,-115.049995,2021-09-27 00:00:00,0,0.0
34.95,-114.95,2021-09-27 00:00:00,0,0.0
34.95,-114.85,2021-09-27 00:00:00,0,0.0
34.95,-114.74999,2021-09-27 00:00:00,0,0.0
34.95,-114.649994,2021-09-27 00:00:00,0,0.0
34.95,-114.549995,2021-09-27 00:00:00,0,0.0
34.95,-114.45,2021-09-27 00:00:00,0,0.0
34.95,-114.35,2021-09-27 00:00:00,0,0.0
34.95,-114.24999,2021-09-27 00:00:00,0,0.0
35.05,-124.34999,2021-09-27 00:00:00,0,0.0
35.05,-124.25,2021-09-27 00:00:00,0,0.0
35.05,-124.149994,2021-09-27 00:00:00,0,0.0
35.05,-124.049995,2021-09-27 00:00:00,0,0.0
35.05,-123.95,2021-09-27 00:00:00,0,0.0
35.05,-123.84999,2021-09-27 00:00:00,0,0.0
35.05,-123.75,2021-09-27 00:00:00,0,0.0
35.05,-123.649994,2021-09-27 00:00:00,0,0.0
35.05,-123.549995,2021-09-27 00:00:00,0,0.0
35.05,-123.45,2021-09-27 00:00:00,0,0.0
35.05,-123.34999,2021-09-27 00:00:00,0,0.0
35.05,-123.25,2021-09-27 00:00:00,0,0.0
35.05,-123.149994,2021-09-27 00:00:00,0,0.0
35.05,-123.049995,2021-09-27 00:00:00,0,0.0
35.05,-122.95,2021-09-27 00:00:00,0,0.0
35.05,-122.84999,2021-09-27 00:00:00,0,0.0
35.05,-122.75,2021-09-27 00:00:00,0,0.0
35.05,-122.649994,2021-09-27 00:00:00,0,0.0
35.05,-122.549995,2021-09-27 00:00:00,0,0.0
35.05,-122.45,2021-09-27 00:00:00,0,0.0
35.05,-122.34999,2021-09-27 00:00:00,0,0.0
35.05,-122.25,2021-09-27 00:00:00,0,0.0
35.05,-122.149994,2021-09-27 00:00:00,0,0.0
35.05,-122.049995,2021-09-27 00:00:00,0,0.0
35.05,-121.95,2021-09-27 00:00:00,0,0.0
35.05,-121.84999,2021-09-27 00:00:00,0,0.0
35.05,-121.75,2021-09-27 00:00:00,0,0.0
35.05,-121.649994,2021-09-27 00:00:00,0,0.0
35.05,-121.549995,2021-09-27 00:00:00,0,0.0
35.05,-121.45,2021-09-27 00:00:00,0,0.0
35.05,-121.34999,2021-09-27 00:00:00,0,0.0
35.05,-121.25,2021-09-27 00:00:00,0,0.0
35.05,-121.149994,2021-09-27 00:00:00,0,0.0
35.05,-121.049995,2021-09-27 00:00:00,0,0.0
35.05,-120.95,2021-09-27 00:00:00,0,0.0
35.05,-120.84999,2021-09-27 00:00:00,0,0.0
35.05,-120.75,2021-09-27 00:00:00,0,0.0
35.05,-120.649994,2021-09-27 00:00:00,0,0.0
35.05,-120.549995,2021-09-27 00:00:00,0,0.0
35.05,-120.45,2021-09-27 00:00:00,0,0.0
35.05,-120.34999,2021-09-27 00:00:00,0,0.0
35.05,-120.25,2021-09-27 00:00:00,0,0.0
35.05,-120.149994,2021-09-27 00:00:00,0,0.0
35.05,-120.049995,2021-09-27 00:00:00,0,0.0
35.05,-119.95,2021-09-27 00:00:00,0,0.0
35.05,-119.84999,2021-09-27 00:00:00,0,0.0
35.05,-119.75,2021-09-27 00:00:00,0,0.0
35.05,-119.649994,2021-09-27 00:00:00,0,0.0
35.05,-119.549995,2021-09-27 00:00:00,0,0.0
35.05,-119.45,2021-09-27 00:00:00,0,0.0
35.05,-119.34999,2021-09-27 00:00:00,0,0.0
35.05,-119.25,2021-09-27 00:00:00,0,0.0
35.05,-119.149994,2021-09-27 00:00:00,0,0.014185426
35.05,-119.049995,2021-09-27 00:00:00,0,0.0
35.05,-118.95,2021-09-27 00:00:00,0,0.0
35.05,-118.84999,2021-09-27 00:00:00,0,0.056741703
35.05,-118.75,2021-09-27 00:00:00,0,0.0
35.05,-118.649994,2021-09-27 00:00:00,0,0.0
35.05,-118.549995,2021-09-27 00:00:00,0,0.06440197
35.05,-118.45,2021-09-27 00:00:00,0,0.024104917
35.05,-118.34999,2021-09-27 00:00:00,0,0.1296028
35.05,-118.25,2021-09-27 00:00:00,0,0.38327911
35.05,-118.149994,2021-09-27 00:00:00,0,0.060886685
35.05,-118.049995,2021-09-27 00:00:00,0,0.0
35.05,-117.95,2021-09-27 00:00:00,0,0.0
35.05,-117.84999,2021-09-27 00:00:00,0,0.0
35.05,-117.75,2021-09-27 00:00:00,0,0.0
35.05,-117.649994,2021-09-27 00:00:00,0,0.0
35.05,-117.549995,2021-09-27 00:00:00,0,0.0
35.05,-117.45,2021-09-27 00:00:00,0,0.0
35.05,-117.34999,2021-09-27 00:00:00,0,0.0
35.05,-117.25,2021-09-27 00:00:00,0,0.0
35.05,-117.149994,2021-09-27 00:00:00,0,0.0
35.05,-117.049995,2021-09-27 00:00:00,0,0.0
35.05,-116.95,2021-09-27 00:00:00,0,0.0
35.05,-116.84999,2021-09-27 00:00:00,0,0.0
35.05,-116.75,2021-09-27 00:00:00,0,0.0
35.05,-116.649994,2021-09-27 00:00:00,0,0.0
35.05,-116.549995,2021-09-27 00:00:00,0,0.0
35.05,-116.45,2021-09-27 00:00:00,0,0.0
35.05,-116.34999,2021-09-27 00:00:00,0,0.0
35.05,-116.25,2021-09-27 00:00:00,0,0.0
35.05,-116.149994,2021-09-27 00:00:00,0,0.0
35.05,-116.049995,2021-09-27 00:00:00,0,0.0
35.05,-115.95,2021-09-27 00:00:00,0,0.0
35.05,-115.85,2021-09-27 00:00:00,0,0.0
35.05,-115.74999,2021-09-27 00:00:00,0,0.0
35.05,-115.649994,2021-09-27 00:00:00,0,0.0
35.05,-115.549995,2021-09-27 00:00:00,0,0.0
35.05,-115.45,2021-09-27 00:00:00,0,0.0
35.05,-115.35,2021-09-27 00:00:00,0,0.0
35.05,-115.24999,2021-09-27 00:00:00,0,0.0
35.05,-115.149994,2021-09-27 00:00:00,0,0.0
35.05,-115.049995,2021-09-27 00:00:00,0,0.0
35.05,-114.95,2021-09-27 00:00:00,0,0.0
35.05,-114.85,2021-09-27 00:00:00,0,0.0
35.05,-114.74999,2021-09-27 00:00:00,0,0.0
35.05,-114.649994,2021-09-27 00:00:00,0,0.0
35.05,-114.549995,2021-09-27 00:00:00,0,0.0
35.05,-114.45,2021-09-27 00:00:00,0,0.0
35.05,-114.35,2021-09-27 00:00:00,0,0.0
35.05,-114.24999,2021-09-27 00:00:00,0,0.0
35.149998,-124.34999,2021-09-27 00:00:00,0,0.0
35.149998,-124.25,2021-09-27 00:00:00,0,0.0
35.149998,-124.149994,2021-09-27 00:00:00,0,0.0
35.149998,-124.049995,2021-09-27 00:00:00,0,0.0
35.149998,-123.95,2021-09-27 00:00:00,0,0.0
35.149998,-123.84999,2021-09-27 00:00:00,0,0.0
35.149998,-123.75,2021-09-27 00:00:00,0,0.0
35.149998,-123.649994,2021-09-27 00:00:00,0,0.0
35.149998,-123.549995,2021-09-27 00:00:00,0,0.0
35.149998,-123.45,2021-09-27 00:00:00,0,0.0
35.149998,-123.34999,2021-09-27 00:00:00,0,0.0
35.149998,-123.25,2021-09-27 00:00:00,0,0.0
35.149998,-123.149994,2021-09-27 00:00:00,0,0.0
35.149998,-123.049995,2021-09-27 00:00:00,0,0.0
35.149998,-122.95,2021-09-27 00:00:00,0,0.0
35.149998,-122.84999,2021-09-27 00:00:00,0,0.0
35.149998,-122.75,2021-09-27 00:00:00,0,0.0
35.149998,-122.649994,2021-09-27 00:00:00,0,0.0
35.149998,-122.549995,2021-09-27 00:00:00,0,0.0
35.149998,-122.45,2021-09-27 00:00:00,0,0.0
35.149998,-122.34999,2021-09-27 00:00:00,0,0.0
35.149998,-122.25,2021-09-27 00:00:00,0,0.0
35.149998,-122.149994,2021-09-27 00:00:00,0,0.0
35.149998,-122.049995,2021-09-27 00:00:00,0,0.0
35.149998,-121.95,2021-09-27 00:00:00,0,0.0
35.149998,-121.84999,2021-09-27 00:00:00,0,0.0
35.149998,-121.75,2021-09-27 00:00:00,0,0.0
35.149998,-121.649994,2021-09-27 00:00:00,0,0.0
35.149998,-121.549995,2021-09-27 00:00:00,0,0.0
35.149998,-121.45,2021-09-27 00:00:00,0,0.0
35.149998,-121.34999,2021-09-27 00:00:00,0,0.0
35.149998,-121.25,2021-09-27 00:00:00,0,0.0
35.149998,-121.149994,2021-09-27 00:00:00,0,0.0
35.149998,-121.049995,2021-09-27 00:00:00,0,0.0
35.149998,-120.95,2021-09-27 00:00:00,0,0.0
35.149998,-120.84999,2021-09-27 00:00:00,0,0.0
35.149998,-120.75,2021-09-27 00:00:00,0,0.0
35.149998,-120.649994,2021-09-27 00:00:00,0,0.0
35.149998,-120.549995,2021-09-27 00:00:00,0,0.0
35.149998,-120.45,2021-09-27 00:00:00,0,0.0
35.149998,-120.34999,2021-09-27 00:00:00,0,0.0
35.149998,-120.25,2021-09-27 00:00:00,0,0.0
35.149998,-120.149994,2021-09-27 00:00:00,0,0.0
35.149998,-120.049995,2021-09-27 00:00:00,0,0.0
35.149998,-119.95,2021-09-27 00:00:00,0,0.0
35.149998,-119.84999,2021-09-27 00:00:00,0,0.0
35.149998,-119.75,2021-09-27 00:00:00,0,0.14550933
35.149998,-119.649994,2021-09-27 00:00:00,0,0.12700693
35.149998,-119.549995,2021-09-27 00:00:00,0,0.056716193
35.149998,-119.45,2021-09-27 00:00:00,0,0.0
35.149998,-119.34999,2021-09-27 00:00:00,0,0.0
35.149998,-119.25,2021-09-27 00:00:00,0,0.0
35.149998,-119.149994,2021-09-27 00:00:00,0,0.0
35.149998,-119.049995,2021-09-27 00:00:00,0,0.0
35.149998,-118.95,2021-09-27 00:00:00,0,0.0
35.149998,-118.84999,2021-09-27 00:00:00,0,0.0
35.149998,-118.75,2021-09-27 00:00:00,0,0.0
35.149998,-118.649994,2021-09-27 00:00:00,0,0.019113272
35.149998,-118.549995,2021-09-27 00:00:00,0,0.014185426
35.149998,-118.45,2021-09-27 00:00:00,0,0.014185426
35.149998,-118.34999,2021-09-27 00:00:00,0,0.145208
35.149998,-118.25,2021-09-27 00:00:00,0,0.06626687
35.149998,-118.149994,2021-09-27 00:00:00,0,0.0
35.149998,-118.049995,2021-09-27 00:00:00,0,0.04872072
35.149998,-117.95,2021-09-27 00:00:00,0,0.027528588
35.149998,-117.84999,2021-09-27 00:00:00,0,0.0
35.149998,-117.75,2021-09-27 00:00:00,0,0.0
35.149998,-117.649994,2021-09-27 00:00:00,0,0.10357669
35.149998,-117.549995,2021-09-27 00:00:00,0,0.0
35.149998,-117.45,2021-09-27 00:00:00,0,0.0
35.149998,-117.34999,2021-09-27 00:00:00,0,0.0
35.149998,-117.25,2021-09-27 00:00:00,0,0.0
35.149998,-117.149994,2021-09-27 00:00:00,0,0.0
35.149998,-117.049995,2021-09-27 00:00:00,0,0.0
35.149998,-116.95,2021-09-27 00:00:00,0,0.0
35.149998,-116.84999,2021-09-27 00:00:00,0,0.0
35.149998,-116.75,2021-09-27 00:00:00,0,0.0
35.149998,-116.649994,2021-09-27 00:00:00,0,0.0
35.149998,-116.549995,2021-09-27 00:00:00,0,0.0
35.149998,-116.45,2021-09-27 00:00:00,0,0.0
35.149998,-116.34999,2021-09-27 00:00:00,0,0.0
35.149998,-116.25,2021-09-27 00:00:00,0,0.0
35.149998,-116.149994,2021-09-27 00:00:00,0,0.0
35.149998,-116.049995,2021-09-27 00:00:00,0,0.0
35.149998,-115.95,2021-09-27 00:00:00,0,0.0
35.149998,-115.85,2021-09-27 00:00:00,0,0.0
35.149998,-115.74999,2021-09-27 00:00:00,0,0.0
35.149998,-115.649994,2021-09-27 00:00:00,0,0.2996654
35.149998,-115.549995,2021-09-27 00:00:00,0,0.30459327
35.149998,-115.45,2021-09-27 00:00:00,0,0.0
35.149998,-115.35,2021-09-27 00:00:00,0,0.57190585
35.149998,-115.24999,2021-09-27 00:00:00,0,0.0
35.149998,-115.149994,2021-09-27 00:00:00,0,0.0
35.149998,-115.049995,2021-09-27 00:00:00,0,0.0
35.149998,-114.95,2021-09-27 00:00:00,0,0.0
35.149998,-114.85,2021-09-27 00:00:00,0,0.0
35.149998,-114.74999,2021-09-27 00:00:00,0,0.0
35.149998,-114.649994,2021-09-27 00:00:00,0,0.0
35.149998,-114.549995,2021-09-27 00:00:00,0,0.0
35.149998,-114.45,2021-09-27 00:00:00,0,0.0
35.149998,-114.35,2021-09-27 00:00:00,0,0.0
35.149998,-114.24999,2021-09-27 00:00:00,0,0.0
35.250004,-124.34999,2021-09-27 00:00:00,0,0.0
35.250004,-124.25,2021-09-27 00:00:00,0,0.0
35.250004,-124.149994,2021-09-27 00:00:00,0,0.0
35.250004,-124.049995,2021-09-27 00:00:00,0,0.0
35.250004,-123.95,2021-09-27 00:00:00,0,0.0
35.250004,-123.84999,2021-09-27 00:00:00,0,0.0
35.250004,-123.75,2021-09-27 00:00:00,0,0.0
35.250004,-123.649994,2021-09-27 00:00:00,0,0.0
35.250004,-123.549995,2021-09-27 00:00:00,0,0.0
35.250004,-123.45,2021-09-27 00:00:00,0,0.0
35.250004,-123.34999,2021-09-27 00:00:00,0,0.0
35.250004,-123.25,2021-09-27 00:00:00,0,0.0
35.250004,-123.149994,2021-09-27 00:00:00,0,0.0
35.250004,-123.049995,2021-09-27 00:00:00,0,0.0
35.250004,-122.95,2021-09-27 00:00:00,0,0.0
35.250004,-122.84999,2021-09-27 00:00:00,0,0.0
35.250004,-122.75,2021-09-27 00:00:00,0,0.0
35.250004,-122.649994,2021-09-27 00:00:00,0,0.0
35.250004,-122.549995,2021-09-27 00:00:00,0,0.0
35.250004,-122.45,2021-09-27 00:00:00,0,0.0
35.250004,-122.34999,2021-09-27 00:00:00,0,0.0
35.250004,-122.25,2021-09-27 00:00:00,0,0.0
35.250004,-122.149994,2021-09-27 00:00:00,0,0.0
35.250004,-122.049995,2021-09-27 00:00:00,0,0.0
35.250004,-121.95,2021-09-27 00:00:00,0,0.0
35.250004,-121.84999,2021-09-27 00:00:00,0,0.0
35.250004,-121.75,2021-09-27 00:00:00,0,0.0
35.250004,-121.649994,2021-09-27 00:00:00,0,0.0
35.250004,-121.549995,2021-09-27 00:00:00,0,0.0
35.250004,-121.45,2021-09-27 00:00:00,0,0.0
35.250004,-121.34999,2021-09-27 00:00:00,0,0.0
35.250004,-121.25,2021-09-27 00:00:00,0,0.0
35.250004,-121.149994,2021-09-27 00:00:00,0,0.0
35.250004,-121.049995,2021-09-27 00:00:00,0,0.0
35.250004,-120.95,2021-09-27 00:00:00,0,0.0
35.250004,-120.84999,2021-09-27 00:00:00,0,0.56780183
35.250004,-120.75,2021-09-27 00:00:00,0,0.0
35.250004,-120.649994,2021-09-27 00:00:00,0,0.0
35.250004,-120.549995,2021-09-27 00:00:00,0,0.0
35.250004,-120.45,2021-09-27 00:00:00,0,0.0
35.250004,-120.34999,2021-09-27 00:00:00,0,0.0
35.250004,-120.25,2021-09-27 00:00:00,0,0.0
35.250004,-120.149994,2021-09-27 00:00:00,0,0.0
35.250004,-120.049995,2021-09-27 00:00:00,0,0.0
35.250004,-119.95,2021-09-27 00:00:00,0,0.0
35.250004,-119.84999,2021-09-27 00:00:00,0,0.5253212
35.250004,-119.75,2021-09-27 00:00:00,0,0.45503044
35.250004,-119.649994,2021-09-27 00:00:00,0,0.0
35.250004,-119.549995,2021-09-27 00:00:00,0,0.0
35.250004,-119.45,2021-09-27 00:00:00,0,0.0
35.250004,-119.34999,2021-09-27 00:00:00,0,0.0
35.250004,-119.25,2021-09-27 00:00:00,0,0.0
35.250004,-119.149994,2021-09-27 00:00:00,0,0.0
35.250004,-119.049995,2021-09-27 00:00:00,0,0.0
35.250004,-118.95,2021-09-27 00:00:00,0,0.0
35.250004,-118.84999,2021-09-27 00:00:00,0,0.0
35.250004,-118.75,2021-09-27 00:00:00,0,0.0
35.250004,-118.649994,2021-09-27 00:00:00,0,0.0
35.250004,-118.549995,2021-09-27 00:00:00,0,0.028370852
35.250004,-118.45,2021-09-27 00:00:00,0,0.0
35.250004,-118.34999,2021-09-27 00:00:00,0,0.038290344
35.250004,-118.25,2021-09-27 00:00:00,0,0.019406367
35.250004,-118.149994,2021-09-27 00:00:00,0,0.024334213
35.250004,-118.049995,2021-09-27 00:00:00,0,0.0
35.250004,-117.95,2021-09-27 00:00:00,0,0.0
35.250004,-117.84999,2021-09-27 00:00:00,0,0.0
35.250004,-117.75,2021-09-27 00:00:00,0,0.0
35.250004,-117.649994,2021-09-27 00:00:00,0,0.08507428
35.250004,-117.549995,2021-09-27 00:00:00,0,0.08507428
35.250004,-117.45,2021-09-27 00:00:00,0,0.0
35.250004,-117.34999,2021-09-27 00:00:00,0,0.0
35.250004,-117.25,2021-09-27 00:00:00,0,0.016264293
35.250004,-117.149994,2021-09-27 00:00:00,0,0.046860497
35.250004,-117.049995,2021-09-27 00:00:00,0,0.0
35.250004,-116.95,2021-09-27 00:00:00,0,0.0
35.250004,-116.84999,2021-09-27 00:00:00,0,0.0
35.250004,-116.75,2021-09-27 00:00:00,0,0.0
35.250004,-116.649994,2021-09-27 00:00:00,0,0.0
35.250004,-116.549995,2021-09-27 00:00:00,0,0.0
35.250004,-116.45,2021-09-27 00:00:00,0,0.0
35.250004,-116.34999,2021-09-27 00:00:00,0,0.0
35.250004,-116.25,2021-09-27 00:00:00,0,0.0
35.250004,-116.149994,2021-09-27 00:00:00,0,0.0
35.250004,-116.049995,2021-09-27 00:00:00,0,0.0
35.250004,-115.95,2021-09-27 00:00:00,0,0.0
35.250004,-115.85,2021-09-27 00:00:00,0,0.0
35.250004,-115.74999,2021-09-27 00:00:00,0,0.0
35.250004,-115.649994,2021-09-27 00:00:00,0,0.12816694
35.250004,-115.549995,2021-09-27 00:00:00,0,1.2145085
35.250004,-115.45,2021-09-27 00:00:00,0,0.74069923
35.250004,-115.35,2021-09-27 00:00:00,0,0.0
35.250004,-115.24999,2021-09-27 00:00:00,0,0.0
35.250004,-115.149994,2021-09-27 00:00:00,0,0.0
35.250004,-115.049995,2021-09-27 00:00:00,0,0.0
35.250004,-114.95,2021-09-27 00:00:00,0,0.0
35.250004,-114.85,2021-09-27 00:00:00,0,0.0
35.250004,-114.74999,2021-09-27 00:00:00,0,0.0
35.250004,-114.649994,2021-09-27 00:00:00,0,0.0
35.250004,-114.549995,2021-09-27 00:00:00,0,0.0
35.250004,-114.45,2021-09-27 00:00:00,0,0.0
35.250004,-114.35,2021-09-27 00:00:00,0,0.0
35.250004,-114.24999,2021-09-27 00:00:00,0,0.0
35.350002,-124.34999,2021-09-27 00:00:00,0,0.0
35.350002,-124.25,2021-09-27 00:00:00,0,0.0
35.350002,-124.149994,2021-09-27 00:00:00,0,0.0
35.350002,-124.049995,2021-09-27 00:00:00,0,0.0
35.350002,-123.95,2021-09-27 00:00:00,0,0.0
35.350002,-123.84999,2021-09-27 00:00:00,0,0.0
35.350002,-123.75,2021-09-27 00:00:00,0,0.0
35.350002,-123.649994,2021-09-27 00:00:00,0,0.0
35.350002,-123.549995,2021-09-27 00:00:00,0,0.0
35.350002,-123.45,2021-09-27 00:00:00,0,0.0
35.350002,-123.34999,2021-09-27 00:00:00,0,0.0
35.350002,-123.25,2021-09-27 00:00:00,0,0.0
35.350002,-123.149994,2021-09-27 00:00:00,0,0.0
35.350002,-123.049995,2021-09-27 00:00:00,0,0.0
35.350002,-122.95,2021-09-27 00:00:00,0,0.0
35.350002,-122.84999,2021-09-27 00:00:00,0,0.0
35.350002,-122.75,2021-09-27 00:00:00,0,0.0
35.350002,-122.649994,2021-09-27 00:00:00,0,0.0
35.350002,-122.549995,2021-09-27 00:00:00,0,0.0
35.350002,-122.45,2021-09-27 00:00:00,0,0.0
35.350002,-122.34999,2021-09-27 00:00:00,0,0.0
35.350002,-122.25,2021-09-27 00:00:00,0,0.0
35.350002,-122.149994,2021-09-27 00:00:00,0,0.0
35.350002,-122.049995,2021-09-27 00:00:00,0,0.0
35.350002,-121.95,2021-09-27 00:00:00,0,0.0
35.350002,-121.84999,2021-09-27 00:00:00,0,0.0
35.350002,-121.75,2021-09-27 00:00:00,0,0.0
35.350002,-121.649994,2021-09-27 00:00:00,0,0.0
35.350002,-121.549995,2021-09-27 00:00:00,0,0.0
35.350002,-121.45,2021-09-27 00:00:00,0,0.0
35.350002,-121.34999,2021-09-27 00:00:00,0,0.0
35.350002,-121.25,2021-09-27 00:00:00,0,0.0
35.350002,-121.149994,2021-09-27 00:00:00,0,0.0
35.350002,-121.049995,2021-09-27 00:00:00,0,0.0
35.350002,-120.95,2021-09-27 00:00:00,0,0.0
35.350002,-120.84999,2021-09-27 00:00:00,0,0.0
35.350002,-120.75,2021-09-27 00:00:00,0,0.0
35.350002,-120.649994,2021-09-27 00:00:00,0,0.0
35.350002,-120.549995,2021-09-27 00:00:00,0,0.0
35.350002,-120.45,2021-09-27 00:00:00,0,0.0
35.350002,-120.34999,2021-09-27 00:00:00,0,0.0
35.350002,-120.25,2021-09-27 00:00:00,0,0.0
35.350002,-120.149994,2021-09-27 00:00:00,0,0.0
35.350002,-120.049995,2021-09-27 00:00:00,0,0.0
35.350002,-119.95,2021-09-27 00:00:00,0,0.0
35.350002,-119.84999,2021-09-27 00:00:00,0,0.0
35.350002,-119.75,2021-09-27 00:00:00,0,0.0
35.350002,-119.649994,2021-09-27 00:00:00,0,0.0
35.350002,-119.549995,2021-09-27 00:00:00,0,0.0
35.350002,-119.45,2021-09-27 00:00:00,0,0.0
35.350002,-119.34999,2021-09-27 00:00:00,0,0.0
35.350002,-119.25,2021-09-27 00:00:00,0,0.0
35.350002,-119.149994,2021-09-27 00:00:00,0,0.0
35.350002,-119.049995,2021-09-27 00:00:00,0,0.0
35.350002,-118.95,2021-09-27 00:00:00,0,0.0
35.350002,-118.84999,2021-09-27 00:00:00,0,0.0
35.350002,-118.75,2021-09-27 00:00:00,0,0.0
35.350002,-118.649994,2021-09-27 00:00:00,0,0.0
35.350002,-118.549995,2021-09-27 00:00:00,0,0.014185426
35.350002,-118.45,2021-09-27 00:00:00,0,0.0
35.350002,-118.34999,2021-09-27 00:00:00,0,0.0
35.350002,-118.25,2021-09-27 00:00:00,0,0.0
35.350002,-118.149994,2021-09-27 00:00:00,0,0.56863165
35.350002,-118.049995,2021-09-27 00:00:00,0,0.48845285
35.350002,-117.95,2021-09-27 00:00:00,0,0.051788345
35.350002,-117.84999,2021-09-27 00:00:00,0,0.0
35.350002,-117.75,2021-09-27 00:00:00,0,0.0
35.350002,-117.649994,2021-09-27 00:00:00,0,0.0
35.350002,-117.549995,2021-09-27 00:00:00,0,0.0
35.350002,-117.45,2021-09-27 00:00:00,0,0.0
35.350002,-117.34999,2021-09-27 00:00:00,0,0.0
35.350002,-117.25,2021-09-27 00:00:00,0,0.0
35.350002,-117.149994,2021-09-27 00:00:00,0,0.5405146
35.350002,-117.049995,2021-09-27 00:00:00,0,0.0
35.350002,-116.95,2021-09-27 00:00:00,0,0.0
35.350002,-116.84999,2021-09-27 00:00:00,0,0.0
35.350002,-116.75,2021-09-27 00:00:00,0,0.0
35.350002,-116.649994,2021-09-27 00:00:00,0,0.051266786
35.350002,-116.549995,2021-09-27 00:00:00,0,0.0
35.350002,-116.45,2021-09-27 00:00:00,0,0.0
35.350002,-116.34999,2021-09-27 00:00:00,0,0.0
35.350002,-116.25,2021-09-27 00:00:00,0,0.0
35.350002,-116.149994,2021-09-27 00:00:00,0,0.0
35.350002,-116.049995,2021-09-27 00:00:00,0,0.0
35.350002,-115.95,2021-09-27 00:00:00,0,0.0
35.350002,-115.85,2021-09-27 00:00:00,0,0.0
35.350002,-115.74999,2021-09-27 00:00:00,0,0.0
35.350002,-115.649994,2021-09-27 00:00:00,0,0.0
35.350002,-115.549995,2021-09-27 00:00:00,0,1.2614137
35.350002,-115.45,2021-09-27 00:00:00,0,1.4717922
35.350002,-115.35,2021-09-27 00:00:00,0,0.038812734
35.350002,-115.24999,2021-09-27 00:00:00,0,0.0
35.350002,-115.149994,2021-09-27 00:00:00,0,0.0
35.350002,-115.049995,2021-09-27 00:00:00,0,0.0
35.350002,-114.95,2021-09-27 00:00:00,0,0.0
35.350002,-114.85,2021-09-27 00:00:00,0,0.0
35.350002,-114.74999,2021-09-27 00:00:00,0,0.0
35.350002,-114.649994,2021-09-27 00:00:00,0,0.0
35.350002,-114.549995,2021-09-27 00:00:00,0,0.0
35.350002,-114.45,2021-09-27 00:00:00,0,0.0
35.350002,-114.35,2021-09-27 00:00:00,0,0.0
35.350002,-114.24999,2021-09-27 00:00:00,0,0.0
35.45,-124.34999,2021-09-27 00:00:00,0,0.0
35.45,-124.25,2021-09-27 00:00:00,0,0.0
35.45,-124.149994,2021-09-27 00:00:00,0,0.0
35.45,-124.049995,2021-09-27 00:00:00,0,0.0
35.45,-123.95,2021-09-27 00:00:00,0,0.0
35.45,-123.84999,2021-09-27 00:00:00,0,0.0
35.45,-123.75,2021-09-27 00:00:00,0,0.0
35.45,-123.649994,2021-09-27 00:00:00,0,0.0
35.45,-123.549995,2021-09-27 00:00:00,0,0.0
35.45,-123.45,2021-09-27 00:00:00,0,0.0
35.45,-123.34999,2021-09-27 00:00:00,0,0.0
35.45,-123.25,2021-09-27 00:00:00,0,0.0
35.45,-123.149994,2021-09-27 00:00:00,0,0.0
35.45,-123.049995,2021-09-27 00:00:00,0,0.0
35.45,-122.95,2021-09-27 00:00:00,0,0.0
35.45,-122.84999,2021-09-27 00:00:00,0,0.0
35.45,-122.75,2021-09-27 00:00:00,0,0.0
35.45,-122.649994,2021-09-27 00:00:00,0,0.0
35.45,-122.549995,2021-09-27 00:00:00,0,0.0
35.45,-122.45,2021-09-27 00:00:00,0,0.0
35.45,-122.34999,2021-09-27 00:00:00,0,0.0
35.45,-122.25,2021-09-27 00:00:00,0,0.0
35.45,-122.149994,2021-09-27 00:00:00,0,0.0
35.45,-122.049995,2021-09-27 00:00:00,0,0.0
35.45,-121.95,2021-09-27 00:00:00,0,0.0
35.45,-121.84999,2021-09-27 00:00:00,0,0.0
35.45,-121.75,2021-09-27 00:00:00,0,0.0
35.45,-121.649994,2021-09-27 00:00:00,0,0.0
35.45,-121.549995,2021-09-27 00:00:00,0,0.0
35.45,-121.45,2021-09-27 00:00:00,0,0.0
35.45,-121.34999,2021-09-27 00:00:00,0,0.0
35.45,-121.25,2021-09-27 00:00:00,0,0.0
35.45,-121.149994,2021-09-27 00:00:00,0,0.0
35.45,-121.049995,2021-09-27 00:00:00,0,0.0
35.45,-120.95,2021-09-27 00:00:00,0,0.0
35.45,-120.84999,2021-09-27 00:00:00,0,0.0
35.45,-120.75,2021-09-27 00:00:00,0,0.0
35.45,-120.649994,2021-09-27 00:00:00,0,0.0
35.45,-120.549995,2021-09-27 00:00:00,0,0.0
35.45,-120.45,2021-09-27 00:00:00,0,0.0
35.45,-120.34999,2021-09-27 00:00:00,0,0.0
35.45,-120.25,2021-09-27 00:00:00,0,0.0
35.45,-120.149994,2021-09-27 00:00:00,0,0.0
35.45,-120.049995,2021-09-27 00:00:00,0,0.0
35.45,-119.95,2021-09-27 00:00:00,0,0.0
35.45,-119.84999,2021-09-27 00:00:00,0,0.0
35.45,-119.75,2021-09-27 00:00:00,0,0.0
35.45,-119.649994,2021-09-27 00:00:00,0,0.0
35.45,-119.549995,2021-09-27 00:00:00,0,0.0
35.45,-119.45,2021-09-27 00:00:00,0,0.0
35.45,-119.34999,2021-09-27 00:00:00,0,0.0
35.45,-119.25,2021-09-27 00:00:00,0,0.0
35.45,-119.149994,2021-09-27 00:00:00,0,0.0
35.45,-119.049995,2021-09-27 00:00:00,0,0.0
35.45,-118.95,2021-09-27 00:00:00,0,0.0
35.45,-118.84999,2021-09-27 00:00:00,0,0.0
35.45,-118.75,2021-09-27 00:00:00,0,0.0
35.45,-118.649994,2021-09-27 00:00:00,0,0.0
35.45,-118.549995,2021-09-27 00:00:00,0,0.0
35.45,-118.45,2021-09-27 00:00:00,0,0.0
35.45,-118.34999,2021-09-27 00:00:00,0,0.0
35.45,-118.25,2021-09-27 00:00:00,0,0.0
35.45,-118.149994,2021-09-27 00:00:00,0,0.30177835
35.45,-118.049995,2021-09-27 00:00:00,0,0.96100235
35.45,-117.95,2021-09-27 00:00:00,0,1.8811109
35.45,-117.84999,2021-09-27 00:00:00,0,0.0
35.45,-117.75,2021-09-27 00:00:00,0,0.0
35.45,-117.649994,2021-09-27 00:00:00,0,0.0
35.45,-117.549995,2021-09-27 00:00:00,0,0.0
35.45,-117.45,2021-09-27 00:00:00,0,0.0
35.45,-117.34999,2021-09-27 00:00:00,0,0.0
35.45,-117.25,2021-09-27 00:00:00,0,0.0
35.45,-117.149994,2021-09-27 00:00:00,0,0.0
35.45,-117.049995,2021-09-27 00:00:00,0,0.0
35.45,-116.95,2021-09-27 00:00:00,0,0.0
35.45,-116.84999,2021-09-27 00:00:00,0,0.0
35.45,-116.75,2021-09-27 00:00:00,0,0.0
35.45,-116.649994,2021-09-27 00:00:00,0,0.06408347
35.45,-116.549995,2021-09-27 00:00:00,0,0.0
35.45,-116.45,2021-09-27 00:00:00,0,0.0
35.45,-116.34999,2021-09-27 00:00:00,0,0.0
35.45,-116.25,2021-09-27 00:00:00,0,0.0
35.45,-116.149994,2021-09-27 00:00:00,0,0.0
35.45,-116.049995,2021-09-27 00:00:00,0,0.0
35.45,-115.95,2021-09-27 00:00:00,0,0.0
35.45,-115.85,2021-09-27 00:00:00,0,0.0
35.45,-115.74999,2021-09-27 00:00:00,0,0.0
35.45,-115.649994,2021-09-27 00:00:00,0,0.0
35.45,-115.549995,2021-09-27 00:00:00,0,1.3196329
35.45,-115.45,2021-09-27 00:00:00,0,0.0
35.45,-115.35,2021-09-27 00:00:00,0,0.0
35.45,-115.24999,2021-09-27 00:00:00,0,0.0
35.45,-115.149994,2021-09-27 00:00:00,0,0.0
35.45,-115.049995,2021-09-27 00:00:00,0,0.0
35.45,-114.95,2021-09-27 00:00:00,0,0.0
35.45,-114.85,2021-09-27 00:00:00,0,0.0
35.45,-114.74999,2021-09-27 00:00:00,0,0.0
35.45,-114.649994,2021-09-27 00:00:00,0,0.0
35.45,-114.549995,2021-09-27 00:00:00,0,0.0
35.45,-114.45,2021-09-27 00:00:00,0,0.0
35.45,-114.35,2021-09-27 00:00:00,0,0.0
35.45,-114.24999,2021-09-27 00:00:00,0,0.0
35.55,-124.34999,2021-09-27 00:00:00,0,0.0
35.55,-124.25,2021-09-27 00:00:00,0,0.0
35.55,-124.149994,2021-09-27 00:00:00,0,0.0
35.55,-124.049995,2021-09-27 00:00:00,0,0.0
35.55,-123.95,2021-09-27 00:00:00,0,0.0
35.55,-123.84999,2021-09-27 00:00:00,0,0.0
35.55,-123.75,2021-09-27 00:00:00,0,0.0
35.55,-123.649994,2021-09-27 00:00:00,0,0.0
35.55,-123.549995,2021-09-27 00:00:00,0,0.0
35.55,-123.45,2021-09-27 00:00:00,0,0.0
35.55,-123.34999,2021-09-27 00:00:00,0,0.0
35.55,-123.25,2021-09-27 00:00:00,0,0.0
35.55,-123.149994,2021-09-27 00:00:00,0,0.0
35.55,-123.049995,2021-09-27 00:00:00,0,0.0
35.55,-122.95,2021-09-27 00:00:00,0,0.0
35.55,-122.84999,2021-09-27 00:00:00,0,0.0
35.55,-122.75,2021-09-27 00:00:00,0,0.0
35.55,-122.649994,2021-09-27 00:00:00,0,0.0
35.55,-122.549995,2021-09-27 00:00:00,0,0.0
35.55,-122.45,2021-09-27 00:00:00,0,0.0
35.55,-122.34999,2021-09-27 00:00:00,0,0.0
35.55,-122.25,2021-09-27 00:00:00,0,0.0
35.55,-122.149994,2021-09-27 00:00:00,0,0.0
35.55,-122.049995,2021-09-27 00:00:00,0,0.0
35.55,-121.95,2021-09-27 00:00:00,0,0.0
35.55,-121.84999,2021-09-27 00:00:00,0,0.0
35.55,-121.75,2021-09-27 00:00:00,0,0.0
35.55,-121.649994,2021-09-27 00:00:00,0,0.0
35.55,-121.549995,2021-09-27 00:00:00,0,0.0
35.55,-121.45,2021-09-27 00:00:00,0,0.0
35.55,-121.34999,2021-09-27 00:00:00,0,0.0
35.55,-121.25,2021-09-27 00:00:00,0,0.0
35.55,-121.149994,2021-09-27 00:00:00,0,0.0
35.55,-121.049995,2021-09-27 00:00:00,0,0.0
35.55,-120.95,2021-09-27 00:00:00,0,0.0
35.55,-120.84999,2021-09-27 00:00:00,0,0.0
35.55,-120.75,2021-09-27 00:00:00,0,0.0
35.55,-120.649994,2021-09-27 00:00:00,0,0.0
35.55,-120.549995,2021-09-27 00:00:00,0,0.0
35.55,-120.45,2021-09-27 00:00:00,0,0.0
35.55,-120.34999,2021-09-27 00:00:00,0,0.0
35.55,-120.25,2021-09-27 00:00:00,0,0.0
35.55,-120.149994,2021-09-27 00:00:00,0,0.0
35.55,-120.049995,2021-09-27 00:00:00,0,0.11348341
35.55,-119.95,2021-09-27 00:00:00,0,0.099297985
35.55,-119.84999,2021-09-27 00:00:00,0,0.0
35.55,-119.75,2021-09-27 00:00:00,0,0.0
35.55,-119.649994,2021-09-27 00:00:00,0,0.0
35.55,-119.549995,2021-09-27 00:00:00,0,0.0
35.55,-119.45,2021-09-27 00:00:00,0,0.0
35.55,-119.34999,2021-09-27 00:00:00,0,0.0
35.55,-119.25,2021-09-27 00:00:00,0,0.0
35.55,-119.149994,2021-09-27 00:00:00,0,0.0
35.55,-119.049995,2021-09-27 00:00:00,0,0.0
35.55,-118.95,2021-09-27 00:00:00,0,0.0
35.55,-118.84999,2021-09-27 00:00:00,0,0.0
35.55,-118.75,2021-09-27 00:00:00,0,0.0
35.55,-118.649994,2021-09-27 00:00:00,0,0.0
35.55,-118.549995,2021-09-27 00:00:00,0,0.0
35.55,-118.45,2021-09-27 00:00:00,0,0.0
35.55,-118.34999,2021-09-27 00:00:00,0,0.0
35.55,-118.25,2021-09-27 00:00:00,0,0.0
35.55,-118.149994,2021-09-27 00:00:00,0,0.14822122
35.55,-118.049995,2021-09-27 00:00:00,0,1.085504
35.55,-117.95,2021-09-27 00:00:00,0,0.75069577
35.55,-117.84999,2021-09-27 00:00:00,0,0.0
35.55,-117.75,2021-09-27 00:00:00,0,0.0
35.55,-117.649994,2021-09-27 00:00:00,0,0.0
35.55,-117.549995,2021-09-27 00:00:00,0,0.0
35.55,-117.45,2021-09-27 00:00:00,0,0.0
35.55,-117.34999,2021-09-27 00:00:00,0,0.0
35.55,-117.25,2021-09-27 00:00:00,0,0.0
35.55,-117.149994,2021-09-27 00:00:00,0,0.0
35.55,-117.049995,2021-09-27 00:00:00,0,0.0
35.55,-116.95,2021-09-27 00:00:00,0,0.0
35.55,-116.84999,2021-09-27 00:00:00,0,0.0
35.55,-116.75,2021-09-27 00:00:00,0,0.0
35.55,-116.649994,2021-09-27 00:00:00,0,0.0
35.55,-116.549995,2021-09-27 00:00:00,0,0.0
35.55,-116.45,2021-09-27 00:00:00,0,0.0
35.55,-116.34999,2021-09-27 00:00:00,0,0.0
35.55,-116.25,2021-09-27 00:00:00,0,0.0
35.55,-116.149994,2021-09-27 00:00:00,0,0.0
35.55,-116.049995,2021-09-27 00:00:00,0,0.0
35.55,-115.95,2021-09-27 00:00:00,0,0.0
35.55,-115.85,2021-09-27 00:00:00,0,0.0
35.55,-115.74999,2021-09-27 00:00:00,0,0.0
35.55,-115.649994,2021-09-27 00:00:00,0,0.0
35.55,-115.549995,2021-09-27 00:00:00,0,0.019406367
35.55,-115.45,2021-09-27 00:00:00,0,0.0
35.55,-115.35,2021-09-27 00:00:00,0,0.0
35.55,-115.24999,2021-09-27 00:00:00,0,0.0
35.55,-115.149994,2021-09-27 00:00:00,0,0.0
35.55,-115.049995,2021-09-27 00:00:00,0,0.0
35.55,-114.95,2021-09-27 00:00:00,0,0.0
35.55,-114.85,2021-09-27 00:00:00,0,0.0
35.55,-114.74999,2021-09-27 00:00:00,0,0.0
35.55,-114.649994,2021-09-27 00:00:00,0,0.0
35.55,-114.549995,2021-09-27 00:00:00,0,0.0
35.55,-114.45,2021-09-27 00:00:00,0,0.0
35.55,-114.35,2021-09-27 00:00:00,0,0.0
35.55,-114.24999,2021-09-27 00:00:00,0,0.0
35.649998,-124.34999,2021-09-27 00:00:00,0,0.0
35.649998,-124.25,2021-09-27 00:00:00,0,0.0
35.649998,-124.149994,2021-09-27 00:00:00,0,0.0
35.649998,-124.049995,2021-09-27 00:00:00,0,0.0
35.649998,-123.95,2021-09-27 00:00:00,0,0.0
35.649998,-123.84999,2021-09-27 00:00:00,0,0.0
35.649998,-123.75,2021-09-27 00:00:00,0,0.0
35.649998,-123.649994,2021-09-27 00:00:00,0,0.0
35.649998,-123.549995,2021-09-27 00:00:00,0,0.0
35.649998,-123.45,2021-09-27 00:00:00,0,0.0
35.649998,-123.34999,2021-09-27 00:00:00,0,0.0
35.649998,-123.25,2021-09-27 00:00:00,0,0.0
35.649998,-123.149994,2021-09-27 00:00:00,0,0.0
35.649998,-123.049995,2021-09-27 00:00:00,0,0.0
35.649998,-122.95,2021-09-27 00:00:00,0,0.0
35.649998,-122.84999,2021-09-27 00:00:00,0,0.0
35.649998,-122.75,2021-09-27 00:00:00,0,0.0
35.649998,-122.649994,2021-09-27 00:00:00,0,0.0
35.649998,-122.549995,2021-09-27 00:00:00,0,0.0
35.649998,-122.45,2021-09-27 00:00:00,0,0.0
35.649998,-122.34999,2021-09-27 00:00:00,0,0.0
35.649998,-122.25,2021-09-27 00:00:00,0,0.0
35.649998,-122.149994,2021-09-27 00:00:00,0,0.0
35.649998,-122.049995,2021-09-27 00:00:00,0,0.0
35.649998,-121.95,2021-09-27 00:00:00,0,0.0
35.649998,-121.84999,2021-09-27 00:00:00,0,0.0
35.649998,-121.75,2021-09-27 00:00:00,0,0.0
35.649998,-121.649994,2021-09-27 00:00:00,0,0.0
35.649998,-121.549995,2021-09-27 00:00:00,0,0.0
35.649998,-121.45,2021-09-27 00:00:00,0,0.0
35.649998,-121.34999,2021-09-27 00:00:00,0,0.0
35.649998,-121.25,2021-09-27 00:00:00,0,0.0
35.649998,-121.149994,2021-09-27 00:00:00,0,0.0
35.649998,-121.049995,2021-09-27 00:00:00,0,0.0
35.649998,-120.95,2021-09-27 00:00:00,0,0.0
35.649998,-120.84999,2021-09-27 00:00:00,0,0.0
35.649998,-120.75,2021-09-27 00:00:00,0,0.0
35.649998,-120.649994,2021-09-27 00:00:00,0,0.0
35.649998,-120.549995,2021-09-27 00:00:00,0,0.0
35.649998,-120.45,2021-09-27 00:00:00,0,0.0
35.649998,-120.34999,2021-09-27 00:00:00,0,0.0
35.649998,-120.25,2021-09-27 00:00:00,0,0.0
35.649998,-120.149994,2021-09-27 00:00:00,0,0.056741703
35.649998,-120.049995,2021-09-27 00:00:00,0,0.0
35.649998,-119.95,2021-09-27 00:00:00,0,0.0
35.649998,-119.84999,2021-09-27 00:00:00,0,0.0
35.649998,-119.75,2021-09-27 00:00:00,0,0.0
35.649998,-119.649994,2021-09-27 00:00:00,0,0.0
35.649998,-119.549995,2021-09-27 00:00:00,0,0.0
35.649998,-119.45,2021-09-27 00:00:00,0,0.0
35.649998,-119.34999,2021-09-27 00:00:00,0,0.0
35.649998,-119.25,2021-09-27 00:00:00,0,0.0
35.649998,-119.149994,2021-09-27 00:00:00,0,0.0
35.649998,-119.049995,2021-09-27 00:00:00,0,0.0
35.649998,-118.95,2021-09-27 00:00:00,0,0.0
35.649998,-118.84999,2021-09-27 00:00:00,0,0.0
35.649998,-118.75,2021-09-27 00:00:00,0,0.0
35.649998,-118.649994,2021-09-27 00:00:00,0,0.0
35.649998,-118.549995,2021-09-27 00:00:00,0,0.0
35.649998,-118.45,2021-09-27 00:00:00,0,0.0
35.649998,-118.34999,2021-09-27 00:00:00,0,0.0
35.649998,-118.25,2021-09-27 00:00:00,0,0.0
35.649998,-118.149994,2021-09-27 00:00:00,0,0.0
35.649998,-118.049995,2021-09-27 00:00:00,0,0.15525094
35.649998,-117.95,2021-09-27 00:00:00,0,0.1164382
35.649998,-117.84999,2021-09-27 00:00:00,0,0.5492474
35.649998,-117.75,2021-09-27 00:00:00,0,0.0
35.649998,-117.649994,2021-09-27 00:00:00,0,0.0
35.649998,-117.549995,2021-09-27 00:00:00,0,0.0
35.649998,-117.45,2021-09-27 00:00:00,0,0.0
35.649998,-117.34999,2021-09-27 00:00:00,0,0.0
35.649998,-117.25,2021-09-27 00:00:00,0,0.0
35.649998,-117.149994,2021-09-27 00:00:00,0,0.0
35.649998,-117.049995,2021-09-27 00:00:00,0,0.0
35.649998,-116.95,2021-09-27 00:00:00,0,0.0
35.649998,-116.84999,2021-09-27 00:00:00,0,0.0
35.649998,-116.75,2021-09-27 00:00:00,0,0.0
35.649998,-116.649994,2021-09-27 00:00:00,0,0.0
35.649998,-116.549995,2021-09-27 00:00:00,0,0.0
35.649998,-116.45,2021-09-27 00:00:00,0,0.0
35.649998,-116.34999,2021-09-27 00:00:00,0,0.0
35.649998,-116.25,2021-09-27 00:00:00,0,0.0
35.649998,-116.149994,2021-09-27 00:00:00,0,0.0
35.649998,-116.049995,2021-09-27 00:00:00,0,0.0
35.649998,-115.95,2021-09-27 00:00:00,0,0.0
35.649998,-115.85,2021-09-27 00:00:00,0,0.0
35.649998,-115.74999,2021-09-27 00:00:00,0,0.0
35.649998,-115.649994,2021-09-27 00:00:00,0,0.0
35.649998,-115.549995,2021-09-27 00:00:00,0,0.0
35.649998,-115.45,2021-09-27 00:00:00,0,0.0
35.649998,-115.35,2021-09-27 00:00:00,0,0.0
35.649998,-115.24999,2021-09-27 00:00:00,0,0.0
35.649998,-115.149994,2021-09-27 00:00:00,0,0.0
35.649998,-115.049995,2021-09-27 00:00:00,0,0.0
35.649998,-114.95,2021-09-27 00:00:00,0,0.0
35.649998,-114.85,2021-09-27 00:00:00,0,0.0
35.649998,-114.74999,2021-09-27 00:00:00,0,0.0
35.649998,-114.649994,2021-09-27 00:00:00,0,0.0
35.649998,-114.549995,2021-09-27 00:00:00,0,0.0
35.649998,-114.45,2021-09-27 00:00:00,0,0.0
35.649998,-114.35,2021-09-27 00:00:00,0,0.0
35.649998,-114.24999,2021-09-27 00:00:00,0,0.0
35.750004,-124.34999,2021-09-27 00:00:00,0,0.0
35.750004,-124.25,2021-09-27 00:00:00,0,0.0
35.750004,-124.149994,2021-09-27 00:00:00,0,0.0
35.750004,-124.049995,2021-09-27 00:00:00,0,0.0
35.750004,-123.95,2021-09-27 00:00:00,0,0.0
35.750004,-123.84999,2021-09-27 00:00:00,0,0.0
35.750004,-123.75,2021-09-27 00:00:00,0,0.0
35.750004,-123.649994,2021-09-27 00:00:00,0,0.0
35.750004,-123.549995,2021-09-27 00:00:00,0,0.0
35.750004,-123.45,2021-09-27 00:00:00,0,0.0
35.750004,-123.34999,2021-09-27 00:00:00,0,0.0
35.750004,-123.25,2021-09-27 00:00:00,0,0.0
35.750004,-123.149994,2021-09-27 00:00:00,0,0.0
35.750004,-123.049995,2021-09-27 00:00:00,0,0.0
35.750004,-122.95,2021-09-27 00:00:00,0,0.0
35.750004,-122.84999,2021-09-27 00:00:00,0,0.0
35.750004,-122.75,2021-09-27 00:00:00,0,0.0
35.750004,-122.649994,2021-09-27 00:00:00,0,0.0
35.750004,-122.549995,2021-09-27 00:00:00,0,0.0
35.750004,-122.45,2021-09-27 00:00:00,0,0.0
35.750004,-122.34999,2021-09-27 00:00:00,0,0.0
35.750004,-122.25,2021-09-27 00:00:00,0,0.0
35.750004,-122.149994,2021-09-27 00:00:00,0,0.0
35.750004,-122.049995,2021-09-27 00:00:00,0,0.0
35.750004,-121.95,2021-09-27 00:00:00,0,0.0
35.750004,-121.84999,2021-09-27 00:00:00,0,0.0
35.750004,-121.75,2021-09-27 00:00:00,0,0.0
35.750004,-121.649994,2021-09-27 00:00:00,0,0.0
35.750004,-121.549995,2021-09-27 00:00:00,0,0.0
35.750004,-121.45,2021-09-27 00:00:00,0,0.0
35.750004,-121.34999,2021-09-27 00:00:00,0,0.0
35.750004,-121.25,2021-09-27 00:00:00,0,0.0
35.750004,-121.149994,2021-09-27 00:00:00,0,0.0
35.750004,-121.049995,2021-09-27 00:00:00,0,0.0
35.750004,-120.95,2021-09-27 00:00:00,0,0.0
35.750004,-120.84999,2021-09-27 00:00:00,0,0.0
35.750004,-120.75,2021-09-27 00:00:00,0,0.0
35.750004,-120.649994,2021-09-27 00:00:00,0,0.0
35.750004,-120.549995,2021-09-27 00:00:00,0,0.0
35.750004,-120.45,2021-09-27 00:00:00,0,0.0
35.750004,-120.34999,2021-09-27 00:00:00,0,0.0
35.750004,-120.25,2021-09-27 00:00:00,0,0.0
35.750004,-120.149994,2021-09-27 00:00:00,0,0.0
35.750004,-120.049995,2021-09-27 00:00:00,0,0.0
35.750004,-119.95,2021-09-27 00:00:00,0,0.0
35.750004,-119.84999,2021-09-27 00:00:00,0,0.0
35.750004,-119.75,2021-09-27 00:00:00,0,0.0
35.750004,-119.649994,2021-09-27 00:00:00,0,0.0
35.750004,-119.549995,2021-09-27 00:00:00,0,0.0
35.750004,-119.45,2021-09-27 00:00:00,0,0.0
35.750004,-119.34999,2021-09-27 00:00:00,0,0.0
35.750004,-119.25,2021-09-27 00:00:00,0,0.0
35.750004,-119.149994,2021-09-27 00:00:00,0,0.0
35.750004,-119.049995,2021-09-27 00:00:00,0,0.0
35.750004,-118.95,2021-09-27 00:00:00,0,0.0
35.750004,-118.84999,2021-09-27 00:00:00,0,0.0
35.750004,-118.75,2021-09-27 00:00:00,0,0.0
35.750004,-118.649994,2021-09-27 00:00:00,0,0.0
35.750004,-118.549995,2021-09-27 00:00:00,0,0.0
35.750004,-118.45,2021-09-27 00:00:00,0,0.0
35.750004,-118.34999,2021-09-27 00:00:00,0,0.0
35.750004,-118.25,2021-09-27 00:00:00,0,0.0
35.750004,-118.149994,2021-09-27 00:00:00,0,0.019406367
35.750004,-118.049995,2021-09-27 00:00:00,0,0.019406367
35.750004,-117.95,2021-09-27 00:00:00,0,0.1164382
35.750004,-117.84999,2021-09-27 00:00:00,0,0.0
35.750004,-117.75,2021-09-27 00:00:00,0,0.0
35.750004,-117.649994,2021-09-27 00:00:00,0,0.0
35.750004,-117.549995,2021-09-27 00:00:00,0,0.0
35.750004,-117.45,2021-09-27 00:00:00,0,0.0
35.750004,-117.34999,2021-09-27 00:00:00,0,0.0
35.750004,-117.25,2021-09-27 00:00:00,0,0.0
35.750004,-117.149994,2021-09-27 00:00:00,0,0.0
35.750004,-117.049995,2021-09-27 00:00:00,0,0.0
35.750004,-116.95,2021-09-27 00:00:00,0,0.0
35.750004,-116.84999,2021-09-27 00:00:00,0,0.0
35.750004,-116.75,2021-09-27 00:00:00,0,0.0
35.750004,-116.649994,2021-09-27 00:00:00,0,0.0
35.750004,-116.549995,2021-09-27 00:00:00,0,0.0
35.750004,-116.45,2021-09-27 00:00:00,0,0.0
35.750004,-116.34999,2021-09-27 00:00:00,0,0.0
35.750004,-116.25,2021-09-27 00:00:00,0,0.0
35.750004,-116.149994,2021-09-27 00:00:00,0,0.0
35.750004,-116.049995,2021-09-27 00:00:00,0,0.0
35.750004,-115.95,2021-09-27 00:00:00,0,0.0
35.750004,-115.85,2021-09-27 00:00:00,0,0.0
35.750004,-115.74999,2021-09-27 00:00:00,0,0.0
35.750004,-115.649994,2021-09-27 00:00:00,0,0.0
35.750004,-115.549995,2021-09-27 00:00:00,0,0.0
35.750004,-115.45,2021-09-27 00:00:00,0,0.0
35.750004,-115.35,2021-09-27 00:00:00,0,0.0
35.750004,-115.24999,2021-09-27 00:00:00,0,0.0
35.750004,-115.149994,2021-09-27 00:00:00,0,0.0
35.750004,-115.049995,2021-09-27 00:00:00,0,0.0
35.750004,-114.95,2021-09-27 00:00:00,0,0.0
35.750004,-114.85,2021-09-27 00:00:00,0,0.0
35.750004,-114.74999,2021-09-27 00:00:00,0,0.0
35.750004,-114.649994,2021-09-27 00:00:00,0,0.0
35.750004,-114.549995,2021-09-27 00:00:00,0,0.0
35.750004,-114.45,2021-09-27 00:00:00,0,0.0
35.750004,-114.35,2021-09-27 00:00:00,0,0.0
35.750004,-114.24999,2021-09-27 00:00:00,0,0.0
35.850002,-124.34999,2021-09-27 00:00:00,0,0.0
35.850002,-124.25,2021-09-27 00:00:00,0,0.0
35.850002,-124.149994,2021-09-27 00:00:00,0,0.0
35.850002,-124.049995,2021-09-27 00:00:00,0,0.0
35.850002,-123.95,2021-09-27 00:00:00,0,0.0
35.850002,-123.84999,2021-09-27 00:00:00,0,0.0
35.850002,-123.75,2021-09-27 00:00:00,0,0.0
35.850002,-123.649994,2021-09-27 00:00:00,0,0.0
35.850002,-123.549995,2021-09-27 00:00:00,0,0.0
35.850002,-123.45,2021-09-27 00:00:00,0,0.0
35.850002,-123.34999,2021-09-27 00:00:00,0,0.0
35.850002,-123.25,2021-09-27 00:00:00,0,0.0
35.850002,-123.149994,2021-09-27 00:00:00,0,0.0
35.850002,-123.049995,2021-09-27 00:00:00,0,0.0
35.850002,-122.95,2021-09-27 00:00:00,0,0.0
35.850002,-122.84999,2021-09-27 00:00:00,0,0.0
35.850002,-122.75,2021-09-27 00:00:00,0,0.0
35.850002,-122.649994,2021-09-27 00:00:00,0,0.0
35.850002,-122.549995,2021-09-27 00:00:00,0,0.0
35.850002,-122.45,2021-09-27 00:00:00,0,0.0
35.850002,-122.34999,2021-09-27 00:00:00,0,0.0
35.850002,-122.25,2021-09-27 00:00:00,0,0.0
35.850002,-122.149994,2021-09-27 00:00:00,0,0.0
35.850002,-122.049995,2021-09-27 00:00:00,0,0.0
35.850002,-121.95,2021-09-27 00:00:00,0,0.0
35.850002,-121.84999,2021-09-27 00:00:00,0,0.0
35.850002,-121.75,2021-09-27 00:00:00,0,0.0
35.850002,-121.649994,2021-09-27 00:00:00,0,0.0
35.850002,-121.549995,2021-09-27 00:00:00,0,0.0
35.850002,-121.45,2021-09-27 00:00:00,0,0.0
35.850002,-121.34999,2021-09-27 00:00:00,0,0.008461522
35.850002,-121.25,2021-09-27 00:00:00,0,0.0
35.850002,-121.149994,2021-09-27 00:00:00,0,0.0
35.850002,-121.049995,2021-09-27 00:00:00,0,0.0
35.850002,-120.95,2021-09-27 00:00:00,0,0.0
35.850002,-120.84999,2021-09-27 00:00:00,0,0.0
35.850002,-120.75,2021-09-27 00:00:00,0,0.0
35.850002,-120.649994,2021-09-27 00:00:00,0,0.0
35.850002,-120.549995,2021-09-27 00:00:00,0,0.0
35.850002,-120.45,2021-09-27 00:00:00,0,0.0
35.850002,-120.34999,2021-09-27 00:00:00,0,0.0
35.850002,-120.25,2021-09-27 00:00:00,0,0.0
35.850002,-120.149994,2021-09-27 00:00:00,0,0.0
35.850002,-120.049995,2021-09-27 00:00:00,0,0.0
35.850002,-119.95,2021-09-27 00:00:00,0,0.0
35.850002,-119.84999,2021-09-27 00:00:00,0,0.0
35.850002,-119.75,2021-09-27 00:00:00,0,0.0
35.850002,-119.649994,2021-09-27 00:00:00,0,0.0
35.850002,-119.549995,2021-09-27 00:00:00,0,0.0
35.850002,-119.45,2021-09-27 00:00:00,0,0.0
35.850002,-119.34999,2021-09-27 00:00:00,0,0.0
35.850002,-119.25,2021-09-27 00:00:00,0,0.0
35.850002,-119.149994,2021-09-27 00:00:00,0,0.0
35.850002,-119.049995,2021-09-27 00:00:00,0,0.0
35.850002,-118.95,2021-09-27 00:00:00,0,0.0
35.850002,-118.84999,2021-09-27 00:00:00,0,0.0
35.850002,-118.75,2021-09-27 00:00:00,0,0.0
35.850002,-118.649994,2021-09-27 00:00:00,0,0.0
35.850002,-118.549995,2021-09-27 00:00:00,0,0.0
35.850002,-118.45,2021-09-27 00:00:00,0,0.0
35.850002,-118.34999,2021-09-27 00:00:00,0,0.0
35.850002,-118.25,2021-09-27 00:00:00,0,0.0
35.850002,-118.149994,2021-09-27 00:00:00,0,0.0
35.850002,-118.049995,2021-09-27 00:00:00,0,0.0
35.850002,-117.95,2021-09-27 00:00:00,0,0.07762547
35.850002,-117.84999,2021-09-27 00:00:00,0,0.0
35.850002,-117.75,2021-09-27 00:00:00,0,0.0
35.850002,-117.649994,2021-09-27 00:00:00,0,0.0
35.850002,-117.549995,2021-09-27 00:00:00,0,0.0
35.850002,-117.45,2021-09-27 00:00:00,0,0.0
35.850002,-117.34999,2021-09-27 00:00:00,0,0.0
35.850002,-117.25,2021-09-27 00:00:00,0,0.0
35.850002,-117.149994,2021-09-27 00:00:00,0,0.0
35.850002,-117.049995,2021-09-27 00:00:00,0,0.0
35.850002,-116.95,2021-09-27 00:00:00,0,0.0
35.850002,-116.84999,2021-09-27 00:00:00,0,0.0
35.850002,-116.75,2021-09-27 00:00:00,0,0.0
35.850002,-116.649994,2021-09-27 00:00:00,0,0.0
35.850002,-116.549995,2021-09-27 00:00:00,0,0.0
35.850002,-116.45,2021-09-27 00:00:00,0,0.0
35.850002,-116.34999,2021-09-27 00:00:00,0,0.0
35.850002,-116.25,2021-09-27 00:00:00,0,0.0
35.850002,-116.149994,2021-09-27 00:00:00,0,0.0
35.850002,-116.049995,2021-09-27 00:00:00,0,0.0
35.850002,-115.95,2021-09-27 00:00:00,0,0.0
35.850002,-115.85,2021-09-27 00:00:00,0,0.0
35.850002,-115.74999,2021-09-27 00:00:00,0,0.0
35.850002,-115.649994,2021-09-27 00:00:00,0,0.0
35.850002,-115.549995,2021-09-27 00:00:00,0,0.0
35.850002,-115.45,2021-09-27 00:00:00,0,0.0
35.850002,-115.35,2021-09-27 00:00:00,0,0.0
35.850002,-115.24999,2021-09-27 00:00:00,0,0.0
35.850002,-115.149994,2021-09-27 00:00:00,0,0.0
35.850002,-115.049995,2021-09-27 00:00:00,0,0.0
35.850002,-114.95,2021-09-27 00:00:00,0,0.0
35.850002,-114.85,2021-09-27 00:00:00,0,0.0
35.850002,-114.74999,2021-09-27 00:00:00,0,0.0
35.850002,-114.649994,2021-09-27 00:00:00,0,0.0
35.850002,-114.549995,2021-09-27 00:00:00,0,0.0
35.850002,-114.45,2021-09-27 00:00:00,0,0.0
35.850002,-114.35,2021-09-27 00:00:00,0,0.0
35.850002,-114.24999,2021-09-27 00:00:00,0,0.0
35.95,-124.34999,2021-09-27 00:00:00,0,0.0
35.95,-124.25,2021-09-27 00:00:00,0,0.0
35.95,-124.149994,2021-09-27 00:00:00,0,0.0
35.95,-124.049995,2021-09-27 00:00:00,0,0.0
35.95,-123.95,2021-09-27 00:00:00,0,0.0
35.95,-123.84999,2021-09-27 00:00:00,0,0.0
35.95,-123.75,2021-09-27 00:00:00,0,0.0
35.95,-123.649994,2021-09-27 00:00:00,0,0.0
35.95,-123.549995,2021-09-27 00:00:00,0,0.0
35.95,-123.45,2021-09-27 00:00:00,0,0.0
35.95,-123.34999,2021-09-27 00:00:00,0,0.0
35.95,-123.25,2021-09-27 00:00:00,0,0.0
35.95,-123.149994,2021-09-27 00:00:00,0,0.0
35.95,-123.049995,2021-09-27 00:00:00,0,0.0
35.95,-122.95,2021-09-27 00:00:00,0,0.0
35.95,-122.84999,2021-09-27 00:00:00,0,0.0
35.95,-122.75,2021-09-27 00:00:00,0,0.0
35.95,-122.649994,2021-09-27 00:00:00,0,0.0
35.95,-122.549995,2021-09-27 00:00:00,0,0.0
35.95,-122.45,2021-09-27 00:00:00,0,0.0
35.95,-122.34999,2021-09-27 00:00:00,0,0.0
35.95,-122.25,2021-09-27 00:00:00,0,0.0
35.95,-122.149994,2021-09-27 00:00:00,0,0.0
35.95,-122.049995,2021-09-27 00:00:00,0,0.0
35.95,-121.95,2021-09-27 00:00:00,0,0.0
35.95,-121.84999,2021-09-27 00:00:00,0,0.0
35.95,-121.75,2021-09-27 00:00:00,0,0.0
35.95,-121.649994,2021-09-27 00:00:00,0,0.0
35.95,-121.549995,2021-09-27 00:00:00,0,0.0
35.95,-121.45,2021-09-27 00:00:00,0,0.038022578
35.95,-121.34999,2021-09-27 00:00:00,0,0.018593634
35.95,-121.25,2021-09-27 00:00:00,0,0.004230761
35.95,-121.149994,2021-09-27 00:00:00,0,0.0
35.95,-121.049995,2021-09-27 00:00:00,0,0.0
35.95,-120.95,2021-09-27 00:00:00,0,0.0
35.95,-120.84999,2021-09-27 00:00:00,0,0.0
35.95,-120.75,2021-09-27 00:00:00,0,0.0
35.95,-120.649994,2021-09-27 00:00:00,0,0.0
35.95,-120.549995,2021-09-27 00:00:00,0,0.0
35.95,-120.45,2021-09-27 00:00:00,0,0.0
35.95,-120.34999,2021-09-27 00:00:00,0,0.0
35.95,-120.25,2021-09-27 00:00:00,0,0.0
35.95,-120.149994,2021-09-27 00:00:00,0,0.0
35.95,-120.049995,2021-09-27 00:00:00,0,0.0
35.95,-119.95,2021-09-27 00:00:00,0,0.0
35.95,-119.84999,2021-09-27 00:00:00,0,0.0
35.95,-119.75,2021-09-27 00:00:00,0,0.0
35.95,-119.649994,2021-09-27 00:00:00,0,0.0
35.95,-119.549995,2021-09-27 00:00:00,0,0.0
35.95,-119.45,2021-09-27 00:00:00,0,0.0
35.95,-119.34999,2021-09-27 00:00:00,0,0.0
35.95,-119.25,2021-09-27 00:00:00,0,0.0
35.95,-119.149994,2021-09-27 00:00:00,0,0.0
35.95,-119.049995,2021-09-27 00:00:00,0,0.0
35.95,-118.95,2021-09-27 00:00:00,0,0.0
35.95,-118.84999,2021-09-27 00:00:00,0,0.0
35.95,-118.75,2021-09-27 00:00:00,0,0.0
35.95,-118.649994,2021-09-27 00:00:00,0,0.0
35.95,-118.549995,2021-09-27 00:00:00,0,0.0
35.95,-118.45,2021-09-27 00:00:00,0,0.0
35.95,-118.34999,2021-09-27 00:00:00,0,0.0
35.95,-118.25,2021-09-27 00:00:00,0,0.0
35.95,-118.149994,2021-09-27 00:00:00,0,0.0
35.95,-118.049995,2021-09-27 00:00:00,0,0.011264294
35.95,-117.95,2021-09-27 00:00:00,0,0.0
35.95,-117.84999,2021-09-27 00:00:00,0,0.0
35.95,-117.75,2021-09-27 00:00:00,0,0.0
35.95,-117.649994,2021-09-27 00:00:00,0,0.0
35.95,-117.549995,2021-09-27 00:00:00,0,0.0
35.95,-117.45,2021-09-27 00:00:00,0,0.004927845
35.95,-117.34999,2021-09-27 00:00:00,0,0.004927845
35.95,-117.25,2021-09-27 00:00:00,0,0.0
35.95,-117.149994,2021-09-27 00:00:00,0,0.0
35.95,-117.049995,2021-09-27 00:00:00,0,0.0
35.95,-116.95,2021-09-27 00:00:00,0,0.0
35.95,-116.84999,2021-09-27 00:00:00,0,0.0
35.95,-116.75,2021-09-27 00:00:00,0,0.0
35.95,-116.649994,2021-09-27 00:00:00,0,0.0
35.95,-116.549995,2021-09-27 00:00:00,0,0.0
35.95,-116.45,2021-09-27 00:00:00,0,0.0
35.95,-116.34999,2021-09-27 00:00:00,0,0.0
35.95,-116.25,2021-09-27 00:00:00,0,0.0
35.95,-116.149994,2021-09-27 00:00:00,0,0.0
35.95,-116.049995,2021-09-27 00:00:00,0,0.0
35.95,-115.95,2021-09-27 00:00:00,0,0.0
35.95,-115.85,2021-09-27 00:00:00,0,0.0
35.95,-115.74999,2021-09-27 00:00:00,0,0.0
35.95,-115.649994,2021-09-27 00:00:00,0,0.0
35.95,-115.549995,2021-09-27 00:00:00,0,0.0
35.95,-115.45,2021-09-27 00:00:00,0,0.0
35.95,-115.35,2021-09-27 00:00:00,0,0.0
35.95,-115.24999,2021-09-27 00:00:00,0,0.0
35.95,-115.149994,2021-09-27 00:00:00,0,0.0
35.95,-115.049995,2021-09-27 00:00:00,0,0.0
35.95,-114.95,2021-09-27 00:00:00,0,0.0
35.95,-114.85,2021-09-27 00:00:00,0,0.0
35.95,-114.74999,2021-09-27 00:00:00,0,0.0
35.95,-114.649994,2021-09-27 00:00:00,0,0.0
35.95,-114.549995,2021-09-27 00:00:00,0,0.0
35.95,-114.45,2021-09-27 00:00:00,0,0.0
35.95,-114.35,2021-09-27 00:00:00,0,0.0
35.95,-114.24999,2021-09-27 00:00:00,0,0.0
36.05,-124.34999,2021-09-27 00:00:00,0,0.0
36.05,-124.25,2021-09-27 00:00:00,0,0.0
36.05,-124.149994,2021-09-27 00:00:00,0,0.0
36.05,-124.049995,2021-09-27 00:00:00,0,0.0
36.05,-123.95,2021-09-27 00:00:00,0,0.0
36.05,-123.84999,2021-09-27 00:00:00,0,0.0
36.05,-123.75,2021-09-27 00:00:00,0,0.0
36.05,-123.649994,2021-09-27 00:00:00,0,0.0
36.05,-123.549995,2021-09-27 00:00:00,0,0.0
36.05,-123.45,2021-09-27 00:00:00,0,0.0
36.05,-123.34999,2021-09-27 00:00:00,0,0.0
36.05,-123.25,2021-09-27 00:00:00,0,0.0
36.05,-123.149994,2021-09-27 00:00:00,0,0.0
36.05,-123.049995,2021-09-27 00:00:00,0,0.0
36.05,-122.95,2021-09-27 00:00:00,0,0.0
36.05,-122.84999,2021-09-27 00:00:00,0,0.0
36.05,-122.75,2021-09-27 00:00:00,0,0.0
36.05,-122.649994,2021-09-27 00:00:00,0,0.0
36.05,-122.549995,2021-09-27 00:00:00,0,0.0
36.05,-122.45,2021-09-27 00:00:00,0,0.0
36.05,-122.34999,2021-09-27 00:00:00,0,0.0
36.05,-122.25,2021-09-27 00:00:00,0,0.0
36.05,-122.149994,2021-09-27 00:00:00,0,0.0
36.05,-122.049995,2021-09-27 00:00:00,0,0.0
36.05,-121.95,2021-09-27 00:00:00,0,0.0
36.05,-121.84999,2021-09-27 00:00:00,0,0.0
36.05,-121.75,2021-09-27 00:00:00,0,0.0
36.05,-121.649994,2021-09-27 00:00:00,0,0.0
36.05,-121.549995,2021-09-27 00:00:00,0,0.081480145
36.05,-121.45,2021-09-27 00:00:00,0,0.04810039
36.05,-121.34999,2021-09-27 00:00:00,0,0.025384568
36.05,-121.25,2021-09-27 00:00:00,0,0.0
36.05,-121.149994,2021-09-27 00:00:00,0,0.0
36.05,-121.049995,2021-09-27 00:00:00,0,0.0
36.05,-120.95,2021-09-27 00:00:00,0,0.0
36.05,-120.84999,2021-09-27 00:00:00,0,0.0
36.05,-120.75,2021-09-27 00:00:00,0,0.0
36.05,-120.649994,2021-09-27 00:00:00,0,0.0
36.05,-120.549995,2021-09-27 00:00:00,0,0.0
36.05,-120.45,2021-09-27 00:00:00,0,0.0
36.05,-120.34999,2021-09-27 00:00:00,0,0.0
36.05,-120.25,2021-09-27 00:00:00,0,0.0
36.05,-120.149994,2021-09-27 00:00:00,0,0.0
36.05,-120.049995,2021-09-27 00:00:00,0,0.0
36.05,-119.95,2021-09-27 00:00:00,0,0.0
36.05,-119.84999,2021-09-27 00:00:00,0,0.0
36.05,-119.75,2021-09-27 00:00:00,0,0.0
36.05,-119.649994,2021-09-27 00:00:00,0,0.0
36.05,-119.549995,2021-09-27 00:00:00,0,0.0
36.05,-119.45,2021-09-27 00:00:00,0,0.0
36.05,-119.34999,2021-09-27 00:00:00,0,0.0
36.05,-119.25,2021-09-27 00:00:00,0,0.0
36.05,-119.149994,2021-09-27 00:00:00,0,0.0
36.05,-119.049995,2021-09-27 00:00:00,0,0.0
36.05,-118.95,2021-09-27 00:00:00,0,0.0
36.05,-118.84999,2021-09-27 00:00:00,0,0.0
36.05,-118.75,2021-09-27 00:00:00,0,0.0
36.05,-118.649994,2021-09-27 00:00:00,0,0.0
36.05,-118.549995,2021-09-27 00:00:00,0,0.0
36.05,-118.45,2021-09-27 00:00:00,0,0.0
36.05,-118.34999,2021-09-27 00:00:00,0,0.0
36.05,-118.25,2021-09-27 00:00:00,0,0.0
36.05,-118.149994,2021-09-27 00:00:00,0,0.0
36.05,-118.049995,2021-09-27 00:00:00,0,0.0
36.05,-117.95,2021-09-27 00:00:00,0,0.0
36.05,-117.84999,2021-09-27 00:00:00,0,0.0
36.05,-117.75,2021-09-27 00:00:00,0,0.0
36.05,-117.649994,2021-09-27 00:00:00,0,0.0
36.05,-117.549995,2021-09-27 00:00:00,0,0.09492997
36.05,-117.45,2021-09-27 00:00:00,0,0.82467645
36.05,-117.34999,2021-09-27 00:00:00,0,0.0
36.05,-117.25,2021-09-27 00:00:00,0,0.0
36.05,-117.149994,2021-09-27 00:00:00,0,0.0
36.05,-117.049995,2021-09-27 00:00:00,0,0.0
36.05,-116.95,2021-09-27 00:00:00,0,0.0
36.05,-116.84999,2021-09-27 00:00:00,0,0.0
36.05,-116.75,2021-09-27 00:00:00,0,0.0
36.05,-116.649994,2021-09-27 00:00:00,0,0.0
36.05,-116.549995,2021-09-27 00:00:00,0,0.0
36.05,-116.45,2021-09-27 00:00:00,0,0.0
36.05,-116.34999,2021-09-27 00:00:00,0,0.0
36.05,-116.25,2021-09-27 00:00:00,0,0.0
36.05,-116.149994,2021-09-27 00:00:00,0,0.0
36.05,-116.049995,2021-09-27 00:00:00,0,0.0
36.05,-115.95,2021-09-27 00:00:00,0,0.0
36.05,-115.85,2021-09-27 00:00:00,0,0.0
36.05,-115.74999,2021-09-27 00:00:00,0,0.0
36.05,-115.649994,2021-09-27 00:00:00,0,0.0
36.05,-115.549995,2021-09-27 00:00:00,0,0.0
36.05,-115.45,2021-09-27 00:00:00,0,0.0
36.05,-115.35,2021-09-27 00:00:00,0,0.0
36.05,-115.24999,2021-09-27 00:00:00,0,0.0
36.05,-115.149994,2021-09-27 00:00:00,0,0.0
36.05,-115.049995,2021-09-27 00:00:00,0,0.0
36.05,-114.95,2021-09-27 00:00:00,0,0.0
36.05,-114.85,2021-09-27 00:00:00,0,0.0
36.05,-114.74999,2021-09-27 00:00:00,0,0.0
36.05,-114.649994,2021-09-27 00:00:00,0,0.0
36.05,-114.549995,2021-09-27 00:00:00,0,0.0
36.05,-114.45,2021-09-27 00:00:00,0,0.0
36.05,-114.35,2021-09-27 00:00:00,0,0.0
36.05,-114.24999,2021-09-27 00:00:00,0,0.0
36.149998,-124.34999,2021-09-27 00:00:00,0,0.0
36.149998,-124.25,2021-09-27 00:00:00,0,0.0
36.149998,-124.149994,2021-09-27 00:00:00,0,0.0
36.149998,-124.049995,2021-09-27 00:00:00,0,0.0
36.149998,-123.95,2021-09-27 00:00:00,0,0.0
36.149998,-123.84999,2021-09-27 00:00:00,0,0.0
36.149998,-123.75,2021-09-27 00:00:00,0,0.0
36.149998,-123.649994,2021-09-27 00:00:00,0,0.0
36.149998,-123.549995,2021-09-27 00:00:00,0,0.0
36.149998,-123.45,2021-09-27 00:00:00,0,0.0
36.149998,-123.34999,2021-09-27 00:00:00,0,0.0
36.149998,-123.25,2021-09-27 00:00:00,0,0.0
36.149998,-123.149994,2021-09-27 00:00:00,0,0.0
36.149998,-123.049995,2021-09-27 00:00:00,0,0.0
36.149998,-122.95,2021-09-27 00:00:00,0,0.0
36.149998,-122.84999,2021-09-27 00:00:00,0,0.0
36.149998,-122.75,2021-09-27 00:00:00,0,0.0
36.149998,-122.649994,2021-09-27 00:00:00,0,0.0
36.149998,-122.549995,2021-09-27 00:00:00,0,0.0
36.149998,-122.45,2021-09-27 00:00:00,0,0.0
36.149998,-122.34999,2021-09-27 00:00:00,0,0.0
36.149998,-122.25,2021-09-27 00:00:00,0,0.0
36.149998,-122.149994,2021-09-27 00:00:00,0,0.0
36.149998,-122.049995,2021-09-27 00:00:00,0,0.0
36.149998,-121.95,2021-09-27 00:00:00,0,0.0
36.149998,-121.84999,2021-09-27 00:00:00,0,0.0
36.149998,-121.75,2021-09-27 00:00:00,0,0.0
36.149998,-121.649994,2021-09-27 00:00:00,0,0.040637057
36.149998,-121.549995,2021-09-27 00:00:00,0,0.8436054
36.149998,-121.45,2021-09-27 00:00:00,0,0.5722962
36.149998,-121.34999,2021-09-27 00:00:00,0,0.3226072
36.149998,-121.25,2021-09-27 00:00:00,0,0.23128162
36.149998,-121.149994,2021-09-27 00:00:00,0,0.0
36.149998,-121.049995,2021-09-27 00:00:00,0,0.0
36.149998,-120.95,2021-09-27 00:00:00,0,0.0
36.149998,-120.84999,2021-09-27 00:00:00,0,0.0
36.149998,-120.75,2021-09-27 00:00:00,0,0.0
36.149998,-120.649994,2021-09-27 00:00:00,0,0.0
36.149998,-120.549995,2021-09-27 00:00:00,0,0.0
36.149998,-120.45,2021-09-27 00:00:00,0,0.0
36.149998,-120.34999,2021-09-27 00:00:00,0,0.0
36.149998,-120.25,2021-09-27 00:00:00,0,0.0
36.149998,-120.149994,2021-09-27 00:00:00,0,0.0
36.149998,-120.049995,2021-09-27 00:00:00,0,0.0
36.149998,-119.95,2021-09-27 00:00:00,0,0.0
36.149998,-119.84999,2021-09-27 00:00:00,0,0.0
36.149998,-119.75,2021-09-27 00:00:00,0,0.0
36.149998,-119.649994,2021-09-27 00:00:00,0,0.0
36.149998,-119.549995,2021-09-27 00:00:00,0,0.0
36.149998,-119.45,2021-09-27 00:00:00,0,0.0
36.149998,-119.34999,2021-09-27 00:00:00,0,0.0
36.149998,-119.25,2021-09-27 00:00:00,0,0.0
36.149998,-119.149994,2021-09-27 00:00:00,0,0.0
36.149998,-119.049995,2021-09-27 00:00:00,0,0.0
36.149998,-118.95,2021-09-27 00:00:00,0,0.0
36.149998,-118.84999,2021-09-27 00:00:00,0,0.0
36.149998,-118.75,2021-09-27 00:00:00,0,0.0
36.149998,-118.649994,2021-09-27 00:00:00,0,0.0
36.149998,-118.549995,2021-09-27 00:00:00,0,0.0
36.149998,-118.45,2021-09-27 00:00:00,0,0.0
36.149998,-118.34999,2021-09-27 00:00:00,0,0.0
36.149998,-118.25,2021-09-27 00:00:00,0,0.0
36.149998,-118.149994,2021-09-27 00:00:00,0,0.0
36.149998,-118.049995,2021-09-27 00:00:00,0,0.0
36.149998,-117.95,2021-09-27 00:00:00,0,0.0
36.149998,-117.84999,2021-09-27 00:00:00,0,0.0
36.149998,-117.75,2021-09-27 00:00:00,0,0.0
36.149998,-117.649994,2021-09-27 00:00:00,0,0.0
36.149998,-117.549995,2021-09-27 00:00:00,0,0.0
36.149998,-117.45,2021-09-27 00:00:00,0,0.0
36.149998,-117.34999,2021-09-27 00:00:00,0,0.0
36.149998,-117.25,2021-09-27 00:00:00,0,0.0
36.149998,-117.149994,2021-09-27 00:00:00,0,0.0
36.149998,-117.049995,2021-09-27 00:00:00,0,0.004927845
36.149998,-116.95,2021-09-27 00:00:00,0,0.0
36.149998,-116.84999,2021-09-27 00:00:00,0,0.0
36.149998,-116.75,2021-09-27 00:00:00,0,0.0
36.149998,-116.649994,2021-09-27 00:00:00,0,0.0
36.149998,-116.549995,2021-09-27 00:00:00,0,0.0
36.149998,-116.45,2021-09-27 00:00:00,0,0.0
36.149998,-116.34999,2021-09-27 00:00:00,0,0.0
36.149998,-116.25,2021-09-27 00:00:00,0,0.0
36.149998,-116.149994,2021-09-27 00:00:00,0,0.0
36.149998,-116.049995,2021-09-27 00:00:00,0,0.0
36.149998,-115.95,2021-09-27 00:00:00,0,0.0
36.149998,-115.85,2021-09-27 00:00:00,0,0.0
36.149998,-115.74999,2021-09-27 00:00:00,0,0.0
36.149998,-115.649994,2021-09-27 00:00:00,0,0.0
36.149998,-115.549995,2021-09-27 00:00:00,0,0.0
36.149998,-115.45,2021-09-27 00:00:00,0,0.0
36.149998,-115.35,2021-09-27 00:00:00,0,0.0
36.149998,-115.24999,2021-09-27 00:00:00,0,0.0
36.149998,-115.149994,2021-09-27 00:00:00,0,0.0
36.149998,-115.049995,2021-09-27 00:00:00,0,0.0
36.149998,-114.95,2021-09-27 00:00:00,0,0.0
36.149998,-114.85,2021-09-27 00:00:00,0,0.0
36.149998,-114.74999,2021-09-27 00:00:00,0,0.0
36.149998,-114.649994,2021-09-27 00:00:00,0,0.0
36.149998,-114.549995,2021-09-27 00:00:00,0,0.0
36.149998,-114.45,2021-09-27 00:00:00,0,0.0
36.149998,-114.35,2021-09-27 00:00:00,0,0.0
36.149998,-114.24999,2021-09-27 00:00:00,0,0.0
36.250004,-124.34999,2021-09-27 00:00:00,0,0.0
36.250004,-124.25,2021-09-27 00:00:00,0,0.0
36.250004,-124.149994,2021-09-27 00:00:00,0,0.0
36.250004,-124.049995,2021-09-27 00:00:00,0,0.0
36.250004,-123.95,2021-09-27 00:00:00,0,0.0
36.250004,-123.84999,2021-09-27 00:00:00,0,0.0
36.250004,-123.75,2021-09-27 00:00:00,0,0.0
36.250004,-123.649994,2021-09-27 00:00:00,0,0.0
36.250004,-123.549995,2021-09-27 00:00:00,0,0.0
36.250004,-123.45,2021-09-27 00:00:00,0,0.0
36.250004,-123.34999,2021-09-27 00:00:00,0,0.0
36.250004,-123.25,2021-09-27 00:00:00,0,0.0
36.250004,-123.149994,2021-09-27 00:00:00,0,0.0
36.250004,-123.049995,2021-09-27 00:00:00,0,0.0
36.250004,-122.95,2021-09-27 00:00:00,0,0.0
36.250004,-122.84999,2021-09-27 00:00:00,0,0.0
36.250004,-122.75,2021-09-27 00:00:00,0,0.0
36.250004,-122.649994,2021-09-27 00:00:00,0,0.0
36.250004,-122.549995,2021-09-27 00:00:00,0,0.0
36.250004,-122.45,2021-09-27 00:00:00,0,0.0
36.250004,-122.34999,2021-09-27 00:00:00,0,0.0
36.250004,-122.25,2021-09-27 00:00:00,0,0.0
36.250004,-122.149994,2021-09-27 00:00:00,0,0.0
36.250004,-122.049995,2021-09-27 00:00:00,0,0.0
36.250004,-121.95,2021-09-27 00:00:00,0,0.0
36.250004,-121.84999,2021-09-27 00:00:00,0,0.0
36.250004,-121.75,2021-09-27 00:00:00,0,0.0
36.250004,-121.649994,2021-09-27 00:00:00,0,0.22181058
36.250004,-121.549995,2021-09-27 00:00:00,0,0.28662863
36.250004,-121.45,2021-09-27 00:00:00,0,0.16041167
36.250004,-121.34999,2021-09-27 00:00:00,0,0.017628169
36.250004,-121.25,2021-09-27 00:00:00,0,0.0
36.250004,-121.149994,2021-09-27 00:00:00,0,0.0
36.250004,-121.049995,2021-09-27 00:00:00,0,0.0
36.250004,-120.95,2021-09-27 00:00:00,0,0.0
36.250004,-120.84999,2021-09-27 00:00:00,0,0.0
36.250004,-120.75,2021-09-27 00:00:00,0,0.0
36.250004,-120.649994,2021-09-27 00:00:00,0,0.0
36.250004,-120.549995,2021-09-27 00:00:00,0,0.0
36.250004,-120.45,2021-09-27 00:00:00,0,0.0
36.250004,-120.34999,2021-09-27 00:00:00,0,0.0
36.250004,-120.25,2021-09-27 00:00:00,0,0.0
36.250004,-120.149994,2021-09-27 00:00:00,0,0.0
36.250004,-120.049995,2021-09-27 00:00:00,0,0.0
36.250004,-119.95,2021-09-27 00:00:00,0,0.0
36.250004,-119.84999,2021-09-27 00:00:00,0,0.0
36.250004,-119.75,2021-09-27 00:00:00,0,0.0
36.250004,-119.649994,2021-09-27 00:00:00,0,0.0
36.250004,-119.549995,2021-09-27 00:00:00,0,0.0
36.250004,-119.45,2021-09-27 00:00:00,0,0.0
36.250004,-119.34999,2021-09-27 00:00:00,0,0.0
36.250004,-119.25,2021-09-27 00:00:00,0,0.0
36.250004,-119.149994,2021-09-27 00:00:00,0,0.0
36.250004,-119.049995,2021-09-27 00:00:00,0,0.0
36.250004,-118.95,2021-09-27 00:00:00,0,0.0
36.250004,-118.84999,2021-09-27 00:00:00,0,0.0
36.250004,-118.75,2021-09-27 00:00:00,0,0.0
36.250004,-118.649994,2021-09-27 00:00:00,0,0.0
36.250004,-118.549995,2021-09-27 00:00:00,0,0.0
36.250004,-118.45,2021-09-27 00:00:00,0,0.0
36.250004,-118.34999,2021-09-27 00:00:00,0,0.0
36.250004,-118.25,2021-09-27 00:00:00,0,0.0
36.250004,-118.149994,2021-09-27 00:00:00,0,0.0
36.250004,-118.049995,2021-09-27 00:00:00,0,0.0
36.250004,-117.95,2021-09-27 00:00:00,0,0.0
36.250004,-117.84999,2021-09-27 00:00:00,0,0.0
36.250004,-117.75,2021-09-27 00:00:00,0,0.0
36.250004,-117.649994,2021-09-27 00:00:00,0,0.0
36.250004,-117.549995,2021-09-27 00:00:00,0,0.0
36.250004,-117.45,2021-09-27 00:00:00,0,0.0
36.250004,-117.34999,2021-09-27 00:00:00,0,0.0
36.250004,-117.25,2021-09-27 00:00:00,0,0.0
36.250004,-117.149994,2021-09-27 00:00:00,0,0.0
36.250004,-117.049995,2021-09-27 00:00:00,0,0.004927845
36.250004,-116.95,2021-09-27 00:00:00,0,0.004927845
36.250004,-116.84999,2021-09-27 00:00:00,0,0.012816696
36.250004,-116.75,2021-09-27 00:00:00,0,0.0
36.250004,-116.649994,2021-09-27 00:00:00,0,0.0
36.250004,-116.549995,2021-09-27 00:00:00,0,0.0
36.250004,-116.45,2021-09-27 00:00:00,0,0.0
36.250004,-116.34999,2021-09-27 00:00:00,0,0.0
36.250004,-116.25,2021-09-27 00:00:00,0,0.0
36.250004,-116.149994,2021-09-27 00:00:00,0,0.0
36.250004,-116.049995,2021-09-27 00:00:00,0,0.0
36.250004,-115.95,2021-09-27 00:00:00,0,0.0
36.250004,-115.85,2021-09-27 00:00:00,0,0.0
36.250004,-115.74999,2021-09-27 00:00:00,0,0.0
36.250004,-115.649994,2021-09-27 00:00:00,0,0.0
36.250004,-115.549995,2021-09-27 00:00:00,0,0.0
36.250004,-115.45,2021-09-27 00:00:00,0,0.0
36.250004,-115.35,2021-09-27 00:00:00,0,0.0
36.250004,-115.24999,2021-09-27 00:00:00,0,0.0
36.250004,-115.149994,2021-09-27 00:00:00,0,0.0
36.250004,-115.049995,2021-09-27 00:00:00,0,0.0
36.250004,-114.95,2021-09-27 00:00:00,0,0.0
36.250004,-114.85,2021-09-27 00:00:00,0,0.0
36.250004,-114.74999,2021-09-27 00:00:00,0,0.0
36.250004,-114.649994,2021-09-27 00:00:00,0,0.0
36.250004,-114.549995,2021-09-27 00:00:00,0,0.0
36.250004,-114.45,2021-09-27 00:00:00,0,0.0
36.250004,-114.35,2021-09-27 00:00:00,0,0.0
36.250004,-114.24999,2021-09-27 00:00:00,0,0.0
36.350002,-124.34999,2021-09-27 00:00:00,0,0.0
36.350002,-124.25,2021-09-27 00:00:00,0,0.0
36.350002,-124.149994,2021-09-27 00:00:00,0,0.0
36.350002,-124.049995,2021-09-27 00:00:00,0,0.0
36.350002,-123.95,2021-09-27 00:00:00,0,0.0
36.350002,-123.84999,2021-09-27 00:00:00,0,0.0
36.350002,-123.75,2021-09-27 00:00:00,0,0.0
36.350002,-123.649994,2021-09-27 00:00:00,0,0.0
36.350002,-123.549995,2021-09-27 00:00:00,0,0.0
36.350002,-123.45,2021-09-27 00:00:00,0,0.0
36.350002,-123.34999,2021-09-27 00:00:00,0,0.0
36.350002,-123.25,2021-09-27 00:00:00,0,0.0
36.350002,-123.149994,2021-09-27 00:00:00,0,0.0
36.350002,-123.049995,2021-09-27 00:00:00,0,0.0
36.350002,-122.95,2021-09-27 00:00:00,0,0.0
36.350002,-122.84999,2021-09-27 00:00:00,0,0.0
36.350002,-122.75,2021-09-27 00:00:00,0,0.0
36.350002,-122.649994,2021-09-27 00:00:00,0,0.0
36.350002,-122.549995,2021-09-27 00:00:00,0,0.0
36.350002,-122.45,2021-09-27 00:00:00,0,0.0
36.350002,-122.34999,2021-09-27 00:00:00,0,0.0
36.350002,-122.25,2021-09-27 00:00:00,0,0.0
36.350002,-122.149994,2021-09-27 00:00:00,0,0.0
36.350002,-122.049995,2021-09-27 00:00:00,0,0.0
36.350002,-121.95,2021-09-27 00:00:00,0,0.0
36.350002,-121.84999,2021-09-27 00:00:00,0,0.044131435
36.350002,-121.75,2021-09-27 00:00:00,0,0.67750335
36.350002,-121.649994,2021-09-27 00:00:00,0,0.65241945
36.350002,-121.549995,2021-09-27 00:00:00,0,0.24588963
36.350002,-121.45,2021-09-27 00:00:00,0,0.0
36.350002,-121.34999,2021-09-27 00:00:00,0,0.0
36.350002,-121.25,2021-09-27 00:00:00,0,0.0
36.350002,-121.149994,2021-09-27 00:00:00,0,0.0
36.350002,-121.049995,2021-09-27 00:00:00,0,0.0
36.350002,-120.95,2021-09-27 00:00:00,0,0.0
36.350002,-120.84999,2021-09-27 00:00:00,0,0.0
36.350002,-120.75,2021-09-27 00:00:00,0,0.0
36.350002,-120.649994,2021-09-27 00:00:00,0,0.0
36.350002,-120.549995,2021-09-27 00:00:00,0,0.0
36.350002,-120.45,2021-09-27 00:00:00,0,0.0
36.350002,-120.34999,2021-09-27 00:00:00,0,0.0
36.350002,-120.25,2021-09-27 00:00:00,0,0.0
36.350002,-120.149994,2021-09-27 00:00:00,0,0.0
36.350002,-120.049995,2021-09-27 00:00:00,0,0.0
36.350002,-119.95,2021-09-27 00:00:00,0,0.0
36.350002,-119.84999,2021-09-27 00:00:00,0,0.0
36.350002,-119.75,2021-09-27 00:00:00,0,0.0
36.350002,-119.649994,2021-09-27 00:00:00,0,0.0
36.350002,-119.549995,2021-09-27 00:00:00,0,0.0
36.350002,-119.45,2021-09-27 00:00:00,0,0.0
36.350002,-119.34999,2021-09-27 00:00:00,0,0.0
36.350002,-119.25,2021-09-27 00:00:00,0,0.0
36.350002,-119.149994,2021-09-27 00:00:00,0,0.0
36.350002,-119.049995,2021-09-27 00:00:00,0,0.0
36.350002,-118.95,2021-09-27 00:00:00,0,0.0
36.350002,-118.84999,2021-09-27 00:00:00,0,0.0
36.350002,-118.75,2021-09-27 00:00:00,0,0.0
36.350002,-118.649994,2021-09-27 00:00:00,0,0.0
36.350002,-118.549995,2021-09-27 00:00:00,0,0.0
36.350002,-118.45,2021-09-27 00:00:00,0,0.0
36.350002,-118.34999,2021-09-27 00:00:00,0,0.0
36.350002,-118.25,2021-09-27 00:00:00,0,0.0
36.350002,-118.149994,2021-09-27 00:00:00,0,0.0
36.350002,-118.049995,2021-09-27 00:00:00,0,0.0
36.350002,-117.95,2021-09-27 00:00:00,0,0.0
36.350002,-117.84999,2021-09-27 00:00:00,0,0.0
36.350002,-117.75,2021-09-27 00:00:00,0,0.0
36.350002,-117.649994,2021-09-27 00:00:00,0,0.0
36.350002,-117.549995,2021-09-27 00:00:00,0,0.0
36.350002,-117.45,2021-09-27 00:00:00,0,0.0
36.350002,-117.34999,2021-09-27 00:00:00,0,0.0
36.350002,-117.25,2021-09-27 00:00:00,0,0.0
36.350002,-117.149994,2021-09-27 00:00:00,0,0.004927845
36.350002,-117.049995,2021-09-27 00:00:00,0,0.011264294
36.350002,-116.95,2021-09-27 00:00:00,0,0.0
36.350002,-116.84999,2021-09-27 00:00:00,0,0.012816696
36.350002,-116.75,2021-09-27 00:00:00,0,0.0
36.350002,-116.649994,2021-09-27 00:00:00,0,0.0
36.350002,-116.549995,2021-09-27 00:00:00,0,0.0
36.350002,-116.45,2021-09-27 00:00:00,0,0.0
36.350002,-116.34999,2021-09-27 00:00:00,0,0.0
36.350002,-116.25,2021-09-27 00:00:00,0,0.0
36.350002,-116.149994,2021-09-27 00:00:00,0,0.0
36.350002,-116.049995,2021-09-27 00:00:00,0,0.0
36.350002,-115.95,2021-09-27 00:00:00,0,0.0
36.350002,-115.85,2021-09-27 00:00:00,0,0.0
36.350002,-115.74999,2021-09-27 00:00:00,0,0.0
36.350002,-115.649994,2021-09-27 00:00:00,0,0.0
36.350002,-115.549995,2021-09-27 00:00:00,0,0.0
36.350002,-115.45,2021-09-27 00:00:00,0,0.0
36.350002,-115.35,2021-09-27 00:00:00,0,0.0
36.350002,-115.24999,2021-09-27 00:00:00,0,0.0
36.350002,-115.149994,2021-09-27 00:00:00,0,0.0
36.350002,-115.049995,2021-09-27 00:00:00,0,0.0
36.350002,-114.95,2021-09-27 00:00:00,0,0.0
36.350002,-114.85,2021-09-27 00:00:00,0,0.0
36.350002,-114.74999,2021-09-27 00:00:00,0,0.0
36.350002,-114.649994,2021-09-27 00:00:00,0,0.0
36.350002,-114.549995,2021-09-27 00:00:00,0,0.0
36.350002,-114.45,2021-09-27 00:00:00,0,0.0
36.350002,-114.35,2021-09-27 00:00:00,0,0.0
36.350002,-114.24999,2021-09-27 00:00:00,0,0.0
36.45,-124.34999,2021-09-27 00:00:00,0,0.0
36.45,-124.25,2021-09-27 00:00:00,0,0.0
36.45,-124.149994,2021-09-27 00:00:00,0,0.0
36.45,-124.049995,2021-09-27 00:00:00,0,0.0
36.45,-123.95,2021-09-27 00:00:00,0,0.0
36.45,-123.84999,2021-09-27 00:00:00,0,0.0
36.45,-123.75,2021-09-27 00:00:00,0,0.0
36.45,-123.649994,2021-09-27 00:00:00,0,0.0
36.45,-123.549995,2021-09-27 00:00:00,0,0.0
36.45,-123.45,2021-09-27 00:00:00,0,0.0
36.45,-123.34999,2021-09-27 00:00:00,0,0.0
36.45,-123.25,2021-09-27 00:00:00,0,0.0
36.45,-123.149994,2021-09-27 00:00:00,0,0.0
36.45,-123.049995,2021-09-27 00:00:00,0,0.0
36.45,-122.95,2021-09-27 00:00:00,0,0.0
36.45,-122.84999,2021-09-27 00:00:00,0,0.0
36.45,-122.75,2021-09-27 00:00:00,0,0.0
36.45,-122.649994,2021-09-27 00:00:00,0,0.0
36.45,-122.549995,2021-09-27 00:00:00,0,0.0
36.45,-122.45,2021-09-27 00:00:00,0,0.0
36.45,-122.34999,2021-09-27 00:00:00,0,0.0
36.45,-122.25,2021-09-27 00:00:00,0,0.0
36.45,-122.149994,2021-09-27 00:00:00,0,0.0
36.45,-122.049995,2021-09-27 00:00:00,0,0.0
36.45,-121.95,2021-09-27 00:00:00,0,0.0
36.45,-121.84999,2021-09-27 00:00:00,0,0.12061123
36.45,-121.75,2021-09-27 00:00:00,0,0.29291865
36.45,-121.649994,2021-09-27 00:00:00,0,0.42330268
36.45,-121.549995,2021-09-27 00:00:00,0,0.0
36.45,-121.45,2021-09-27 00:00:00,0,0.0
36.45,-121.34999,2021-09-27 00:00:00,0,0.0
36.45,-121.25,2021-09-27 00:00:00,0,0.0
36.45,-121.149994,2021-09-27 00:00:00,0,0.0
36.45,-121.049995,2021-09-27 00:00:00,0,0.0
36.45,-120.95,2021-09-27 00:00:00,0,0.0
36.45,-120.84999,2021-09-27 00:00:00,0,0.0
36.45,-120.75,2021-09-27 00:00:00,0,0.0
36.45,-120.649994,2021-09-27 00:00:00,0,0.0
36.45,-120.549995,2021-09-27 00:00:00,0,0.0
36.45,-120.45,2021-09-27 00:00:00,0,0.0
36.45,-120.34999,2021-09-27 00:00:00,0,0.0
36.45,-120.25,2021-09-27 00:00:00,0,0.0
36.45,-120.149994,2021-09-27 00:00:00,0,0.0
36.45,-120.049995,2021-09-27 00:00:00,0,0.0
36.45,-119.95,2021-09-27 00:00:00,0,0.0
36.45,-119.84999,2021-09-27 00:00:00,0,0.0
36.45,-119.75,2021-09-27 00:00:00,0,0.0
36.45,-119.649994,2021-09-27 00:00:00,0,0.0
36.45,-119.549995,2021-09-27 00:00:00,0,0.0
36.45,-119.45,2021-09-27 00:00:00,0,0.0
36.45,-119.34999,2021-09-27 00:00:00,0,0.0
36.45,-119.25,2021-09-27 00:00:00,0,0.0
36.45,-119.149994,2021-09-27 00:00:00,0,0.0
36.45,-119.049995,2021-09-27 00:00:00,0,0.0
36.45,-118.95,2021-09-27 00:00:00,0,0.0
36.45,-118.84999,2021-09-27 00:00:00,0,0.0
36.45,-118.75,2021-09-27 00:00:00,0,0.0
36.45,-118.649994,2021-09-27 00:00:00,0,0.0
36.45,-118.549995,2021-09-27 00:00:00,0,0.0
36.45,-118.45,2021-09-27 00:00:00,0,0.0
36.45,-118.34999,2021-09-27 00:00:00,0,0.0
36.45,-118.25,2021-09-27 00:00:00,0,0.0
36.45,-118.149994,2021-09-27 00:00:00,0,0.0
36.45,-118.049995,2021-09-27 00:00:00,0,0.0
36.45,-117.95,2021-09-27 00:00:00,0,0.0
36.45,-117.84999,2021-09-27 00:00:00,0,0.0
36.45,-117.75,2021-09-27 00:00:00,0,0.0
36.45,-117.649994,2021-09-27 00:00:00,0,0.0
36.45,-117.549995,2021-09-27 00:00:00,0,0.0
36.45,-117.45,2021-09-27 00:00:00,0,0.0
36.45,-117.34999,2021-09-27 00:00:00,0,0.0
36.45,-117.25,2021-09-27 00:00:00,0,0.0
36.45,-117.149994,2021-09-27 00:00:00,0,0.0
36.45,-117.049995,2021-09-27 00:00:00,0,0.0
36.45,-116.95,2021-09-27 00:00:00,0,0.0
36.45,-116.84999,2021-09-27 00:00:00,0,0.0
36.45,-116.75,2021-09-27 00:00:00,0,0.0
36.45,-116.649994,2021-09-27 00:00:00,0,0.0
36.45,-116.549995,2021-09-27 00:00:00,0,0.0
36.45,-116.45,2021-09-27 00:00:00,0,0.0
36.45,-116.34999,2021-09-27 00:00:00,0,0.0
36.45,-116.25,2021-09-27 00:00:00,0,0.0
36.45,-116.149994,2021-09-27 00:00:00,0,0.0
36.45,-116.049995,2021-09-27 00:00:00,0,0.0
36.45,-115.95,2021-09-27 00:00:00,0,0.0
36.45,-115.85,2021-09-27 00:00:00,0,0.0
36.45,-115.74999,2021-09-27 00:00:00,0,0.0
36.45,-115.649994,2021-09-27 00:00:00,0,0.0
36.45,-115.549995,2021-09-27 00:00:00,0,0.0
36.45,-115.45,2021-09-27 00:00:00,0,0.0
36.45,-115.35,2021-09-27 00:00:00,0,0.0
36.45,-115.24999,2021-09-27 00:00:00,0,0.0
36.45,-115.149994,2021-09-27 00:00:00,0,0.0
36.45,-115.049995,2021-09-27 00:00:00,0,0.0
36.45,-114.95,2021-09-27 00:00:00,0,0.0
36.45,-114.85,2021-09-27 00:00:00,0,0.0
36.45,-114.74999,2021-09-27 00:00:00,0,0.0
36.45,-114.649994,2021-09-27 00:00:00,0,0.0
36.45,-114.549995,2021-09-27 00:00:00,0,0.0
36.45,-114.45,2021-09-27 00:00:00,0,0.0
36.45,-114.35,2021-09-27 00:00:00,0,0.0
36.45,-114.24999,2021-09-27 00:00:00,0,0.0
36.55,-124.34999,2021-09-27 00:00:00,0,0.0
36.55,-124.25,2021-09-27 00:00:00,0,0.0
36.55,-124.149994,2021-09-27 00:00:00,0,0.0
36.55,-124.049995,2021-09-27 00:00:00,0,0.0
36.55,-123.95,2021-09-27 00:00:00,0,0.0
36.55,-123.84999,2021-09-27 00:00:00,0,0.0
36.55,-123.75,2021-09-27 00:00:00,0,0.0
36.55,-123.649994,2021-09-27 00:00:00,0,0.0
36.55,-123.549995,2021-09-27 00:00:00,0,0.0
36.55,-123.45,2021-09-27 00:00:00,0,0.0
36.55,-123.34999,2021-09-27 00:00:00,0,0.0
36.55,-123.25,2021-09-27 00:00:00,0,0.0
36.55,-123.149994,2021-09-27 00:00:00,0,0.0
36.55,-123.049995,2021-09-27 00:00:00,0,0.0
36.55,-122.95,2021-09-27 00:00:00,0,0.0
36.55,-122.84999,2021-09-27 00:00:00,0,0.0
36.55,-122.75,2021-09-27 00:00:00,0,0.0
36.55,-122.649994,2021-09-27 00:00:00,0,0.0
36.55,-122.549995,2021-09-27 00:00:00,0,0.0
36.55,-122.45,2021-09-27 00:00:00,0,0.0
36.55,-122.34999,2021-09-27 00:00:00,0,0.0
36.55,-122.25,2021-09-27 00:00:00,0,0.0
36.55,-122.149994,2021-09-27 00:00:00,0,0.0
36.55,-122.049995,2021-09-27 00:00:00,0,0.0
36.55,-121.95,2021-09-27 00:00:00,0,0.0
36.55,-121.84999,2021-09-27 00:00:00,0,0.6603951
36.55,-121.75,2021-09-27 00:00:00,0,0.625
36.55,-121.649994,2021-09-27 00:00:00,0,0.0
36.55,-121.549995,2021-09-27 00:00:00,0,0.0
36.55,-121.45,2021-09-27 00:00:00,0,0.0
36.55,-121.34999,2021-09-27 00:00:00,0,0.0
36.55,-121.25,2021-09-27 00:00:00,0,0.0
36.55,-121.149994,2021-09-27 00:00:00,0,0.0
36.55,-121.049995,2021-09-27 00:00:00,0,0.0
36.55,-120.95,2021-09-27 00:00:00,0,0.0
36.55,-120.84999,2021-09-27 00:00:00,0,0.0
36.55,-120.75,2021-09-27 00:00:00,0,0.0
36.55,-120.649994,2021-09-27 00:00:00,0,0.0
36.55,-120.549995,2021-09-27 00:00:00,0,0.0
36.55,-120.45,2021-09-27 00:00:00,0,0.0
36.55,-120.34999,2021-09-27 00:00:00,0,0.0
36.55,-120.25,2021-09-27 00:00:00,0,0.0
36.55,-120.149994,2021-09-27 00:00:00,0,0.0
36.55,-120.049995,2021-09-27 00:00:00,0,0.0
36.55,-119.95,2021-09-27 00:00:00,0,0.0
36.55,-119.84999,2021-09-27 00:00:00,0,0.0
36.55,-119.75,2021-09-27 00:00:00,0,0.0
36.55,-119.649994,2021-09-27 00:00:00,0,0.0
36.55,-119.549995,2021-09-27 00:00:00,0,0.0
36.55,-119.45,2021-09-27 00:00:00,0,0.0
36.55,-119.34999,2021-09-27 00:00:00,0,0.0
36.55,-119.25,2021-09-27 00:00:00,0,0.0
36.55,-119.149994,2021-09-27 00:00:00,0,0.0
36.55,-119.049995,2021-09-27 00:00:00,0,0.0
36.55,-118.95,2021-09-27 00:00:00,0,0.0
36.55,-118.84999,2021-09-27 00:00:00,0,0.0
36.55,-118.75,2021-09-27 00:00:00,0,0.0
36.55,-118.649994,2021-09-27 00:00:00,0,0.0
36.55,-118.549995,2021-09-27 00:00:00,0,0.04357761
36.55,-118.45,2021-09-27 00:00:00,0,0.17600635
36.55,-118.34999,2021-09-27 00:00:00,0,0.22978853
36.55,-118.25,2021-09-27 00:00:00,0,0.10055996
36.55,-118.149994,2021-09-27 00:00:00,0,0.049597457
36.55,-118.049995,2021-09-27 00:00:00,0,0.037921604
36.55,-117.95,2021-09-27 00:00:00,0,0.037921604
36.55,-117.84999,2021-09-27 00:00:00,0,0.037921604
36.55,-117.75,2021-09-27 00:00:00,0,0.0
36.55,-117.649994,2021-09-27 00:00:00,0,0.0
36.55,-117.549995,2021-09-27 00:00:00,0,0.0
36.55,-117.45,2021-09-27 00:00:00,0,0.0
36.55,-117.34999,2021-09-27 00:00:00,0,0.0
36.55,-117.25,2021-09-27 00:00:00,0,0.0
36.55,-117.149994,2021-09-27 00:00:00,0,0.0
36.55,-117.049995,2021-09-27 00:00:00,0,0.0
36.55,-116.95,2021-09-27 00:00:00,0,0.0
36.55,-116.84999,2021-09-27 00:00:00,0,0.0
36.55,-116.75,2021-09-27 00:00:00,0,0.0
36.55,-116.649994,2021-09-27 00:00:00,0,0.0
36.55,-116.549995,2021-09-27 00:00:00,0,0.0
36.55,-116.45,2021-09-27 00:00:00,0,0.0
36.55,-116.34999,2021-09-27 00:00:00,0,0.0
36.55,-116.25,2021-09-27 00:00:00,0,0.0
36.55,-116.149994,2021-09-27 00:00:00,0,0.0
36.55,-116.049995,2021-09-27 00:00:00,0,0.0
36.55,-115.95,2021-09-27 00:00:00,0,0.0
36.55,-115.85,2021-09-27 00:00:00,0,0.0
36.55,-115.74999,2021-09-27 00:00:00,0,0.0
36.55,-115.649994,2021-09-27 00:00:00,0,0.0
36.55,-115.549995,2021-09-27 00:00:00,0,0.0
36.55,-115.45,2021-09-27 00:00:00,0,0.0
36.55,-115.35,2021-09-27 00:00:00,0,0.0
36.55,-115.24999,2021-09-27 00:00:00,0,0.0
36.55,-115.149994,2021-09-27 00:00:00,0,0.0
36.55,-115.049995,2021-09-27 00:00:00,0,0.0
36.55,-114.95,2021-09-27 00:00:00,0,0.0
36.55,-114.85,2021-09-27 00:00:00,0,0.0
36.55,-114.74999,2021-09-27 00:00:00,0,0.0
36.55,-114.649994,2021-09-27 00:00:00,0,0.0
36.55,-114.549995,2021-09-27 00:00:00,0,0.0
36.55,-114.45,2021-09-27 00:00:00,0,0.0
36.55,-114.35,2021-09-27 00:00:00,0,0.0
36.55,-114.24999,2021-09-27 00:00:00,0,0.0
36.649998,-124.34999,2021-09-27 00:00:00,0,0.0
36.649998,-124.25,2021-09-27 00:00:00,0,0.0
36.649998,-124.149994,2021-09-27 00:00:00,0,0.0
36.649998,-124.049995,2021-09-27 00:00:00,0,0.0
36.649998,-123.95,2021-09-27 00:00:00,0,0.0
36.649998,-123.84999,2021-09-27 00:00:00,0,0.0
36.649998,-123.75,2021-09-27 00:00:00,0,0.0
36.649998,-123.649994,2021-09-27 00:00:00,0,0.0
36.649998,-123.549995,2021-09-27 00:00:00,0,0.0
36.649998,-123.45,2021-09-27 00:00:00,0,0.0
36.649998,-123.34999,2021-09-27 00:00:00,0,0.0
36.649998,-123.25,2021-09-27 00:00:00,0,0.0
36.649998,-123.149994,2021-09-27 00:00:00,0,0.0
36.649998,-123.049995,2021-09-27 00:00:00,0,0.0
36.649998,-122.95,2021-09-27 00:00:00,0,0.0
36.649998,-122.84999,2021-09-27 00:00:00,0,0.0
36.649998,-122.75,2021-09-27 00:00:00,0,0.0
36.649998,-122.649994,2021-09-27 00:00:00,0,0.0
36.649998,-122.549995,2021-09-27 00:00:00,0,0.0
36.649998,-122.45,2021-09-27 00:00:00,0,0.0
36.649998,-122.34999,2021-09-27 00:00:00,0,0.0
36.649998,-122.25,2021-09-27 00:00:00,0,0.0
36.649998,-122.149994,2021-09-27 00:00:00,0,0.0
36.649998,-122.049995,2021-09-27 00:00:00,0,0.0
36.649998,-121.95,2021-09-27 00:00:00,0,0.0
36.649998,-121.84999,2021-09-27 00:00:00,0,0.0
36.649998,-121.75,2021-09-27 00:00:00,0,0.0
36.649998,-121.649994,2021-09-27 00:00:00,0,0.0
36.649998,-121.549995,2021-09-27 00:00:00,0,0.0
36.649998,-121.45,2021-09-27 00:00:00,0,0.0
36.649998,-121.34999,2021-09-27 00:00:00,0,0.0
36.649998,-121.25,2021-09-27 00:00:00,0,0.0
36.649998,-121.149994,2021-09-27 00:00:00,0,0.0
36.649998,-121.049995,2021-09-27 00:00:00,0,0.0
36.649998,-120.95,2021-09-27 00:00:00,0,0.0
36.649998,-120.84999,2021-09-27 00:00:00,0,0.0
36.649998,-120.75,2021-09-27 00:00:00,0,0.0
36.649998,-120.649994,2021-09-27 00:00:00,0,0.0
36.649998,-120.549995,2021-09-27 00:00:00,0,0.0
36.649998,-120.45,2021-09-27 00:00:00,0,0.0
36.649998,-120.34999,2021-09-27 00:00:00,0,0.0
36.649998,-120.25,2021-09-27 00:00:00,0,0.0
36.649998,-120.149994,2021-09-27 00:00:00,0,0.0
36.649998,-120.049995,2021-09-27 00:00:00,0,0.0
36.649998,-119.95,2021-09-27 00:00:00,0,0.0
36.649998,-119.84999,2021-09-27 00:00:00,0,0.0
36.649998,-119.75,2021-09-27 00:00:00,0,0.0
36.649998,-119.649994,2021-09-27 00:00:00,0,0.0
36.649998,-119.549995,2021-09-27 00:00:00,0,0.0
36.649998,-119.45,2021-09-27 00:00:00,0,0.0
36.649998,-119.34999,2021-09-27 00:00:00,0,0.0
36.649998,-119.25,2021-09-27 00:00:00,0,0.0
36.649998,-119.149994,2021-09-27 00:00:00,0,0.0
36.649998,-119.049995,2021-09-27 00:00:00,0,0.0
36.649998,-118.95,2021-09-27 00:00:00,0,0.0
36.649998,-118.84999,2021-09-27 00:00:00,0,0.0
36.649998,-118.75,2021-09-27 00:00:00,0,0.0
36.649998,-118.649994,2021-09-27 00:00:00,0,0.0
36.649998,-118.549995,2021-09-27 00:00:00,0,0.0
36.649998,-118.45,2021-09-27 00:00:00,0,0.03967797
36.649998,-118.34999,2021-09-27 00:00:00,0,0.31507355
36.649998,-118.25,2021-09-27 00:00:00,0,0.06943645
36.649998,-118.149994,2021-09-27 00:00:00,0,0.07935594
36.649998,-118.049995,2021-09-27 00:00:00,0,0.0
36.649998,-117.95,2021-09-27 00:00:00,0,0.0
36.649998,-117.84999,2021-09-27 00:00:00,0,0.0
36.649998,-117.75,2021-09-27 00:00:00,0,0.0
36.649998,-117.649994,2021-09-27 00:00:00,0,0.0
36.649998,-117.549995,2021-09-27 00:00:00,0,0.0
36.649998,-117.45,2021-09-27 00:00:00,0,0.0
36.649998,-117.34999,2021-09-27 00:00:00,0,0.0
36.649998,-117.25,2021-09-27 00:00:00,0,0.0
36.649998,-117.149994,2021-09-27 00:00:00,0,0.0
36.649998,-117.049995,2021-09-27 00:00:00,0,0.18847035
36.649998,-116.95,2021-09-27 00:00:00,0,0.0
36.649998,-116.84999,2021-09-27 00:00:00,0,0.0
36.649998,-116.75,2021-09-27 00:00:00,0,0.0
36.649998,-116.649994,2021-09-27 00:00:00,0,0.0
36.649998,-116.549995,2021-09-27 00:00:00,0,0.0
36.649998,-116.45,2021-09-27 00:00:00,0,0.0
36.649998,-116.34999,2021-09-27 00:00:00,0,0.0
36.649998,-116.25,2021-09-27 00:00:00,0,0.0
36.649998,-116.149994,2021-09-27 00:00:00,0,0.0
36.649998,-116.049995,2021-09-27 00:00:00,0,0.0
36.649998,-115.95,2021-09-27 00:00:00,0,0.0
36.649998,-115.85,2021-09-27 00:00:00,0,0.0
36.649998,-115.74999,2021-09-27 00:00:00,0,0.0
36.649998,-115.649994,2021-09-27 00:00:00,0,0.0
36.649998,-115.549995,2021-09-27 00:00:00,0,0.0
36.649998,-115.45,2021-09-27 00:00:00,0,0.0
36.649998,-115.35,2021-09-27 00:00:00,0,0.0
36.649998,-115.24999,2021-09-27 00:00:00,0,0.0
36.649998,-115.149994,2021-09-27 00:00:00,0,0.0
36.649998,-115.049995,2021-09-27 00:00:00,0,0.0
36.649998,-114.95,2021-09-27 00:00:00,0,0.0
36.649998,-114.85,2021-09-27 00:00:00,0,0.0
36.649998,-114.74999,2021-09-27 00:00:00,0,0.0
36.649998,-114.649994,2021-09-27 00:00:00,0,0.0
36.649998,-114.549995,2021-09-27 00:00:00,0,0.0
36.649998,-114.45,2021-09-27 00:00:00,0,0.0
36.649998,-114.35,2021-09-27 00:00:00,0,0.0
36.649998,-114.24999,2021-09-27 00:00:00,0,0.0
36.750004,-124.34999,2021-09-27 00:00:00,0,0.0
36.750004,-124.25,2021-09-27 00:00:00,0,0.0
36.750004,-124.149994,2021-09-27 00:00:00,0,0.0
36.750004,-124.049995,2021-09-27 00:00:00,0,0.0
36.750004,-123.95,2021-09-27 00:00:00,0,0.0
36.750004,-123.84999,2021-09-27 00:00:00,0,0.0
36.750004,-123.75,2021-09-27 00:00:00,0,0.0
36.750004,-123.649994,2021-09-27 00:00:00,0,0.0
36.750004,-123.549995,2021-09-27 00:00:00,0,0.0
36.750004,-123.45,2021-09-27 00:00:00,0,0.0
36.750004,-123.34999,2021-09-27 00:00:00,0,0.0
36.750004,-123.25,2021-09-27 00:00:00,0,0.0
36.750004,-123.149994,2021-09-27 00:00:00,0,0.0
36.750004,-123.049995,2021-09-27 00:00:00,0,0.0
36.750004,-122.95,2021-09-27 00:00:00,0,0.0
36.750004,-122.84999,2021-09-27 00:00:00,0,0.0
36.750004,-122.75,2021-09-27 00:00:00,0,0.0
36.750004,-122.649994,2021-09-27 00:00:00,0,0.0
36.750004,-122.549995,2021-09-27 00:00:00,0,0.0
36.750004,-122.45,2021-09-27 00:00:00,0,0.0
36.750004,-122.34999,2021-09-27 00:00:00,0,0.0
36.750004,-122.25,2021-09-27 00:00:00,0,0.0
36.750004,-122.149994,2021-09-27 00:00:00,0,0.0
36.750004,-122.049995,2021-09-27 00:00:00,0,0.0
36.750004,-121.95,2021-09-27 00:00:00,0,0.0
36.750004,-121.84999,2021-09-27 00:00:00,0,0.0
36.750004,-121.75,2021-09-27 00:00:00,0,0.0
36.750004,-121.649994,2021-09-27 00:00:00,0,0.0
36.750004,-121.549995,2021-09-27 00:00:00,0,0.0
36.750004,-121.45,2021-09-27 00:00:00,0,0.0
36.750004,-121.34999,2021-09-27 00:00:00,0,0.0
36.750004,-121.25,2021-09-27 00:00:00,0,0.0
36.750004,-121.149994,2021-09-27 00:00:00,0,0.0
36.750004,-121.049995,2021-09-27 00:00:00,0,0.0
36.750004,-120.95,2021-09-27 00:00:00,0,0.0
36.750004,-120.84999,2021-09-27 00:00:00,0,0.0
36.750004,-120.75,2021-09-27 00:00:00,0,0.0
36.750004,-120.649994,2021-09-27 00:00:00,0,0.0
36.750004,-120.549995,2021-09-27 00:00:00,0,0.0
36.750004,-120.45,2021-09-27 00:00:00,0,0.0
36.750004,-120.34999,2021-09-27 00:00:00,0,0.0
36.750004,-120.25,2021-09-27 00:00:00,0,0.0
36.750004,-120.149994,2021-09-27 00:00:00,0,0.0
36.750004,-120.049995,2021-09-27 00:00:00,0,0.0
36.750004,-119.95,2021-09-27 00:00:00,0,0.0
36.750004,-119.84999,2021-09-27 00:00:00,0,0.0
36.750004,-119.75,2021-09-27 00:00:00,0,0.0
36.750004,-119.649994,2021-09-27 00:00:00,0,0.0
36.750004,-119.549995,2021-09-27 00:00:00,0,0.0
36.750004,-119.45,2021-09-27 00:00:00,0,0.0
36.750004,-119.34999,2021-09-27 00:00:00,0,0.0
36.750004,-119.25,2021-09-27 00:00:00,0,0.0
36.750004,-119.149994,2021-09-27 00:00:00,0,0.0
36.750004,-119.049995,2021-09-27 00:00:00,0,0.0
36.750004,-118.95,2021-09-27 00:00:00,0,0.0
36.750004,-118.84999,2021-09-27 00:00:00,0,0.0
36.750004,-118.75,2021-09-27 00:00:00,0,0.0
36.750004,-118.649994,2021-09-27 00:00:00,0,0.0
36.750004,-118.549995,2021-09-27 00:00:00,0,0.0
36.750004,-118.45,2021-09-27 00:00:00,0,0.0582191
36.750004,-118.34999,2021-09-27 00:00:00,0,0.5702334
36.750004,-118.25,2021-09-27 00:00:00,0,0.60904604
36.750004,-118.149994,2021-09-27 00:00:00,0,0.0
36.750004,-118.049995,2021-09-27 00:00:00,0,0.0
36.750004,-117.95,2021-09-27 00:00:00,0,0.0
36.750004,-117.84999,2021-09-27 00:00:00,0,0.0
36.750004,-117.75,2021-09-27 00:00:00,0,0.0
36.750004,-117.649994,2021-09-27 00:00:00,0,0.0
36.750004,-117.549995,2021-09-27 00:00:00,0,0.0
36.750004,-117.45,2021-09-27 00:00:00,0,0.0
36.750004,-117.34999,2021-09-27 00:00:00,0,0.0
36.750004,-117.25,2021-09-27 00:00:00,0,0.0
36.750004,-117.149994,2021-09-27 00:00:00,0,0.0
36.750004,-117.049995,2021-09-27 00:00:00,0,0.20830935
36.750004,-116.95,2021-09-27 00:00:00,0,0.0
36.750004,-116.84999,2021-09-27 00:00:00,0,0.0
36.750004,-116.75,2021-09-27 00:00:00,0,0.0
36.750004,-116.649994,2021-09-27 00:00:00,0,0.0
36.750004,-116.549995,2021-09-27 00:00:00,0,0.0
36.750004,-116.45,2021-09-27 00:00:00,0,0.0
36.750004,-116.34999,2021-09-27 00:00:00,0,0.0
36.750004,-116.25,2021-09-27 00:00:00,0,0.0
36.750004,-116.149994,2021-09-27 00:00:00,0,0.0
36.750004,-116.049995,2021-09-27 00:00:00,0,0.0
36.750004,-115.95,2021-09-27 00:00:00,0,0.0
36.750004,-115.85,2021-09-27 00:00:00,0,0.0
36.750004,-115.74999,2021-09-27 00:00:00,0,0.0
36.750004,-115.649994,2021-09-27 00:00:00,0,0.0
36.750004,-115.549995,2021-09-27 00:00:00,0,0.0
36.750004,-115.45,2021-09-27 00:00:00,0,0.0
36.750004,-115.35,2021-09-27 00:00:00,0,0.0
36.750004,-115.24999,2021-09-27 00:00:00,0,0.0
36.750004,-115.149994,2021-09-27 00:00:00,0,0.0
36.750004,-115.049995,2021-09-27 00:00:00,0,0.0
36.750004,-114.95,2021-09-27 00:00:00,0,0.0
36.750004,-114.85,2021-09-27 00:00:00,0,0.0
36.750004,-114.74999,2021-09-27 00:00:00,0,0.0
36.750004,-114.649994,2021-09-27 00:00:00,0,0.0
36.750004,-114.549995,2021-09-27 00:00:00,0,0.0
36.750004,-114.45,2021-09-27 00:00:00,0,0.0
36.750004,-114.35,2021-09-27 00:00:00,0,0.0
36.750004,-114.24999,2021-09-27 00:00:00,0,0.0
36.850002,-124.34999,2021-09-27 00:00:00,0,0.0
36.850002,-124.25,2021-09-27 00:00:00,0,0.0
36.850002,-124.149994,2021-09-27 00:00:00,0,0.0
36.850002,-124.049995,2021-09-27 00:00:00,0,0.0
36.850002,-123.95,2021-09-27 00:00:00,0,0.0
36.850002,-123.84999,2021-09-27 00:00:00,0,0.0
36.850002,-123.75,2021-09-27 00:00:00,0,0.0
36.850002,-123.649994,2021-09-27 00:00:00,0,0.0
36.850002,-123.549995,2021-09-27 00:00:00,0,0.0
36.850002,-123.45,2021-09-27 00:00:00,0,0.0
36.850002,-123.34999,2021-09-27 00:00:00,0,0.0
36.850002,-123.25,2021-09-27 00:00:00,0,0.0
36.850002,-123.149994,2021-09-27 00:00:00,0,0.0
36.850002,-123.049995,2021-09-27 00:00:00,0,0.0
36.850002,-122.95,2021-09-27 00:00:00,0,0.0
36.850002,-122.84999,2021-09-27 00:00:00,0,0.0
36.850002,-122.75,2021-09-27 00:00:00,0,0.0
36.850002,-122.649994,2021-09-27 00:00:00,0,0.0
36.850002,-122.549995,2021-09-27 00:00:00,0,0.0
36.850002,-122.45,2021-09-27 00:00:00,0,0.0
36.850002,-122.34999,2021-09-27 00:00:00,0,0.0
36.850002,-122.25,2021-09-27 00:00:00,0,0.0
36.850002,-122.149994,2021-09-27 00:00:00,0,0.0
36.850002,-122.049995,2021-09-27 00:00:00,0,0.0
36.850002,-121.95,2021-09-27 00:00:00,0,0.0
36.850002,-121.84999,2021-09-27 00:00:00,0,0.0
36.850002,-121.75,2021-09-27 00:00:00,0,0.0
36.850002,-121.649994,2021-09-27 00:00:00,0,0.0
36.850002,-121.549995,2021-09-27 00:00:00,0,0.0
36.850002,-121.45,2021-09-27 00:00:00,0,0.0
36.850002,-121.34999,2021-09-27 00:00:00,0,0.0
36.850002,-121.25,2021-09-27 00:00:00,0,0.0
36.850002,-121.149994,2021-09-27 00:00:00,0,0.0
36.850002,-121.049995,2021-09-27 00:00:00,0,0.0
36.850002,-120.95,2021-09-27 00:00:00,0,0.0
36.850002,-120.84999,2021-09-27 00:00:00,0,0.0
36.850002,-120.75,2021-09-27 00:00:00,0,0.0
36.850002,-120.649994,2021-09-27 00:00:00,0,0.0
36.850002,-120.549995,2021-09-27 00:00:00,0,0.0
36.850002,-120.45,2021-09-27 00:00:00,0,0.0
36.850002,-120.34999,2021-09-27 00:00:00,0,0.0
36.850002,-120.25,2021-09-27 00:00:00,0,0.0
36.850002,-120.149994,2021-09-27 00:00:00,0,0.0
36.850002,-120.049995,2021-09-27 00:00:00,0,0.0
36.850002,-119.95,2021-09-27 00:00:00,0,0.0
36.850002,-119.84999,2021-09-27 00:00:00,0,0.0
36.850002,-119.75,2021-09-27 00:00:00,0,0.0
36.850002,-119.649994,2021-09-27 00:00:00,0,0.0
36.850002,-119.549995,2021-09-27 00:00:00,0,0.0
36.850002,-119.45,2021-09-27 00:00:00,0,0.0
36.850002,-119.34999,2021-09-27 00:00:00,0,0.0
36.850002,-119.25,2021-09-27 00:00:00,0,0.0
36.850002,-119.149994,2021-09-27 00:00:00,0,0.0
36.850002,-119.049995,2021-09-27 00:00:00,0,0.0
36.850002,-118.95,2021-09-27 00:00:00,0,0.0
36.850002,-118.84999,2021-09-27 00:00:00,0,0.0
36.850002,-118.75,2021-09-27 00:00:00,0,0.0
36.850002,-118.649994,2021-09-27 00:00:00,0,0.0
36.850002,-118.549995,2021-09-27 00:00:00,0,0.0
36.850002,-118.45,2021-09-27 00:00:00,0,0.0
36.850002,-118.34999,2021-09-27 00:00:00,0,0.0
36.850002,-118.25,2021-09-27 00:00:00,0,0.0
36.850002,-118.149994,2021-09-27 00:00:00,0,0.0
36.850002,-118.049995,2021-09-27 00:00:00,0,0.0
36.850002,-117.95,2021-09-27 00:00:00,0,0.0
36.850002,-117.84999,2021-09-27 00:00:00,0,0.0
36.850002,-117.75,2021-09-27 00:00:00,0,0.0
36.850002,-117.649994,2021-09-27 00:00:00,0,0.0
36.850002,-117.549995,2021-09-27 00:00:00,0,0.0
36.850002,-117.45,2021-09-27 00:00:00,0,0.0
36.850002,-117.34999,2021-09-27 00:00:00,0,0.0
36.850002,-117.25,2021-09-27 00:00:00,0,0.0
36.850002,-117.149994,2021-09-27 00:00:00,0,0.0
36.850002,-117.049995,2021-09-27 00:00:00,0,0.029758478
36.850002,-116.95,2021-09-27 00:00:00,0,0.0
36.850002,-116.84999,2021-09-27 00:00:00,0,0.0
36.850002,-116.75,2021-09-27 00:00:00,0,0.0
36.850002,-116.649994,2021-09-27 00:00:00,0,0.0
36.850002,-116.549995,2021-09-27 00:00:00,0,0.0
36.850002,-116.45,2021-09-27 00:00:00,0,0.0
36.850002,-116.34999,2021-09-27 00:00:00,0,0.0
36.850002,-116.25,2021-09-27 00:00:00,0,0.0
36.850002,-116.149994,2021-09-27 00:00:00,0,0.0
36.850002,-116.049995,2021-09-27 00:00:00,0,0.0
36.850002,-115.95,2021-09-27 00:00:00,0,0.0
36.850002,-115.85,2021-09-27 00:00:00,0,0.0
36.850002,-115.74999,2021-09-27 00:00:00,0,0.0
36.850002,-115.649994,2021-09-27 00:00:00,0,0.0
36.850002,-115.549995,2021-09-27 00:00:00,0,0.0
36.850002,-115.45,2021-09-27 00:00:00,0,0.0
36.850002,-115.35,2021-09-27 00:00:00,0,0.0
36.850002,-115.24999,2021-09-27 00:00:00,0,0.0
36.850002,-115.149994,2021-09-27 00:00:00,0,0.0
36.850002,-115.049995,2021-09-27 00:00:00,0,0.0
36.850002,-114.95,2021-09-27 00:00:00,0,0.0
36.850002,-114.85,2021-09-27 00:00:00,0,0.0
36.850002,-114.74999,2021-09-27 00:00:00,0,0.0
36.850002,-114.649994,2021-09-27 00:00:00,0,0.0
36.850002,-114.549995,2021-09-27 00:00:00,0,0.0
36.850002,-114.45,2021-09-27 00:00:00,0,0.0
36.850002,-114.35,2021-09-27 00:00:00,0,0.0
36.850002,-114.24999,2021-09-27 00:00:00,0,0.0
36.95,-124.34999,2021-09-27 00:00:00,0,0.0
36.95,-124.25,2021-09-27 00:00:00,0,0.0
36.95,-124.149994,2021-09-27 00:00:00,0,0.0
36.95,-124.049995,2021-09-27 00:00:00,0,0.0
36.95,-123.95,2021-09-27 00:00:00,0,0.0
36.95,-123.84999,2021-09-27 00:00:00,0,0.0
36.95,-123.75,2021-09-27 00:00:00,0,0.0
36.95,-123.649994,2021-09-27 00:00:00,0,0.0
36.95,-123.549995,2021-09-27 00:00:00,0,0.0
36.95,-123.45,2021-09-27 00:00:00,0,0.0
36.95,-123.34999,2021-09-27 00:00:00,0,0.0
36.95,-123.25,2021-09-27 00:00:00,0,0.0
36.95,-123.149994,2021-09-27 00:00:00,0,0.0
36.95,-123.049995,2021-09-27 00:00:00,0,0.0
36.95,-122.95,2021-09-27 00:00:00,0,0.0
36.95,-122.84999,2021-09-27 00:00:00,0,0.0
36.95,-122.75,2021-09-27 00:00:00,0,0.0
36.95,-122.649994,2021-09-27 00:00:00,0,0.0
36.95,-122.549995,2021-09-27 00:00:00,0,0.0
36.95,-122.45,2021-09-27 00:00:00,0,0.0
36.95,-122.34999,2021-09-27 00:00:00,0,0.0
36.95,-122.25,2021-09-27 00:00:00,0,0.0
36.95,-122.149994,2021-09-27 00:00:00,0,0.0
36.95,-122.049995,2021-09-27 00:00:00,0,0.022564061
36.95,-121.95,2021-09-27 00:00:00,0,0.0
36.95,-121.84999,2021-09-27 00:00:00,0,0.0
36.95,-121.75,2021-09-27 00:00:00,0,0.0
36.95,-121.649994,2021-09-27 00:00:00,0,0.0
36.95,-121.549995,2021-09-27 00:00:00,0,0.0
36.95,-121.45,2021-09-27 00:00:00,0,0.0
36.95,-121.34999,2021-09-27 00:00:00,0,0.0
36.95,-121.25,2021-09-27 00:00:00,0,0.0
36.95,-121.149994,2021-09-27 00:00:00,0,0.0
36.95,-121.049995,2021-09-27 00:00:00,0,0.0
36.95,-120.95,2021-09-27 00:00:00,0,0.0
36.95,-120.84999,2021-09-27 00:00:00,0,0.0
36.95,-120.75,2021-09-27 00:00:00,0,0.0
36.95,-120.649994,2021-09-27 00:00:00,0,0.0
36.95,-120.549995,2021-09-27 00:00:00,0,0.0
36.95,-120.45,2021-09-27 00:00:00,0,0.0
36.95,-120.34999,2021-09-27 00:00:00,0,0.0
36.95,-120.25,2021-09-27 00:00:00,0,0.0
36.95,-120.149994,2021-09-27 00:00:00,0,0.0
36.95,-120.049995,2021-09-27 00:00:00,0,0.0
36.95,-119.95,2021-09-27 00:00:00,0,0.0
36.95,-119.84999,2021-09-27 00:00:00,0,0.0
36.95,-119.75,2021-09-27 00:00:00,0,0.0
36.95,-119.649994,2021-09-27 00:00:00,0,0.0
36.95,-119.549995,2021-09-27 00:00:00,0,0.0
36.95,-119.45,2021-09-27 00:00:00,0,0.0
36.95,-119.34999,2021-09-27 00:00:00,0,0.0
36.95,-119.25,2021-09-27 00:00:00,0,0.0
36.95,-119.149994,2021-09-27 00:00:00,0,0.0
36.95,-119.049995,2021-09-27 00:00:00,0,0.0
36.95,-118.95,2021-09-27 00:00:00,0,0.0
36.95,-118.84999,2021-09-27 00:00:00,0,0.0
36.95,-118.75,2021-09-27 00:00:00,0,0.0
36.95,-118.649994,2021-09-27 00:00:00,0,0.0
36.95,-118.549995,2021-09-27 00:00:00,0,0.0
36.95,-118.45,2021-09-27 00:00:00,0,0.01020676
36.95,-118.34999,2021-09-27 00:00:00,0,0.03562028
36.95,-118.25,2021-09-27 00:00:00,0,0.0
36.95,-118.149994,2021-09-27 00:00:00,0,0.0
36.95,-118.049995,2021-09-27 00:00:00,0,0.0
36.95,-117.95,2021-09-27 00:00:00,0,0.0
36.95,-117.84999,2021-09-27 00:00:00,0,0.0
36.95,-117.75,2021-09-27 00:00:00,0,0.0
36.95,-117.649994,2021-09-27 00:00:00,0,0.0
36.95,-117.549995,2021-09-27 00:00:00,0,0.0
36.95,-117.45,2021-09-27 00:00:00,0,0.0
36.95,-117.34999,2021-09-27 00:00:00,0,0.0
36.95,-117.25,2021-09-27 00:00:00,0,0.0
36.95,-117.149994,2021-09-27 00:00:00,0,0.0
36.95,-117.049995,2021-09-27 00:00:00,0,0.0
36.95,-116.95,2021-09-27 00:00:00,0,0.0
36.95,-116.84999,2021-09-27 00:00:00,0,0.0
36.95,-116.75,2021-09-27 00:00:00,0,0.0
36.95,-116.649994,2021-09-27 00:00:00,0,0.0
36.95,-116.549995,2021-09-27 00:00:00,0,0.0
36.95,-116.45,2021-09-27 00:00:00,0,0.0
36.95,-116.34999,2021-09-27 00:00:00,0,0.0
36.95,-116.25,2021-09-27 00:00:00,0,0.0
36.95,-116.149994,2021-09-27 00:00:00,0,0.0
36.95,-116.049995,2021-09-27 00:00:00,0,0.0
36.95,-115.95,2021-09-27 00:00:00,0,0.0
36.95,-115.85,2021-09-27 00:00:00,0,0.0
36.95,-115.74999,2021-09-27 00:00:00,0,0.0
36.95,-115.649994,2021-09-27 00:00:00,0,0.0
36.95,-115.549995,2021-09-27 00:00:00,0,0.0
36.95,-115.45,2021-09-27 00:00:00,0,0.0
36.95,-115.35,2021-09-27 00:00:00,0,0.0
36.95,-115.24999,2021-09-27 00:00:00,0,0.0
36.95,-115.149994,2021-09-27 00:00:00,0,0.0
36.95,-115.049995,2021-09-27 00:00:00,0,0.0
36.95,-114.95,2021-09-27 00:00:00,0,0.0
36.95,-114.85,2021-09-27 00:00:00,0,0.0
36.95,-114.74999,2021-09-27 00:00:00,0,0.0
36.95,-114.649994,2021-09-27 00:00:00,0,0.0
36.95,-114.549995,2021-09-27 00:00:00,0,0.0
36.95,-114.45,2021-09-27 00:00:00,0,0.0
36.95,-114.35,2021-09-27 00:00:00,0,0.0
36.95,-114.24999,2021-09-27 00:00:00,0,0.0
37.05,-124.34999,2021-09-27 00:00:00,0,0.0
37.05,-124.25,2021-09-27 00:00:00,0,0.0
37.05,-124.149994,2021-09-27 00:00:00,0,0.0
37.05,-124.049995,2021-09-27 00:00:00,0,0.0
37.05,-123.95,2021-09-27 00:00:00,0,0.0
37.05,-123.84999,2021-09-27 00:00:00,0,0.0
37.05,-123.75,2021-09-27 00:00:00,0,0.0
37.05,-123.649994,2021-09-27 00:00:00,0,0.0
37.05,-123.549995,2021-09-27 00:00:00,0,0.0
37.05,-123.45,2021-09-27 00:00:00,0,0.0
37.05,-123.34999,2021-09-27 00:00:00,0,0.0
37.05,-123.25,2021-09-27 00:00:00,0,0.0
37.05,-123.149994,2021-09-27 00:00:00,0,0.0
37.05,-123.049995,2021-09-27 00:00:00,0,0.0
37.05,-122.95,2021-09-27 00:00:00,0,0.0
37.05,-122.84999,2021-09-27 00:00:00,0,0.0
37.05,-122.75,2021-09-27 00:00:00,0,0.0
37.05,-122.649994,2021-09-27 00:00:00,0,0.0
37.05,-122.549995,2021-09-27 00:00:00,0,0.0
37.05,-122.45,2021-09-27 00:00:00,0,0.0
37.05,-122.34999,2021-09-27 00:00:00,0,0.0
37.05,-122.25,2021-09-27 00:00:00,0,0.0
37.05,-122.149994,2021-09-27 00:00:00,0,0.03147387
37.05,-122.049995,2021-09-27 00:00:00,0,0.0
37.05,-121.95,2021-09-27 00:00:00,0,0.0
37.05,-121.84999,2021-09-27 00:00:00,0,0.0
37.05,-121.75,2021-09-27 00:00:00,0,0.0
37.05,-121.649994,2021-09-27 00:00:00,0,0.0
37.05,-121.549995,2021-09-27 00:00:00,0,0.0
37.05,-121.45,2021-09-27 00:00:00,0,0.0
37.05,-121.34999,2021-09-27 00:00:00,0,0.0
37.05,-121.25,2021-09-27 00:00:00,0,0.0
37.05,-121.149994,2021-09-27 00:00:00,0,0.0
37.05,-121.049995,2021-09-27 00:00:00,0,0.0
37.05,-120.95,2021-09-27 00:00:00,0,0.06982898
37.05,-120.84999,2021-09-27 00:00:00,0,0.0
37.05,-120.75,2021-09-27 00:00:00,0,0.0
37.05,-120.649994,2021-09-27 00:00:00,0,0.0
37.05,-120.549995,2021-09-27 00:00:00,0,0.0
37.05,-120.45,2021-09-27 00:00:00,0,0.0
37.05,-120.34999,2021-09-27 00:00:00,0,0.0
37.05,-120.25,2021-09-27 00:00:00,0,0.0
37.05,-120.149994,2021-09-27 00:00:00,0,0.0
37.05,-120.049995,2021-09-27 00:00:00,0,0.0
37.05,-119.95,2021-09-27 00:00:00,0,0.0
37.05,-119.84999,2021-09-27 00:00:00,0,0.0
37.05,-119.75,2021-09-27 00:00:00,0,0.0
37.05,-119.649994,2021-09-27 00:00:00,0,0.0
37.05,-119.549995,2021-09-27 00:00:00,0,0.0
37.05,-119.45,2021-09-27 00:00:00,0,0.0
37.05,-119.34999,2021-09-27 00:00:00,0,0.0
37.05,-119.25,2021-09-27 00:00:00,0,0.0
37.05,-119.149994,2021-09-27 00:00:00,0,0.0
37.05,-119.049995,2021-09-27 00:00:00,0,0.0
37.05,-118.95,2021-09-27 00:00:00,0,0.0
37.05,-118.84999,2021-09-27 00:00:00,0,0.0
37.05,-118.75,2021-09-27 00:00:00,0,0.0
37.05,-118.649994,2021-09-27 00:00:00,0,0.0
37.05,-118.549995,2021-09-27 00:00:00,0,0.0
37.05,-118.45,2021-09-27 00:00:00,0,0.14671832
37.05,-118.34999,2021-09-27 00:00:00,0,0.17014857
37.05,-118.25,2021-09-27 00:00:00,0,0.0
37.05,-118.149994,2021-09-27 00:00:00,0,0.0
37.05,-118.049995,2021-09-27 00:00:00,0,0.0
37.05,-117.95,2021-09-27 00:00:00,0,0.0
37.05,-117.84999,2021-09-27 00:00:00,0,0.0
37.05,-117.75,2021-09-27 00:00:00,0,0.0
37.05,-117.649994,2021-09-27 00:00:00,0,0.0
37.05,-117.549995,2021-09-27 00:00:00,0,0.0
37.05,-117.45,2021-09-27 00:00:00,0,0.0
37.05,-117.34999,2021-09-27 00:00:00,0,0.0
37.05,-117.25,2021-09-27 00:00:00,0,0.0
37.05,-117.149994,2021-09-27 00:00:00,0,0.0
37.05,-117.049995,2021-09-27 00:00:00,0,0.0
37.05,-116.95,2021-09-27 00:00:00,0,0.0
37.05,-116.84999,2021-09-27 00:00:00,0,0.0
37.05,-116.75,2021-09-27 00:00:00,0,0.0
37.05,-116.649994,2021-09-27 00:00:00,0,0.0
37.05,-116.549995,2021-09-27 00:00:00,0,0.0
37.05,-116.45,2021-09-27 00:00:00,0,0.0
37.05,-116.34999,2021-09-27 00:00:00,0,0.0
37.05,-116.25,2021-09-27 00:00:00,0,0.0
37.05,-116.149994,2021-09-27 00:00:00,0,0.0
37.05,-116.049995,2021-09-27 00:00:00,0,0.0
37.05,-115.95,2021-09-27 00:00:00,0,0.0
37.05,-115.85,2021-09-27 00:00:00,0,0.0
37.05,-115.74999,2021-09-27 00:00:00,0,0.0
37.05,-115.649994,2021-09-27 00:00:00,0,0.0
37.05,-115.549995,2021-09-27 00:00:00,0,0.0
37.05,-115.45,2021-09-27 00:00:00,0,0.0
37.05,-115.35,2021-09-27 00:00:00,0,0.0
37.05,-115.24999,2021-09-27 00:00:00,0,0.0
37.05,-115.149994,2021-09-27 00:00:00,0,0.0
37.05,-115.049995,2021-09-27 00:00:00,0,0.0
37.05,-114.95,2021-09-27 00:00:00,0,0.0
37.05,-114.85,2021-09-27 00:00:00,0,0.0
37.05,-114.74999,2021-09-27 00:00:00,0,0.0
37.05,-114.649994,2021-09-27 00:00:00,0,0.0
37.05,-114.549995,2021-09-27 00:00:00,0,0.0
37.05,-114.45,2021-09-27 00:00:00,0,0.0
37.05,-114.35,2021-09-27 00:00:00,0,0.0
37.05,-114.24999,2021-09-27 00:00:00,0,0.0
37.149998,-124.34999,2021-09-27 00:00:00,0,0.0
37.149998,-124.25,2021-09-27 00:00:00,0,0.0
37.149998,-124.149994,2021-09-27 00:00:00,0,0.0
37.149998,-124.049995,2021-09-27 00:00:00,0,0.0
37.149998,-123.95,2021-09-27 00:00:00,0,0.0
37.149998,-123.84999,2021-09-27 00:00:00,0,0.0
37.149998,-123.75,2021-09-27 00:00:00,0,0.0
37.149998,-123.649994,2021-09-27 00:00:00,0,0.0
37.149998,-123.549995,2021-09-27 00:00:00,0,0.0
37.149998,-123.45,2021-09-27 00:00:00,0,0.0
37.149998,-123.34999,2021-09-27 00:00:00,0,0.0
37.149998,-123.25,2021-09-27 00:00:00,0,0.0
37.149998,-123.149994,2021-09-27 00:00:00,0,0.0
37.149998,-123.049995,2021-09-27 00:00:00,0,0.0
37.149998,-122.95,2021-09-27 00:00:00,0,0.0
37.149998,-122.84999,2021-09-27 00:00:00,0,0.0
37.149998,-122.75,2021-09-27 00:00:00,0,0.0
37.149998,-122.649994,2021-09-27 00:00:00,0,0.0
37.149998,-122.549995,2021-09-27 00:00:00,0,0.0
37.149998,-122.45,2021-09-27 00:00:00,0,0.0
37.149998,-122.34999,2021-09-27 00:00:00,0,0.0
37.149998,-122.25,2021-09-27 00:00:00,0,0.05418274
37.149998,-122.149994,2021-09-27 00:00:00,0,0.0
37.149998,-122.049995,2021-09-27 00:00:00,0,0.0
37.149998,-121.95,2021-09-27 00:00:00,0,0.0
37.149998,-121.84999,2021-09-27 00:00:00,0,0.0
37.149998,-121.75,2021-09-27 00:00:00,0,0.0
37.149998,-121.649994,2021-09-27 00:00:00,0,0.0
37.149998,-121.549995,2021-09-27 00:00:00,0,0.0
37.149998,-121.45,2021-09-27 00:00:00,0,0.0
37.149998,-121.34999,2021-09-27 00:00:00,0,0.0
37.149998,-121.25,2021-09-27 00:00:00,0,0.0
37.149998,-121.149994,2021-09-27 00:00:00,0,0.026794817
37.149998,-121.049995,2021-09-27 00:00:00,0,0.0
37.149998,-120.95,2021-09-27 00:00:00,0,0.0
37.149998,-120.84999,2021-09-27 00:00:00,0,0.0
37.149998,-120.75,2021-09-27 00:00:00,0,0.0
37.149998,-120.649994,2021-09-27 00:00:00,0,0.0
37.149998,-120.549995,2021-09-27 00:00:00,0,0.0
37.149998,-120.45,2021-09-27 00:00:00,0,0.0
37.149998,-120.34999,2021-09-27 00:00:00,0,0.0
37.149998,-120.25,2021-09-27 00:00:00,0,0.0
37.149998,-120.149994,2021-09-27 00:00:00,0,0.0
37.149998,-120.049995,2021-09-27 00:00:00,0,0.0
37.149998,-119.95,2021-09-27 00:00:00,0,0.0
37.149998,-119.84999,2021-09-27 00:00:00,0,0.0
37.149998,-119.75,2021-09-27 00:00:00,0,0.0
37.149998,-119.649994,2021-09-27 00:00:00,0,0.0
37.149998,-119.549995,2021-09-27 00:00:00,0,0.0
37.149998,-119.45,2021-09-27 00:00:00,0,0.0
37.149998,-119.34999,2021-09-27 00:00:00,0,0.0
37.149998,-119.25,2021-09-27 00:00:00,0,0.0
37.149998,-119.149994,2021-09-27 00:00:00,0,0.0
37.149998,-119.049995,2021-09-27 00:00:00,0,0.0
37.149998,-118.95,2021-09-27 00:00:00,0,0.0
37.149998,-118.84999,2021-09-27 00:00:00,0,0.0
37.149998,-118.75,2021-09-27 00:00:00,0,0.0
37.149998,-118.649994,2021-09-27 00:00:00,0,0.0
37.149998,-118.549995,2021-09-27 00:00:00,0,0.0
37.149998,-118.45,2021-09-27 00:00:00,0,0.0
37.149998,-118.34999,2021-09-27 00:00:00,0,0.0
37.149998,-118.25,2021-09-27 00:00:00,0,0.0
37.149998,-118.149994,2021-09-27 00:00:00,0,0.0
37.149998,-118.049995,2021-09-27 00:00:00,0,0.0
37.149998,-117.95,2021-09-27 00:00:00,0,0.0
37.149998,-117.84999,2021-09-27 00:00:00,0,0.0
37.149998,-117.75,2021-09-27 00:00:00,0,0.0
37.149998,-117.649994,2021-09-27 00:00:00,0,0.0
37.149998,-117.549995,2021-09-27 00:00:00,0,0.0
37.149998,-117.45,2021-09-27 00:00:00,0,0.0
37.149998,-117.34999,2021-09-27 00:00:00,0,0.0
37.149998,-117.25,2021-09-27 00:00:00,0,0.0
37.149998,-117.149994,2021-09-27 00:00:00,0,0.0
37.149998,-117.049995,2021-09-27 00:00:00,0,0.0
37.149998,-116.95,2021-09-27 00:00:00,0,0.0
37.149998,-116.84999,2021-09-27 00:00:00,0,0.0
37.149998,-116.75,2021-09-27 00:00:00,0,0.0
37.149998,-116.649994,2021-09-27 00:00:00,0,0.0
37.149998,-116.549995,2021-09-27 00:00:00,0,0.0
37.149998,-116.45,2021-09-27 00:00:00,0,0.0
37.149998,-116.34999,2021-09-27 00:00:00,0,0.0
37.149998,-116.25,2021-09-27 00:00:00,0,0.0
37.149998,-116.149994,2021-09-27 00:00:00,0,0.0
37.149998,-116.049995,2021-09-27 00:00:00,0,0.0
37.149998,-115.95,2021-09-27 00:00:00,0,0.0
37.149998,-115.85,2021-09-27 00:00:00,0,0.0
37.149998,-115.74999,2021-09-27 00:00:00,0,0.0
37.149998,-115.649994,2021-09-27 00:00:00,0,0.0
37.149998,-115.549995,2021-09-27 00:00:00,0,0.0
37.149998,-115.45,2021-09-27 00:00:00,0,0.0
37.149998,-115.35,2021-09-27 00:00:00,0,0.0
37.149998,-115.24999,2021-09-27 00:00:00,0,0.0
37.149998,-115.149994,2021-09-27 00:00:00,0,0.0
37.149998,-115.049995,2021-09-27 00:00:00,0,0.0
37.149998,-114.95,2021-09-27 00:00:00,0,0.0
37.149998,-114.85,2021-09-27 00:00:00,0,0.0
37.149998,-114.74999,2021-09-27 00:00:00,0,0.0
37.149998,-114.649994,2021-09-27 00:00:00,0,0.0
37.149998,-114.549995,2021-09-27 00:00:00,0,0.0
37.149998,-114.45,2021-09-27 00:00:00,0,0.0
37.149998,-114.35,2021-09-27 00:00:00,0,0.0
37.149998,-114.24999,2021-09-27 00:00:00,0,0.0
37.250004,-124.34999,2021-09-27 00:00:00,0,0.0
37.250004,-124.25,2021-09-27 00:00:00,0,0.0
37.250004,-124.149994,2021-09-27 00:00:00,0,0.0
37.250004,-124.049995,2021-09-27 00:00:00,0,0.0
37.250004,-123.95,2021-09-27 00:00:00,0,0.0
37.250004,-123.84999,2021-09-27 00:00:00,0,0.0
37.250004,-123.75,2021-09-27 00:00:00,0,0.0
37.250004,-123.649994,2021-09-27 00:00:00,0,0.0
37.250004,-123.549995,2021-09-27 00:00:00,0,0.0
37.250004,-123.45,2021-09-27 00:00:00,0,0.0
37.250004,-123.34999,2021-09-27 00:00:00,0,0.0
37.250004,-123.25,2021-09-27 00:00:00,0,0.0
37.250004,-123.149994,2021-09-27 00:00:00,0,0.0
37.250004,-123.049995,2021-09-27 00:00:00,0,0.0
37.250004,-122.95,2021-09-27 00:00:00,0,0.0
37.250004,-122.84999,2021-09-27 00:00:00,0,0.0
37.250004,-122.75,2021-09-27 00:00:00,0,0.0
37.250004,-122.649994,2021-09-27 00:00:00,0,0.0
37.250004,-122.549995,2021-09-27 00:00:00,0,0.0
37.250004,-122.45,2021-09-27 00:00:00,0,0.0
37.250004,-122.34999,2021-09-27 00:00:00,0,0.082820505
37.250004,-122.25,2021-09-27 00:00:00,0,0.0
37.250004,-122.149994,2021-09-27 00:00:00,0,0.0
37.250004,-122.049995,2021-09-27 00:00:00,0,0.0
37.250004,-121.95,2021-09-27 00:00:00,0,0.0
37.250004,-121.84999,2021-09-27 00:00:00,0,0.0
37.250004,-121.75,2021-09-27 00:00:00,0,0.0
37.250004,-121.649994,2021-09-27 00:00:00,0,0.0
37.250004,-121.549995,2021-09-27 00:00:00,0,0.0
37.250004,-121.45,2021-09-27 00:00:00,0,0.0
37.250004,-121.34999,2021-09-27 00:00:00,0,0.0
37.250004,-121.25,2021-09-27 00:00:00,0,0.0
37.250004,-121.149994,2021-09-27 00:00:00,0,0.07475044
37.250004,-121.049995,2021-09-27 00:00:00,0,0.0
37.250004,-120.95,2021-09-27 00:00:00,0,0.0
37.250004,-120.84999,2021-09-27 00:00:00,0,0.0
37.250004,-120.75,2021-09-27 00:00:00,0,0.0
37.250004,-120.649994,2021-09-27 00:00:00,0,0.0
37.250004,-120.549995,2021-09-27 00:00:00,0,0.0
37.250004,-120.45,2021-09-27 00:00:00,0,0.0
37.250004,-120.34999,2021-09-27 00:00:00,0,0.0
37.250004,-120.25,2021-09-27 00:00:00,0,0.0
37.250004,-120.149994,2021-09-27 00:00:00,0,0.0
37.250004,-120.049995,2021-09-27 00:00:00,0,0.0
37.250004,-119.95,2021-09-27 00:00:00,0,0.0
37.250004,-119.84999,2021-09-27 00:00:00,0,0.0
37.250004,-119.75,2021-09-27 00:00:00,0,0.0
37.250004,-119.649994,2021-09-27 00:00:00,0,0.0
37.250004,-119.549995,2021-09-27 00:00:00,0,0.0
37.250004,-119.45,2021-09-27 00:00:00,0,0.0
37.250004,-119.34999,2021-09-27 00:00:00,0,0.0
37.250004,-119.25,2021-09-27 00:00:00,0,0.0
37.250004,-119.149994,2021-09-27 00:00:00,0,0.0
37.250004,-119.049995,2021-09-27 00:00:00,0,0.0
37.250004,-118.95,2021-09-27 00:00:00,0,0.0
37.250004,-118.84999,2021-09-27 00:00:00,0,0.0
37.250004,-118.75,2021-09-27 00:00:00,0,0.0
37.250004,-118.649994,2021-09-27 00:00:00,0,0.0
37.250004,-118.549995,2021-09-27 00:00:00,0,0.0
37.250004,-118.45,2021-09-27 00:00:00,0,0.0
37.250004,-118.34999,2021-09-27 00:00:00,0,0.0
37.250004,-118.25,2021-09-27 00:00:00,0,0.0
37.250004,-118.149994,2021-09-27 00:00:00,0,0.0
37.250004,-118.049995,2021-09-27 00:00:00,0,0.0
37.250004,-117.95,2021-09-27 00:00:00,0,0.0
37.250004,-117.84999,2021-09-27 00:00:00,0,0.0
37.250004,-117.75,2021-09-27 00:00:00,0,0.0
37.250004,-117.649994,2021-09-27 00:00:00,0,0.0
37.250004,-117.549995,2021-09-27 00:00:00,0,0.0
37.250004,-117.45,2021-09-27 00:00:00,0,0.0
37.250004,-117.34999,2021-09-27 00:00:00,0,0.0
37.250004,-117.25,2021-09-27 00:00:00,0,0.0
37.250004,-117.149994,2021-09-27 00:00:00,0,0.0
37.250004,-117.049995,2021-09-27 00:00:00,0,0.0
37.250004,-116.95,2021-09-27 00:00:00,0,0.0
37.250004,-116.84999,2021-09-27 00:00:00,0,0.0
37.250004,-116.75,2021-09-27 00:00:00,0,0.0
37.250004,-116.649994,2021-09-27 00:00:00,0,0.0
37.250004,-116.549995,2021-09-27 00:00:00,0,0.0
37.250004,-116.45,2021-09-27 00:00:00,0,0.0
37.250004,-116.34999,2021-09-27 00:00:00,0,0.0
37.250004,-116.25,2021-09-27 00:00:00,0,0.0
37.250004,-116.149994,2021-09-27 00:00:00,0,0.0
37.250004,-116.049995,2021-09-27 00:00:00,0,0.0
37.250004,-115.95,2021-09-27 00:00:00,0,0.0
37.250004,-115.85,2021-09-27 00:00:00,0,0.0
37.250004,-115.74999,2021-09-27 00:00:00,0,0.0
37.250004,-115.649994,2021-09-27 00:00:00,0,0.0
37.250004,-115.549995,2021-09-27 00:00:00,0,0.0
37.250004,-115.45,2021-09-27 00:00:00,0,0.0
37.250004,-115.35,2021-09-27 00:00:00,0,0.0
37.250004,-115.24999,2021-09-27 00:00:00,0,0.0
37.250004,-115.149994,2021-09-27 00:00:00,0,0.0
37.250004,-115.049995,2021-09-27 00:00:00,0,0.0
37.250004,-114.95,2021-09-27 00:00:00,0,0.0
37.250004,-114.85,2021-09-27 00:00:00,0,0.0
37.250004,-114.74999,2021-09-27 00:00:00,0,0.0
37.250004,-114.649994,2021-09-27 00:00:00,0,0.0
37.250004,-114.549995,2021-09-27 00:00:00,0,0.0
37.250004,-114.45,2021-09-27 00:00:00,0,0.0
37.250004,-114.35,2021-09-27 00:00:00,0,0.0
37.250004,-114.24999,2021-09-27 00:00:00,0,0.0
37.350002,-124.34999,2021-09-27 00:00:00,0,0.0
37.350002,-124.25,2021-09-27 00:00:00,0,0.0
37.350002,-124.149994,2021-09-27 00:00:00,0,0.0
37.350002,-124.049995,2021-09-27 00:00:00,0,0.0
37.350002,-123.95,2021-09-27 00:00:00,0,0.0
37.350002,-123.84999,2021-09-27 00:00:00,0,0.0
37.350002,-123.75,2021-09-27 00:00:00,0,0.0
37.350002,-123.649994,2021-09-27 00:00:00,0,0.0
37.350002,-123.549995,2021-09-27 00:00:00,0,0.0
37.350002,-123.45,2021-09-27 00:00:00,0,0.0
37.350002,-123.34999,2021-09-27 00:00:00,0,0.0
37.350002,-123.25,2021-09-27 00:00:00,0,0.0
37.350002,-123.149994,2021-09-27 00:00:00,0,0.0
37.350002,-123.049995,2021-09-27 00:00:00,0,0.0
37.350002,-122.95,2021-09-27 00:00:00,0,0.0
37.350002,-122.84999,2021-09-27 00:00:00,0,0.0
37.350002,-122.75,2021-09-27 00:00:00,0,0.0
37.350002,-122.649994,2021-09-27 00:00:00,0,0.0
37.350002,-122.549995,2021-09-27 00:00:00,0,0.0
37.350002,-122.45,2021-09-27 00:00:00,0,0.0
37.350002,-122.34999,2021-09-27 00:00:00,0,0.014185426
37.350002,-122.25,2021-09-27 00:00:00,0,0.0
37.350002,-122.149994,2021-09-27 00:00:00,0,0.0
37.350002,-122.049995,2021-09-27 00:00:00,0,0.0
37.350002,-121.95,2021-09-27 00:00:00,0,0.0
37.350002,-121.84999,2021-09-27 00:00:00,0,0.0
37.350002,-121.75,2021-09-27 00:00:00,0,0.0
37.350002,-121.649994,2021-09-27 00:00:00,0,0.0
37.350002,-121.549995,2021-09-27 00:00:00,0,0.0
37.350002,-121.45,2021-09-27 00:00:00,0,0.0
37.350002,-121.34999,2021-09-27 00:00:00,0,0.04371787
37.350002,-121.25,2021-09-27 00:00:00,0,0.25736803
37.350002,-121.149994,2021-09-27 00:00:00,0,0.0
37.350002,-121.049995,2021-09-27 00:00:00,0,0.0
37.350002,-120.95,2021-09-27 00:00:00,0,0.0
37.350002,-120.84999,2021-09-27 00:00:00,0,0.0
37.350002,-120.75,2021-09-27 00:00:00,0,0.0
37.350002,-120.649994,2021-09-27 00:00:00,0,0.0
37.350002,-120.549995,2021-09-27 00:00:00,0,0.0
37.350002,-120.45,2021-09-27 00:00:00,0,0.0
37.350002,-120.34999,2021-09-27 00:00:00,0,0.0
37.350002,-120.25,2021-09-27 00:00:00,0,0.0
37.350002,-120.149994,2021-09-27 00:00:00,0,0.0
37.350002,-120.049995,2021-09-27 00:00:00,0,0.0
37.350002,-119.95,2021-09-27 00:00:00,0,0.0
37.350002,-119.84999,2021-09-27 00:00:00,0,0.0
37.350002,-119.75,2021-09-27 00:00:00,0,0.0
37.350002,-119.649994,2021-09-27 00:00:00,0,0.0
37.350002,-119.549995,2021-09-27 00:00:00,0,0.0
37.350002,-119.45,2021-09-27 00:00:00,0,0.0
37.350002,-119.34999,2021-09-27 00:00:00,0,0.0
37.350002,-119.25,2021-09-27 00:00:00,0,0.0
37.350002,-119.149994,2021-09-27 00:00:00,0,0.0
37.350002,-119.049995,2021-09-27 00:00:00,0,0.0
37.350002,-118.95,2021-09-27 00:00:00,0,0.0
37.350002,-118.84999,2021-09-27 00:00:00,0,0.0
37.350002,-118.75,2021-09-27 00:00:00,0,0.0
37.350002,-118.649994,2021-09-27 00:00:00,0,0.0
37.350002,-118.549995,2021-09-27 00:00:00,0,0.0
37.350002,-118.45,2021-09-27 00:00:00,0,0.0
37.350002,-118.34999,2021-09-27 00:00:00,0,0.0
37.350002,-118.25,2021-09-27 00:00:00,0,0.0
37.350002,-118.149994,2021-09-27 00:00:00,0,0.0
37.350002,-118.049995,2021-09-27 00:00:00,0,0.0
37.350002,-117.95,2021-09-27 00:00:00,0,0.0
37.350002,-117.84999,2021-09-27 00:00:00,0,0.0
37.350002,-117.75,2021-09-27 00:00:00,0,0.0
37.350002,-117.649994,2021-09-27 00:00:00,0,0.0
37.350002,-117.549995,2021-09-27 00:00:00,0,0.0
37.350002,-117.45,2021-09-27 00:00:00,0,0.0
37.350002,-117.34999,2021-09-27 00:00:00,0,0.0
37.350002,-117.25,2021-09-27 00:00:00,0,0.0
37.350002,-117.149994,2021-09-27 00:00:00,0,0.0
37.350002,-117.049995,2021-09-27 00:00:00,0,0.0
37.350002,-116.95,2021-09-27 00:00:00,0,0.0
37.350002,-116.84999,2021-09-27 00:00:00,0,0.0
37.350002,-116.75,2021-09-27 00:00:00,0,0.0
37.350002,-116.649994,2021-09-27 00:00:00,0,0.0
37.350002,-116.549995,2021-09-27 00:00:00,0,0.0
37.350002,-116.45,2021-09-27 00:00:00,0,0.0
37.350002,-116.34999,2021-09-27 00:00:00,0,0.0
37.350002,-116.25,2021-09-27 00:00:00,0,0.0
37.350002,-116.149994,2021-09-27 00:00:00,0,0.0
37.350002,-116.049995,2021-09-27 00:00:00,0,0.0
37.350002,-115.95,2021-09-27 00:00:00,0,0.0
37.350002,-115.85,2021-09-27 00:00:00,0,0.0
37.350002,-115.74999,2021-09-27 00:00:00,0,0.0
37.350002,-115.649994,2021-09-27 00:00:00,0,0.0
37.350002,-115.549995,2021-09-27 00:00:00,0,0.0
37.350002,-115.45,2021-09-27 00:00:00,0,0.0
37.350002,-115.35,2021-09-27 00:00:00,0,0.0
37.350002,-115.24999,2021-09-27 00:00:00,0,0.0
37.350002,-115.149994,2021-09-27 00:00:00,0,0.0
37.350002,-115.049995,2021-09-27 00:00:00,0,0.0
37.350002,-114.95,2021-09-27 00:00:00,0,0.0
37.350002,-114.85,2021-09-27 00:00:00,0,0.0
37.350002,-114.74999,2021-09-27 00:00:00,0,0.0
37.350002,-114.649994,2021-09-27 00:00:00,0,0.0
37.350002,-114.549995,2021-09-27 00:00:00,0,0.0
37.350002,-114.45,2021-09-27 00:00:00,0,0.0
37.350002,-114.35,2021-09-27 00:00:00,0,0.0
37.350002,-114.24999,2021-09-27 00:00:00,0,0.0
37.45,-124.34999,2021-09-27 00:00:00,0,0.0
37.45,-124.25,2021-09-27 00:00:00,0,0.0
37.45,-124.149994,2021-09-27 00:00:00,0,0.0
37.45,-124.049995,2021-09-27 00:00:00,0,0.0
37.45,-123.95,2021-09-27 00:00:00,0,0.0
37.45,-123.84999,2021-09-27 00:00:00,0,0.0
37.45,-123.75,2021-09-27 00:00:00,0,0.0
37.45,-123.649994,2021-09-27 00:00:00,0,0.0
37.45,-123.549995,2021-09-27 00:00:00,0,0.0
37.45,-123.45,2021-09-27 00:00:00,0,0.0
37.45,-123.34999,2021-09-27 00:00:00,0,0.0
37.45,-123.25,2021-09-27 00:00:00,0,0.0
37.45,-123.149994,2021-09-27 00:00:00,0,0.0
37.45,-123.049995,2021-09-27 00:00:00,0,0.0
37.45,-122.95,2021-09-27 00:00:00,0,0.0
37.45,-122.84999,2021-09-27 00:00:00,0,0.0
37.45,-122.75,2021-09-27 00:00:00,0,0.0
37.45,-122.649994,2021-09-27 00:00:00,0,0.0
37.45,-122.549995,2021-09-27 00:00:00,0,0.0
37.45,-122.45,2021-09-27 00:00:00,0,0.0
37.45,-122.34999,2021-09-27 00:00:00,0,0.0
37.45,-122.25,2021-09-27 00:00:00,0,0.00092939875
37.45,-122.149994,2021-09-27 00:00:00,0,0.0
37.45,-122.049995,2021-09-27 00:00:00,0,0.0
37.45,-121.95,2021-09-27 00:00:00,0,0.0
37.45,-121.84999,2021-09-27 00:00:00,0,0.0
37.45,-121.75,2021-09-27 00:00:00,0,0.0
37.45,-121.649994,2021-09-27 00:00:00,0,0.0
37.45,-121.549995,2021-09-27 00:00:00,0,0.0
37.45,-121.45,2021-09-27 00:00:00,0,0.61909664
37.45,-121.34999,2021-09-27 00:00:00,0,0.38
37.45,-121.25,2021-09-27 00:00:00,0,0.0
37.45,-121.149994,2021-09-27 00:00:00,0,0.0
37.45,-121.049995,2021-09-27 00:00:00,0,0.0
37.45,-120.95,2021-09-27 00:00:00,0,0.0
37.45,-120.84999,2021-09-27 00:00:00,0,0.0
37.45,-120.75,2021-09-27 00:00:00,0,0.0
37.45,-120.649994,2021-09-27 00:00:00,0,0.0
37.45,-120.549995,2021-09-27 00:00:00,0,0.0
37.45,-120.45,2021-09-27 00:00:00,0,0.0
37.45,-120.34999,2021-09-27 00:00:00,0,0.0
37.45,-120.25,2021-09-27 00:00:00,0,0.0
37.45,-120.149994,2021-09-27 00:00:00,0,0.0
37.45,-120.049995,2021-09-27 00:00:00,0,0.0
37.45,-119.95,2021-09-27 00:00:00,0,0.0
37.45,-119.84999,2021-09-27 00:00:00,0,0.0
37.45,-119.75,2021-09-27 00:00:00,0,0.0
37.45,-119.649994,2021-09-27 00:00:00,0,0.0
37.45,-119.549995,2021-09-27 00:00:00,0,0.0
37.45,-119.45,2021-09-27 00:00:00,0,0.0
37.45,-119.34999,2021-09-27 00:00:00,0,0.0
37.45,-119.25,2021-09-27 00:00:00,0,0.0
37.45,-119.149994,2021-09-27 00:00:00,0,0.0
37.45,-119.049995,2021-09-27 00:00:00,0,0.0
37.45,-118.95,2021-09-27 00:00:00,0,0.0
37.45,-118.84999,2021-09-27 00:00:00,0,0.0
37.45,-118.75,2021-09-27 00:00:00,0,0.0
37.45,-118.649994,2021-09-27 00:00:00,0,0.0
37.45,-118.549995,2021-09-27 00:00:00,0,0.0
37.45,-118.45,2021-09-27 00:00:00,0,0.0
37.45,-118.34999,2021-09-27 00:00:00,0,0.0
37.45,-118.25,2021-09-27 00:00:00,0,0.0
37.45,-118.149994,2021-09-27 00:00:00,0,0.0
37.45,-118.049995,2021-09-27 00:00:00,0,0.0
37.45,-117.95,2021-09-27 00:00:00,0,0.0
37.45,-117.84999,2021-09-27 00:00:00,0,0.0
37.45,-117.75,2021-09-27 00:00:00,0,0.0
37.45,-117.649994,2021-09-27 00:00:00,0,0.0
37.45,-117.549995,2021-09-27 00:00:00,0,0.0
37.45,-117.45,2021-09-27 00:00:00,0,0.0
37.45,-117.34999,2021-09-27 00:00:00,0,0.0
37.45,-117.25,2021-09-27 00:00:00,0,0.0
37.45,-117.149994,2021-09-27 00:00:00,0,0.0
37.45,-117.049995,2021-09-27 00:00:00,0,0.0
37.45,-116.95,2021-09-27 00:00:00,0,0.0
37.45,-116.84999,2021-09-27 00:00:00,0,0.0
37.45,-116.75,2021-09-27 00:00:00,0,0.0
37.45,-116.649994,2021-09-27 00:00:00,0,0.0
37.45,-116.549995,2021-09-27 00:00:00,0,0.0
37.45,-116.45,2021-09-27 00:00:00,0,0.0
37.45,-116.34999,2021-09-27 00:00:00,0,0.0
37.45,-116.25,2021-09-27 00:00:00,0,0.0
37.45,-116.149994,2021-09-27 00:00:00,0,0.0
37.45,-116.049995,2021-09-27 00:00:00,0,0.0
37.45,-115.95,2021-09-27 00:00:00,0,0.0
37.45,-115.85,2021-09-27 00:00:00,0,0.0
37.45,-115.74999,2021-09-27 00:00:00,0,0.0
37.45,-115.649994,2021-09-27 00:00:00,0,0.0
37.45,-115.549995,2021-09-27 00:00:00,0,0.0
37.45,-115.45,2021-09-27 00:00:00,0,0.0
37.45,-115.35,2021-09-27 00:00:00,0,0.0
37.45,-115.24999,2021-09-27 00:00:00,0,0.0
37.45,-115.149994,2021-09-27 00:00:00,0,0.0
37.45,-115.049995,2021-09-27 00:00:00,0,0.0
37.45,-114.95,2021-09-27 00:00:00,0,0.0
37.45,-114.85,2021-09-27 00:00:00,0,0.0
37.45,-114.74999,2021-09-27 00:00:00,0,0.0
37.45,-114.649994,2021-09-27 00:00:00,0,0.0
37.45,-114.549995,2021-09-27 00:00:00,0,0.0
37.45,-114.45,2021-09-27 00:00:00,0,0.0
37.45,-114.35,2021-09-27 00:00:00,0,0.0
37.45,-114.24999,2021-09-27 00:00:00,0,0.0
37.55,-124.34999,2021-09-27 00:00:00,0,0.0
37.55,-124.25,2021-09-27 00:00:00,0,0.0
37.55,-124.149994,2021-09-27 00:00:00,0,0.0
37.55,-124.049995,2021-09-27 00:00:00,0,0.0
37.55,-123.95,2021-09-27 00:00:00,0,0.0
37.55,-123.84999,2021-09-27 00:00:00,0,0.0
37.55,-123.75,2021-09-27 00:00:00,0,0.0
37.55,-123.649994,2021-09-27 00:00:00,0,0.0
37.55,-123.549995,2021-09-27 00:00:00,0,0.0
37.55,-123.45,2021-09-27 00:00:00,0,0.0
37.55,-123.34999,2021-09-27 00:00:00,0,0.0
37.55,-123.25,2021-09-27 00:00:00,0,0.0
37.55,-123.149994,2021-09-27 00:00:00,0,0.0
37.55,-123.049995,2021-09-27 00:00:00,0,0.0
37.55,-122.95,2021-09-27 00:00:00,0,0.0
37.55,-122.84999,2021-09-27 00:00:00,0,0.0
37.55,-122.75,2021-09-27 00:00:00,0,0.0
37.55,-122.649994,2021-09-27 00:00:00,0,0.0
37.55,-122.549995,2021-09-27 00:00:00,0,0.0
37.55,-122.45,2021-09-27 00:00:00,0,0.030084495
37.55,-122.34999,2021-09-27 00:00:00,0,0.001718222
37.55,-122.25,2021-09-27 00:00:00,0,0.0
37.55,-122.149994,2021-09-27 00:00:00,0,0.0
37.55,-122.049995,2021-09-27 00:00:00,0,0.0
37.55,-121.95,2021-09-27 00:00:00,0,0.0
37.55,-121.84999,2021-09-27 00:00:00,0,0.0
37.55,-121.75,2021-09-27 00:00:00,0,0.0
37.55,-121.649994,2021-09-27 00:00:00,0,0.0
37.55,-121.549995,2021-09-27 00:00:00,0,0.10497907
37.55,-121.45,2021-09-27 00:00:00,0,0.0
37.55,-121.34999,2021-09-27 00:00:00,0,0.0
37.55,-121.25,2021-09-27 00:00:00,0,0.0
37.55,-121.149994,2021-09-27 00:00:00,0,0.0
37.55,-121.049995,2021-09-27 00:00:00,0,0.0
37.55,-120.95,2021-09-27 00:00:00,0,0.0
37.55,-120.84999,2021-09-27 00:00:00,0,0.0
37.55,-120.75,2021-09-27 00:00:00,0,0.0
37.55,-120.649994,2021-09-27 00:00:00,0,0.0
37.55,-120.549995,2021-09-27 00:00:00,0,0.0
37.55,-120.45,2021-09-27 00:00:00,0,0.0
37.55,-120.34999,2021-09-27 00:00:00,0,0.0
37.55,-120.25,2021-09-27 00:00:00,0,0.0
37.55,-120.149994,2021-09-27 00:00:00,0,0.0
37.55,-120.049995,2021-09-27 00:00:00,0,0.0
37.55,-119.95,2021-09-27 00:00:00,0,0.0
37.55,-119.84999,2021-09-27 00:00:00,0,0.0
37.55,-119.75,2021-09-27 00:00:00,0,0.0
37.55,-119.649994,2021-09-27 00:00:00,0,0.0
37.55,-119.549995,2021-09-27 00:00:00,0,0.0
37.55,-119.45,2021-09-27 00:00:00,0,0.0
37.55,-119.34999,2021-09-27 00:00:00,0,0.0
37.55,-119.25,2021-09-27 00:00:00,0,0.0
37.55,-119.149994,2021-09-27 00:00:00,0,0.0
37.55,-119.049995,2021-09-27 00:00:00,0,0.0
37.55,-118.95,2021-09-27 00:00:00,0,0.0
37.55,-118.84999,2021-09-27 00:00:00,0,0.0
37.55,-118.75,2021-09-27 00:00:00,0,0.0
37.55,-118.649994,2021-09-27 00:00:00,0,0.0
37.55,-118.549995,2021-09-27 00:00:00,0,0.0
37.55,-118.45,2021-09-27 00:00:00,0,0.0
37.55,-118.34999,2021-09-27 00:00:00,0,0.0
37.55,-118.25,2021-09-27 00:00:00,0,0.0
37.55,-118.149994,2021-09-27 00:00:00,0,0.24892846
37.55,-118.049995,2021-09-27 00:00:00,0,0.0
37.55,-117.95,2021-09-27 00:00:00,0,0.0
37.55,-117.84999,2021-09-27 00:00:00,0,0.0
37.55,-117.75,2021-09-27 00:00:00,0,0.0
37.55,-117.649994,2021-09-27 00:00:00,0,0.0
37.55,-117.549995,2021-09-27 00:00:00,0,0.0
37.55,-117.45,2021-09-27 00:00:00,0,0.0
37.55,-117.34999,2021-09-27 00:00:00,0,0.0
37.55,-117.25,2021-09-27 00:00:00,0,0.0
37.55,-117.149994,2021-09-27 00:00:00,0,0.0
37.55,-117.049995,2021-09-27 00:00:00,0,0.0
37.55,-116.95,2021-09-27 00:00:00,0,0.0
37.55,-116.84999,2021-09-27 00:00:00,0,0.0
37.55,-116.75,2021-09-27 00:00:00,0,0.0
37.55,-116.649994,2021-09-27 00:00:00,0,0.0
37.55,-116.549995,2021-09-27 00:00:00,0,0.0
37.55,-116.45,2021-09-27 00:00:00,0,0.0
37.55,-116.34999,2021-09-27 00:00:00,0,0.0
37.55,-116.25,2021-09-27 00:00:00,0,0.0
37.55,-116.149994,2021-09-27 00:00:00,0,0.0
37.55,-116.049995,2021-09-27 00:00:00,0,0.0
37.55,-115.95,2021-09-27 00:00:00,0,0.0
37.55,-115.85,2021-09-27 00:00:00,0,0.0
37.55,-115.74999,2021-09-27 00:00:00,0,0.0
37.55,-115.649994,2021-09-27 00:00:00,0,0.0
37.55,-115.549995,2021-09-27 00:00:00,0,0.0
37.55,-115.45,2021-09-27 00:00:00,0,0.0
37.55,-115.35,2021-09-27 00:00:00,0,0.0
37.55,-115.24999,2021-09-27 00:00:00,0,0.0
37.55,-115.149994,2021-09-27 00:00:00,0,0.0
37.55,-115.049995,2021-09-27 00:00:00,0,0.0
37.55,-114.95,2021-09-27 00:00:00,0,0.0
37.55,-114.85,2021-09-27 00:00:00,0,0.0
37.55,-114.74999,2021-09-27 00:00:00,0,0.0
37.55,-114.649994,2021-09-27 00:00:00,0,0.0
37.55,-114.549995,2021-09-27 00:00:00,0,0.0
37.55,-114.45,2021-09-27 00:00:00,0,0.0
37.55,-114.35,2021-09-27 00:00:00,0,0.0
37.55,-114.24999,2021-09-27 00:00:00,0,0.0
37.649998,-124.34999,2021-09-27 00:00:00,0,0.0
37.649998,-124.25,2021-09-27 00:00:00,0,0.0
37.649998,-124.149994,2021-09-27 00:00:00,0,0.0
37.649998,-124.049995,2021-09-27 00:00:00,0,0.0
37.649998,-123.95,2021-09-27 00:00:00,0,0.0
37.649998,-123.84999,2021-09-27 00:00:00,0,0.0
37.649998,-123.75,2021-09-27 00:00:00,0,0.0
37.649998,-123.649994,2021-09-27 00:00:00,0,0.0
37.649998,-123.549995,2021-09-27 00:00:00,0,0.0
37.649998,-123.45,2021-09-27 00:00:00,0,0.0
37.649998,-123.34999,2021-09-27 00:00:00,0,0.0
37.649998,-123.25,2021-09-27 00:00:00,0,0.0
37.649998,-123.149994,2021-09-27 00:00:00,0,0.0
37.649998,-123.049995,2021-09-27 00:00:00,0,0.0
37.649998,-122.95,2021-09-27 00:00:00,0,0.0
37.649998,-122.84999,2021-09-27 00:00:00,0,0.0
37.649998,-122.75,2021-09-27 00:00:00,0,0.0
37.649998,-122.649994,2021-09-27 00:00:00,0,0.0
37.649998,-122.549995,2021-09-27 00:00:00,0,0.0
37.649998,-122.45,2021-09-27 00:00:00,0,0.0027407622
37.649998,-122.34999,2021-09-27 00:00:00,0,0.0
37.649998,-122.25,2021-09-27 00:00:00,0,0.0
37.649998,-122.149994,2021-09-27 00:00:00,0,0.0
37.649998,-122.049995,2021-09-27 00:00:00,0,0.0
37.649998,-121.95,2021-09-27 00:00:00,0,0.0
37.649998,-121.84999,2021-09-27 00:00:00,0,0.0
37.649998,-121.75,2021-09-27 00:00:00,0,0.0
37.649998,-121.649994,2021-09-27 00:00:00,0,0.155
37.649998,-121.549995,2021-09-27 00:00:00,0,0.13994911
37.649998,-121.45,2021-09-27 00:00:00,0,0.0
37.649998,-121.34999,2021-09-27 00:00:00,0,0.023974314
37.649998,-121.25,2021-09-27 00:00:00,0,0.0
37.649998,-121.149994,2021-09-27 00:00:00,0,0.0
37.649998,-121.049995,2021-09-27 00:00:00,0,0.0
37.649998,-120.95,2021-09-27 00:00:00,0,0.0
37.649998,-120.84999,2021-09-27 00:00:00,0,0.0
37.649998,-120.75,2021-09-27 00:00:00,0,0.0
37.649998,-120.649994,2021-09-27 00:00:00,0,0.0
37.649998,-120.549995,2021-09-27 00:00:00,0,0.0
37.649998,-120.45,2021-09-27 00:00:00,0,0.0
37.649998,-120.34999,2021-09-27 00:00:00,0,0.0
37.649998,-120.25,2021-09-27 00:00:00,0,0.0
37.649998,-120.149994,2021-09-27 00:00:00,0,0.0
37.649998,-120.049995,2021-09-27 00:00:00,0,0.0
37.649998,-119.95,2021-09-27 00:00:00,0,0.0
37.649998,-119.84999,2021-09-27 00:00:00,0,0.0
37.649998,-119.75,2021-09-27 00:00:00,0,0.0
37.649998,-119.649994,2021-09-27 00:00:00,0,0.0
37.649998,-119.549995,2021-09-27 00:00:00,0,0.0
37.649998,-119.45,2021-09-27 00:00:00,0,0.0
37.649998,-119.34999,2021-09-27 00:00:00,0,0.004927845
37.649998,-119.25,2021-09-27 00:00:00,0,0.113432385
37.649998,-119.149994,2021-09-27 00:00:00,0,0.11836023
37.649998,-119.049995,2021-09-27 00:00:00,0,0.0
37.649998,-118.95,2021-09-27 00:00:00,0,0.0
37.649998,-118.84999,2021-09-27 00:00:00,0,0.0
37.649998,-118.75,2021-09-27 00:00:00,0,0.0
37.649998,-118.649994,2021-09-27 00:00:00,0,0.0
37.649998,-118.549995,2021-09-27 00:00:00,0,0.0
37.649998,-118.45,2021-09-27 00:00:00,0,0.0
37.649998,-118.34999,2021-09-27 00:00:00,0,0.0
37.649998,-118.25,2021-09-27 00:00:00,0,0.0
37.649998,-118.149994,2021-09-27 00:00:00,0,0.0
37.649998,-118.049995,2021-09-27 00:00:00,0,0.0
37.649998,-117.95,2021-09-27 00:00:00,0,0.0
37.649998,-117.84999,2021-09-27 00:00:00,0,0.0
37.649998,-117.75,2021-09-27 00:00:00,0,0.0
37.649998,-117.649994,2021-09-27 00:00:00,0,0.0
37.649998,-117.549995,2021-09-27 00:00:00,0,0.0
37.649998,-117.45,2021-09-27 00:00:00,0,0.0
37.649998,-117.34999,2021-09-27 00:00:00,0,0.0
37.649998,-117.25,2021-09-27 00:00:00,0,0.0
37.649998,-117.149994,2021-09-27 00:00:00,0,0.0
37.649998,-117.049995,2021-09-27 00:00:00,0,0.0
37.649998,-116.95,2021-09-27 00:00:00,0,0.0
37.649998,-116.84999,2021-09-27 00:00:00,0,0.0
37.649998,-116.75,2021-09-27 00:00:00,0,0.0
37.649998,-116.649994,2021-09-27 00:00:00,0,0.0
37.649998,-116.549995,2021-09-27 00:00:00,0,0.0
37.649998,-116.45,2021-09-27 00:00:00,0,0.0
37.649998,-116.34999,2021-09-27 00:00:00,0,0.0
37.649998,-116.25,2021-09-27 00:00:00,0,0.0
37.649998,-116.149994,2021-09-27 00:00:00,0,0.0
37.649998,-116.049995,2021-09-27 00:00:00,0,0.0
37.649998,-115.95,2021-09-27 00:00:00,0,0.0
37.649998,-115.85,2021-09-27 00:00:00,0,0.0
37.649998,-115.74999,2021-09-27 00:00:00,0,0.0
37.649998,-115.649994,2021-09-27 00:00:00,0,0.0
37.649998,-115.549995,2021-09-27 00:00:00,0,0.0
37.649998,-115.45,2021-09-27 00:00:00,0,0.0
37.649998,-115.35,2021-09-27 00:00:00,0,0.0
37.649998,-115.24999,2021-09-27 00:00:00,0,0.0
37.649998,-115.149994,2021-09-27 00:00:00,0,0.0
37.649998,-115.049995,2021-09-27 00:00:00,0,0.0
37.649998,-114.95,2021-09-27 00:00:00,0,0.0
37.649998,-114.85,2021-09-27 00:00:00,0,0.0
37.649998,-114.74999,2021-09-27 00:00:00,0,0.0
37.649998,-114.649994,2021-09-27 00:00:00,0,0.0
37.649998,-114.549995,2021-09-27 00:00:00,0,0.0
37.649998,-114.45,2021-09-27 00:00:00,0,0.0
37.649998,-114.35,2021-09-27 00:00:00,0,0.0
37.649998,-114.24999,2021-09-27 00:00:00,0,0.0
37.750004,-124.34999,2021-09-27 00:00:00,0,0.0
37.750004,-124.25,2021-09-27 00:00:00,0,0.0
37.750004,-124.149994,2021-09-27 00:00:00,0,0.0
37.750004,-124.049995,2021-09-27 00:00:00,0,0.0
37.750004,-123.95,2021-09-27 00:00:00,0,0.0
37.750004,-123.84999,2021-09-27 00:00:00,0,0.0
37.750004,-123.75,2021-09-27 00:00:00,0,0.0
37.750004,-123.649994,2021-09-27 00:00:00,0,0.0
37.750004,-123.549995,2021-09-27 00:00:00,0,0.0
37.750004,-123.45,2021-09-27 00:00:00,0,0.0
37.750004,-123.34999,2021-09-27 00:00:00,0,0.0
37.750004,-123.25,2021-09-27 00:00:00,0,0.0
37.750004,-123.149994,2021-09-27 00:00:00,0,0.0
37.750004,-123.049995,2021-09-27 00:00:00,0,0.0
37.750004,-122.95,2021-09-27 00:00:00,0,0.0
37.750004,-122.84999,2021-09-27 00:00:00,0,0.0
37.750004,-122.75,2021-09-27 00:00:00,0,0.0
37.750004,-122.649994,2021-09-27 00:00:00,0,0.0
37.750004,-122.549995,2021-09-27 00:00:00,0,0.0
37.750004,-122.45,2021-09-27 00:00:00,0,0.0
37.750004,-122.34999,2021-09-27 00:00:00,0,0.0
37.750004,-122.25,2021-09-27 00:00:00,0,0.0
37.750004,-122.149994,2021-09-27 00:00:00,0,0.0
37.750004,-122.049995,2021-09-27 00:00:00,0,0.0
37.750004,-121.95,2021-09-27 00:00:00,0,0.0
37.750004,-121.84999,2021-09-27 00:00:00,0,0.0
37.750004,-121.75,2021-09-27 00:00:00,0,0.0
37.750004,-121.649994,2021-09-27 00:00:00,0,0.0
37.750004,-121.549995,2021-09-27 00:00:00,0,0.0
37.750004,-121.45,2021-09-27 00:00:00,0,0.1152357
37.750004,-121.34999,2021-09-27 00:00:00,0,0.0
37.750004,-121.25,2021-09-27 00:00:00,0,0.0
37.750004,-121.149994,2021-09-27 00:00:00,0,0.0
37.750004,-121.049995,2021-09-27 00:00:00,0,0.0
37.750004,-120.95,2021-09-27 00:00:00,0,0.0
37.750004,-120.84999,2021-09-27 00:00:00,0,0.0
37.750004,-120.75,2021-09-27 00:00:00,0,0.0
37.750004,-120.649994,2021-09-27 00:00:00,0,0.0
37.750004,-120.549995,2021-09-27 00:00:00,0,0.0
37.750004,-120.45,2021-09-27 00:00:00,0,0.0
37.750004,-120.34999,2021-09-27 00:00:00,0,0.0
37.750004,-120.25,2021-09-27 00:00:00,0,0.0
37.750004,-120.149994,2021-09-27 00:00:00,0,0.0
37.750004,-120.049995,2021-09-27 00:00:00,0,0.0
37.750004,-119.95,2021-09-27 00:00:00,0,0.0
37.750004,-119.84999,2021-09-27 00:00:00,0,0.0
37.750004,-119.75,2021-09-27 00:00:00,0,0.0
37.750004,-119.649994,2021-09-27 00:00:00,0,0.0
37.750004,-119.549995,2021-09-27 00:00:00,0,0.0
37.750004,-119.45,2021-09-27 00:00:00,0,0.0
37.750004,-119.34999,2021-09-27 00:00:00,0,0.0
37.750004,-119.25,2021-09-27 00:00:00,0,0.0
37.750004,-119.149994,2021-09-27 00:00:00,0,0.0
37.750004,-119.049995,2021-09-27 00:00:00,0,0.0
37.750004,-118.95,2021-09-27 00:00:00,0,0.0
37.750004,-118.84999,2021-09-27 00:00:00,0,0.0
37.750004,-118.75,2021-09-27 00:00:00,0,0.0
37.750004,-118.649994,2021-09-27 00:00:00,0,0.0
37.750004,-118.549995,2021-09-27 00:00:00,0,0.0
37.750004,-118.45,2021-09-27 00:00:00,0,0.0
37.750004,-118.34999,2021-09-27 00:00:00,0,0.0
37.750004,-118.25,2021-09-27 00:00:00,0,0.0610338
37.750004,-118.149994,2021-09-27 00:00:00,0,0.0
37.750004,-118.049995,2021-09-27 00:00:00,0,0.0
37.750004,-117.95,2021-09-27 00:00:00,0,0.0
37.750004,-117.84999,2021-09-27 00:00:00,0,0.0
37.750004,-117.75,2021-09-27 00:00:00,0,0.0
37.750004,-117.649994,2021-09-27 00:00:00,0,0.0
37.750004,-117.549995,2021-09-27 00:00:00,0,0.0
37.750004,-117.45,2021-09-27 00:00:00,0,0.0
37.750004,-117.34999,2021-09-27 00:00:00,0,0.0
37.750004,-117.25,2021-09-27 00:00:00,0,0.0
37.750004,-117.149994,2021-09-27 00:00:00,0,0.0
37.750004,-117.049995,2021-09-27 00:00:00,0,0.0
37.750004,-116.95,2021-09-27 00:00:00,0,0.0
37.750004,-116.84999,2021-09-27 00:00:00,0,0.0
37.750004,-116.75,2021-09-27 00:00:00,0,0.0
37.750004,-116.649994,2021-09-27 00:00:00,0,0.0
37.750004,-116.549995,2021-09-27 00:00:00,0,0.0
37.750004,-116.45,2021-09-27 00:00:00,0,0.0
37.750004,-116.34999,2021-09-27 00:00:00,0,0.0
37.750004,-116.25,2021-09-27 00:00:00,0,0.0
37.750004,-116.149994,2021-09-27 00:00:00,0,0.0
37.750004,-116.049995,2021-09-27 00:00:00,0,0.0
37.750004,-115.95,2021-09-27 00:00:00,0,0.0
37.750004,-115.85,2021-09-27 00:00:00,0,0.0
37.750004,-115.74999,2021-09-27 00:00:00,0,0.0
37.750004,-115.649994,2021-09-27 00:00:00,0,0.0
37.750004,-115.549995,2021-09-27 00:00:00,0,0.0
37.750004,-115.45,2021-09-27 00:00:00,0,0.0
37.750004,-115.35,2021-09-27 00:00:00,0,0.0
37.750004,-115.24999,2021-09-27 00:00:00,0,0.0
37.750004,-115.149994,2021-09-27 00:00:00,0,0.0
37.750004,-115.049995,2021-09-27 00:00:00,0,0.0
37.750004,-114.95,2021-09-27 00:00:00,0,0.0
37.750004,-114.85,2021-09-27 00:00:00,0,0.0
37.750004,-114.74999,2021-09-27 00:00:00,0,0.0
37.750004,-114.649994,2021-09-27 00:00:00,0,0.0
37.750004,-114.549995,2021-09-27 00:00:00,0,0.0
37.750004,-114.45,2021-09-27 00:00:00,0,0.0
37.750004,-114.35,2021-09-27 00:00:00,0,0.0
37.750004,-114.24999,2021-09-27 00:00:00,0,0.0
37.850002,-124.34999,2021-09-27 00:00:00,0,0.0
37.850002,-124.25,2021-09-27 00:00:00,0,0.0
37.850002,-124.149994,2021-09-27 00:00:00,0,0.0
37.850002,-124.049995,2021-09-27 00:00:00,0,0.0
37.850002,-123.95,2021-09-27 00:00:00,0,0.0
37.850002,-123.84999,2021-09-27 00:00:00,0,0.0
37.850002,-123.75,2021-09-27 00:00:00,0,0.0
37.850002,-123.649994,2021-09-27 00:00:00,0,0.0
37.850002,-123.549995,2021-09-27 00:00:00,0,0.0
37.850002,-123.45,2021-09-27 00:00:00,0,0.0
37.850002,-123.34999,2021-09-27 00:00:00,0,0.0
37.850002,-123.25,2021-09-27 00:00:00,0,0.0
37.850002,-123.149994,2021-09-27 00:00:00,0,0.0
37.850002,-123.049995,2021-09-27 00:00:00,0,0.0
37.850002,-122.95,2021-09-27 00:00:00,0,0.0
37.850002,-122.84999,2021-09-27 00:00:00,0,0.0
37.850002,-122.75,2021-09-27 00:00:00,0,0.0
37.850002,-122.649994,2021-09-27 00:00:00,0,0.0
37.850002,-122.549995,2021-09-27 00:00:00,0,0.0
37.850002,-122.45,2021-09-27 00:00:00,0,0.0
37.850002,-122.34999,2021-09-27 00:00:00,0,0.0
37.850002,-122.25,2021-09-27 00:00:00,0,0.0
37.850002,-122.149994,2021-09-27 00:00:00,0,0.0
37.850002,-122.049995,2021-09-27 00:00:00,0,0.0
37.850002,-121.95,2021-09-27 00:00:00,0,0.0
37.850002,-121.84999,2021-09-27 00:00:00,0,0.05708451
37.850002,-121.75,2021-09-27 00:00:00,0,0.0
37.850002,-121.649994,2021-09-27 00:00:00,0,0.0
37.850002,-121.549995,2021-09-27 00:00:00,0,0.17166194
37.850002,-121.45,2021-09-27 00:00:00,0,0.0
37.850002,-121.34999,2021-09-27 00:00:00,0,0.0
37.850002,-121.25,2021-09-27 00:00:00,0,0.0
37.850002,-121.149994,2021-09-27 00:00:00,0,0.0
37.850002,-121.049995,2021-09-27 00:00:00,0,0.0
37.850002,-120.95,2021-09-27 00:00:00,0,0.0
37.850002,-120.84999,2021-09-27 00:00:00,0,0.0
37.850002,-120.75,2021-09-27 00:00:00,0,0.25138432
37.850002,-120.649994,2021-09-27 00:00:00,0,0.0
37.850002,-120.549995,2021-09-27 00:00:00,0,0.0
37.850002,-120.45,2021-09-27 00:00:00,0,0.0
37.850002,-120.34999,2021-09-27 00:00:00,0,0.0
37.850002,-120.25,2021-09-27 00:00:00,0,0.0
37.850002,-120.149994,2021-09-27 00:00:00,0,0.0
37.850002,-120.049995,2021-09-27 00:00:00,0,0.0
37.850002,-119.95,2021-09-27 00:00:00,0,0.0
37.850002,-119.84999,2021-09-27 00:00:00,0,0.0
37.850002,-119.75,2021-09-27 00:00:00,0,0.0
37.850002,-119.649994,2021-09-27 00:00:00,0,0.0
37.850002,-119.549995,2021-09-27 00:00:00,0,0.0
37.850002,-119.45,2021-09-27 00:00:00,0,0.0
37.850002,-119.34999,2021-09-27 00:00:00,0,0.0
37.850002,-119.25,2021-09-27 00:00:00,0,0.0
37.850002,-119.149994,2021-09-27 00:00:00,0,0.0
37.850002,-119.049995,2021-09-27 00:00:00,0,0.0
37.850002,-118.95,2021-09-27 00:00:00,0,0.0
37.850002,-118.84999,2021-09-27 00:00:00,0,0.0
37.850002,-118.75,2021-09-27 00:00:00,0,0.0
37.850002,-118.649994,2021-09-27 00:00:00,0,0.0
37.850002,-118.549995,2021-09-27 00:00:00,0,0.0
37.850002,-118.45,2021-09-27 00:00:00,0,0.0
37.850002,-118.34999,2021-09-27 00:00:00,0,0.0
37.850002,-118.25,2021-09-27 00:00:00,0,0.0
37.850002,-118.149994,2021-09-27 00:00:00,0,0.0
37.850002,-118.049995,2021-09-27 00:00:00,0,0.0
37.850002,-117.95,2021-09-27 00:00:00,0,0.0
37.850002,-117.84999,2021-09-27 00:00:00,0,0.0
37.850002,-117.75,2021-09-27 00:00:00,0,0.0
37.850002,-117.649994,2021-09-27 00:00:00,0,0.0
37.850002,-117.549995,2021-09-27 00:00:00,0,0.0
37.850002,-117.45,2021-09-27 00:00:00,0,0.0
37.850002,-117.34999,2021-09-27 00:00:00,0,0.0
37.850002,-117.25,2021-09-27 00:00:00,0,0.0
37.850002,-117.149994,2021-09-27 00:00:00,0,0.0
37.850002,-117.049995,2021-09-27 00:00:00,0,0.0
37.850002,-116.95,2021-09-27 00:00:00,0,0.0
37.850002,-116.84999,2021-09-27 00:00:00,0,0.0
37.850002,-116.75,2021-09-27 00:00:00,0,0.0
37.850002,-116.649994,2021-09-27 00:00:00,0,0.0
37.850002,-116.549995,2021-09-27 00:00:00,0,0.0
37.850002,-116.45,2021-09-27 00:00:00,0,0.0
37.850002,-116.34999,2021-09-27 00:00:00,0,0.0
37.850002,-116.25,2021-09-27 00:00:00,0,0.0
37.850002,-116.149994,2021-09-27 00:00:00,0,0.0
37.850002,-116.049995,2021-09-27 00:00:00,0,0.0
37.850002,-115.95,2021-09-27 00:00:00,0,0.0
37.850002,-115.85,2021-09-27 00:00:00,0,0.0
37.850002,-115.74999,2021-09-27 00:00:00,0,0.0
37.850002,-115.649994,2021-09-27 00:00:00,0,0.0
37.850002,-115.549995,2021-09-27 00:00:00,0,0.0
37.850002,-115.45,2021-09-27 00:00:00,0,0.0
37.850002,-115.35,2021-09-27 00:00:00,0,0.0
37.850002,-115.24999,2021-09-27 00:00:00,0,0.0
37.850002,-115.149994,2021-09-27 00:00:00,0,0.0
37.850002,-115.049995,2021-09-27 00:00:00,0,0.0
37.850002,-114.95,2021-09-27 00:00:00,0,0.0
37.850002,-114.85,2021-09-27 00:00:00,0,0.0
37.850002,-114.74999,2021-09-27 00:00:00,0,0.0
37.850002,-114.649994,2021-09-27 00:00:00,0,0.0
37.850002,-114.549995,2021-09-27 00:00:00,0,0.0
37.850002,-114.45,2021-09-27 00:00:00,0,0.0
37.850002,-114.35,2021-09-27 00:00:00,0,0.0
37.850002,-114.24999,2021-09-27 00:00:00,0,0.0
37.95,-124.34999,2021-09-27 00:00:00,0,0.0
37.95,-124.25,2021-09-27 00:00:00,0,0.0
37.95,-124.149994,2021-09-27 00:00:00,0,0.0
37.95,-124.049995,2021-09-27 00:00:00,0,0.0
37.95,-123.95,2021-09-27 00:00:00,0,0.0
37.95,-123.84999,2021-09-27 00:00:00,0,0.0
37.95,-123.75,2021-09-27 00:00:00,0,0.0
37.95,-123.649994,2021-09-27 00:00:00,0,0.0
37.95,-123.549995,2021-09-27 00:00:00,0,0.0
37.95,-123.45,2021-09-27 00:00:00,0,0.0
37.95,-123.34999,2021-09-27 00:00:00,0,0.0
37.95,-123.25,2021-09-27 00:00:00,0,0.0
37.95,-123.149994,2021-09-27 00:00:00,0,0.0
37.95,-123.049995,2021-09-27 00:00:00,0,0.0
37.95,-122.95,2021-09-27 00:00:00,0,0.0
37.95,-122.84999,2021-09-27 00:00:00,0,0.0
37.95,-122.75,2021-09-27 00:00:00,0,0.14083022
37.95,-122.649994,2021-09-27 00:00:00,0,0.0623517
37.95,-122.549995,2021-09-27 00:00:00,0,0.0
37.95,-122.45,2021-09-27 00:00:00,0,0.0
37.95,-122.34999,2021-09-27 00:00:00,0,0.0
37.95,-122.25,2021-09-27 00:00:00,0,0.0
37.95,-122.149994,2021-09-27 00:00:00,0,0.0
37.95,-122.049995,2021-09-27 00:00:00,0,0.0
37.95,-121.95,2021-09-27 00:00:00,0,0.0
37.95,-121.84999,2021-09-27 00:00:00,0,0.0
37.95,-121.75,2021-09-27 00:00:00,0,0.0
37.95,-121.649994,2021-09-27 00:00:00,0,0.28141245
37.95,-121.549995,2021-09-27 00:00:00,0,0.0
37.95,-121.45,2021-09-27 00:00:00,0,0.0
37.95,-121.34999,2021-09-27 00:00:00,0,0.0
37.95,-121.25,2021-09-27 00:00:00,0,0.0
37.95,-121.149994,2021-09-27 00:00:00,0,0.0
37.95,-121.049995,2021-09-27 00:00:00,0,0.0
37.95,-120.95,2021-09-27 00:00:00,0,0.0
37.95,-120.84999,2021-09-27 00:00:00,0,0.0
37.95,-120.75,2021-09-27 00:00:00,0,0.0
37.95,-120.649994,2021-09-27 00:00:00,0,0.0
37.95,-120.549995,2021-09-27 00:00:00,0,0.0
37.95,-120.45,2021-09-27 00:00:00,0,0.0
37.95,-120.34999,2021-09-27 00:00:00,0,0.0
37.95,-120.25,2021-09-27 00:00:00,0,0.0
37.95,-120.149994,2021-09-27 00:00:00,0,0.0
37.95,-120.049995,2021-09-27 00:00:00,0,0.0
37.95,-119.95,2021-09-27 00:00:00,0,0.0
37.95,-119.84999,2021-09-27 00:00:00,0,0.0
37.95,-119.75,2021-09-27 00:00:00,0,0.0
37.95,-119.649994,2021-09-27 00:00:00,0,0.0
37.95,-119.549995,2021-09-27 00:00:00,0,0.0
37.95,-119.45,2021-09-27 00:00:00,0,0.0
37.95,-119.34999,2021-09-27 00:00:00,0,0.0
37.95,-119.25,2021-09-27 00:00:00,0,0.0
37.95,-119.149994,2021-09-27 00:00:00,0,0.0
37.95,-119.049995,2021-09-27 00:00:00,0,0.0
37.95,-118.95,2021-09-27 00:00:00,0,0.0
37.95,-118.84999,2021-09-27 00:00:00,0,0.0
37.95,-118.75,2021-09-27 00:00:00,0,0.0
37.95,-118.649994,2021-09-27 00:00:00,0,0.0
37.95,-118.549995,2021-09-27 00:00:00,0,0.0
37.95,-118.45,2021-09-27 00:00:00,0,0.0
37.95,-118.34999,2021-09-27 00:00:00,0,0.0
37.95,-118.25,2021-09-27 00:00:00,0,0.0
37.95,-118.149994,2021-09-27 00:00:00,0,0.0
37.95,-118.049995,2021-09-27 00:00:00,0,0.0
37.95,-117.95,2021-09-27 00:00:00,0,0.0
37.95,-117.84999,2021-09-27 00:00:00,0,0.0
37.95,-117.75,2021-09-27 00:00:00,0,0.0
37.95,-117.649994,2021-09-27 00:00:00,0,0.0
37.95,-117.549995,2021-09-27 00:00:00,0,0.0
37.95,-117.45,2021-09-27 00:00:00,0,0.0
37.95,-117.34999,2021-09-27 00:00:00,0,0.0
37.95,-117.25,2021-09-27 00:00:00,0,0.0
37.95,-117.149994,2021-09-27 00:00:00,0,0.0
37.95,-117.049995,2021-09-27 00:00:00,0,0.0
37.95,-116.95,2021-09-27 00:00:00,0,0.0
37.95,-116.84999,2021-09-27 00:00:00,0,0.0
37.95,-116.75,2021-09-27 00:00:00,0,0.0
37.95,-116.649994,2021-09-27 00:00:00,0,0.0
37.95,-116.549995,2021-09-27 00:00:00,0,0.0
37.95,-116.45,2021-09-27 00:00:00,0,0.0
37.95,-116.34999,2021-09-27 00:00:00,0,0.0
37.95,-116.25,2021-09-27 00:00:00,0,0.0
37.95,-116.149994,2021-09-27 00:00:00,0,0.0
37.95,-116.049995,2021-09-27 00:00:00,0,0.0
37.95,-115.95,2021-09-27 00:00:00,0,0.0
37.95,-115.85,2021-09-27 00:00:00,0,0.0
37.95,-115.74999,2021-09-27 00:00:00,0,0.0
37.95,-115.649994,2021-09-27 00:00:00,0,0.0
37.95,-115.549995,2021-09-27 00:00:00,0,0.0
37.95,-115.45,2021-09-27 00:00:00,0,0.0
37.95,-115.35,2021-09-27 00:00:00,0,0.0
37.95,-115.24999,2021-09-27 00:00:00,0,0.0
37.95,-115.149994,2021-09-27 00:00:00,0,0.0
37.95,-115.049995,2021-09-27 00:00:00,0,0.0
37.95,-114.95,2021-09-27 00:00:00,0,0.0
37.95,-114.85,2021-09-27 00:00:00,0,0.0
37.95,-114.74999,2021-09-27 00:00:00,0,0.0
37.95,-114.649994,2021-09-27 00:00:00,0,0.0
37.95,-114.549995,2021-09-27 00:00:00,0,0.0
37.95,-114.45,2021-09-27 00:00:00,0,0.0
37.95,-114.35,2021-09-27 00:00:00,0,0.0
37.95,-114.24999,2021-09-27 00:00:00,0,0.0
38.05,-124.34999,2021-09-27 00:00:00,0,0.0
38.05,-124.25,2021-09-27 00:00:00,0,0.0
38.05,-124.149994,2021-09-27 00:00:00,0,0.0
38.05,-124.049995,2021-09-27 00:00:00,0,0.0
38.05,-123.95,2021-09-27 00:00:00,0,0.0
38.05,-123.84999,2021-09-27 00:00:00,0,0.0
38.05,-123.75,2021-09-27 00:00:00,0,0.0
38.05,-123.649994,2021-09-27 00:00:00,0,0.0
38.05,-123.549995,2021-09-27 00:00:00,0,0.0
38.05,-123.45,2021-09-27 00:00:00,0,0.0
38.05,-123.34999,2021-09-27 00:00:00,0,0.0
38.05,-123.25,2021-09-27 00:00:00,0,0.0
38.05,-123.149994,2021-09-27 00:00:00,0,0.0
38.05,-123.049995,2021-09-27 00:00:00,0,0.0
38.05,-122.95,2021-09-27 00:00:00,0,0.46809196
38.05,-122.84999,2021-09-27 00:00:00,0,0.31277192
38.05,-122.75,2021-09-27 00:00:00,0,0.09345332
38.05,-122.649994,2021-09-27 00:00:00,0,0.0
38.05,-122.549995,2021-09-27 00:00:00,0,0.0
38.05,-122.45,2021-09-27 00:00:00,0,0.0
38.05,-122.34999,2021-09-27 00:00:00,0,0.0
38.05,-122.25,2021-09-27 00:00:00,0,0.0
38.05,-122.149994,2021-09-27 00:00:00,0,0.0
38.05,-122.049995,2021-09-27 00:00:00,0,0.0
38.05,-121.95,2021-09-27 00:00:00,0,0.0
38.05,-121.84999,2021-09-27 00:00:00,0,1.0893321
38.05,-121.75,2021-09-27 00:00:00,0,0.29
38.05,-121.649994,2021-09-27 00:00:00,0,0.0
38.05,-121.549995,2021-09-27 00:00:00,0,0.0
38.05,-121.45,2021-09-27 00:00:00,0,0.0
38.05,-121.34999,2021-09-27 00:00:00,0,0.0
38.05,-121.25,2021-09-27 00:00:00,0,0.0
38.05,-121.149994,2021-09-27 00:00:00,0,0.0
38.05,-121.049995,2021-09-27 00:00:00,0,0.0
38.05,-120.95,2021-09-27 00:00:00,0,0.0
38.05,-120.84999,2021-09-27 00:00:00,0,0.03384609
38.05,-120.75,2021-09-27 00:00:00,0,0.0
38.05,-120.649994,2021-09-27 00:00:00,0,0.0
38.05,-120.549995,2021-09-27 00:00:00,0,0.0
38.05,-120.45,2021-09-27 00:00:00,0,0.0
38.05,-120.34999,2021-09-27 00:00:00,0,0.0
38.05,-120.25,2021-09-27 00:00:00,0,0.0
38.05,-120.149994,2021-09-27 00:00:00,0,0.0
38.05,-120.049995,2021-09-27 00:00:00,0,0.0
38.05,-119.95,2021-09-27 00:00:00,0,0.0
38.05,-119.84999,2021-09-27 00:00:00,0,0.0
38.05,-119.75,2021-09-27 00:00:00,0,0.0
38.05,-119.649994,2021-09-27 00:00:00,0,0.042932004
38.05,-119.549995,2021-09-27 00:00:00,0,0.0
38.05,-119.45,2021-09-27 00:00:00,0,0.0
38.05,-119.34999,2021-09-27 00:00:00,0,0.0
38.05,-119.25,2021-09-27 00:00:00,0,0.0
38.05,-119.149994,2021-09-27 00:00:00,0,0.0
38.05,-119.049995,2021-09-27 00:00:00,0,0.0
38.05,-118.95,2021-09-27 00:00:00,0,0.0
38.05,-118.84999,2021-09-27 00:00:00,0,0.0
38.05,-118.75,2021-09-27 00:00:00,0,0.0
38.05,-118.649994,2021-09-27 00:00:00,0,0.0
38.05,-118.549995,2021-09-27 00:00:00,0,0.0
38.05,-118.45,2021-09-27 00:00:00,0,0.0
38.05,-118.34999,2021-09-27 00:00:00,0,0.0
38.05,-118.25,2021-09-27 00:00:00,0,0.0
38.05,-118.149994,2021-09-27 00:00:00,0,0.0
38.05,-118.049995,2021-09-27 00:00:00,0,0.0
38.05,-117.95,2021-09-27 00:00:00,0,0.0
38.05,-117.84999,2021-09-27 00:00:00,0,0.0
38.05,-117.75,2021-09-27 00:00:00,0,0.0
38.05,-117.649994,2021-09-27 00:00:00,0,0.0
38.05,-117.549995,2021-09-27 00:00:00,0,0.0
38.05,-117.45,2021-09-27 00:00:00,0,0.0
38.05,-117.34999,2021-09-27 00:00:00,0,0.0
38.05,-117.25,2021-09-27 00:00:00,0,0.0
38.05,-117.149994,2021-09-27 00:00:00,0,0.0
38.05,-117.049995,2021-09-27 00:00:00,0,0.0
38.05,-116.95,2021-09-27 00:00:00,0,0.0
38.05,-116.84999,2021-09-27 00:00:00,0,0.0
38.05,-116.75,2021-09-27 00:00:00,0,0.0
38.05,-116.649994,2021-09-27 00:00:00,0,0.0
38.05,-116.549995,2021-09-27 00:00:00,0,0.0
38.05,-116.45,2021-09-27 00:00:00,0,0.0
38.05,-116.34999,2021-09-27 00:00:00,0,0.0
38.05,-116.25,2021-09-27 00:00:00,0,0.0
38.05,-116.149994,2021-09-27 00:00:00,0,0.0
38.05,-116.049995,2021-09-27 00:00:00,0,0.0
38.05,-115.95,2021-09-27 00:00:00,0,0.0
38.05,-115.85,2021-09-27 00:00:00,0,0.0
38.05,-115.74999,2021-09-27 00:00:00,0,0.0
38.05,-115.649994,2021-09-27 00:00:00,0,0.0
38.05,-115.549995,2021-09-27 00:00:00,0,0.0
38.05,-115.45,2021-09-27 00:00:00,0,0.0
38.05,-115.35,2021-09-27 00:00:00,0,0.0
38.05,-115.24999,2021-09-27 00:00:00,0,0.0
38.05,-115.149994,2021-09-27 00:00:00,0,0.0
38.05,-115.049995,2021-09-27 00:00:00,0,0.0
38.05,-114.95,2021-09-27 00:00:00,0,0.0
38.05,-114.85,2021-09-27 00:00:00,0,0.0
38.05,-114.74999,2021-09-27 00:00:00,0,0.0
38.05,-114.649994,2021-09-27 00:00:00,0,0.0
38.05,-114.549995,2021-09-27 00:00:00,0,0.0
38.05,-114.45,2021-09-27 00:00:00,0,0.0
38.05,-114.35,2021-09-27 00:00:00,0,0.0
38.05,-114.24999,2021-09-27 00:00:00,0,0.0
38.150005,-124.34999,2021-09-27 00:00:00,0,0.0
38.150005,-124.25,2021-09-27 00:00:00,0,0.0
38.150005,-124.149994,2021-09-27 00:00:00,0,0.0
38.150005,-124.049995,2021-09-27 00:00:00,0,0.0
38.150005,-123.95,2021-09-27 00:00:00,0,0.0
38.150005,-123.84999,2021-09-27 00:00:00,0,0.0
38.150005,-123.75,2021-09-27 00:00:00,0,0.0
38.150005,-123.649994,2021-09-27 00:00:00,0,0.0
38.150005,-123.549995,2021-09-27 00:00:00,0,0.0
38.150005,-123.45,2021-09-27 00:00:00,0,0.0
38.150005,-123.34999,2021-09-27 00:00:00,0,0.0
38.150005,-123.25,2021-09-27 00:00:00,0,0.0
38.150005,-123.149994,2021-09-27 00:00:00,0,0.0
38.150005,-123.049995,2021-09-27 00:00:00,0,0.0
38.150005,-122.95,2021-09-27 00:00:00,0,0.5346499
38.150005,-122.84999,2021-09-27 00:00:00,0,0.1613033
38.150005,-122.75,2021-09-27 00:00:00,0,0.0
38.150005,-122.649994,2021-09-27 00:00:00,0,0.0
38.150005,-122.549995,2021-09-27 00:00:00,0,0.0
38.150005,-122.45,2021-09-27 00:00:00,0,0.0
38.150005,-122.34999,2021-09-27 00:00:00,0,0.0
38.150005,-122.25,2021-09-27 00:00:00,0,0.0
38.150005,-122.149994,2021-09-27 00:00:00,0,0.0
38.150005,-122.049995,2021-09-27 00:00:00,0,0.0
38.150005,-121.95,2021-09-27 00:00:00,0,0.0
38.150005,-121.84999,2021-09-27 00:00:00,0,0.076432526
38.150005,-121.75,2021-09-27 00:00:00,0,0.019743552
38.150005,-121.649994,2021-09-27 00:00:00,0,0.0
38.150005,-121.549995,2021-09-27 00:00:00,0,0.0
38.150005,-121.45,2021-09-27 00:00:00,0,0.0
38.150005,-121.34999,2021-09-27 00:00:00,0,0.0
38.150005,-121.25,2021-09-27 00:00:00,0,0.0
38.150005,-121.149994,2021-09-27 00:00:00,0,0.0
38.150005,-121.049995,2021-09-27 00:00:00,0,0.0
38.150005,-120.95,2021-09-27 00:00:00,0,0.0
38.150005,-120.84999,2021-09-27 00:00:00,0,0.30255115
38.150005,-120.75,2021-09-27 00:00:00,0,0.0
38.150005,-120.649994,2021-09-27 00:00:00,0,0.0
38.150005,-120.549995,2021-09-27 00:00:00,0,0.0
38.150005,-120.45,2021-09-27 00:00:00,0,0.0
38.150005,-120.34999,2021-09-27 00:00:00,0,0.0
38.150005,-120.25,2021-09-27 00:00:00,0,0.0
38.150005,-120.149994,2021-09-27 00:00:00,0,0.0
38.150005,-120.049995,2021-09-27 00:00:00,0,0.0
38.150005,-119.95,2021-09-27 00:00:00,0,0.0
38.150005,-119.84999,2021-09-27 00:00:00,0,0.0
38.150005,-119.75,2021-09-27 00:00:00,0,0.0
38.150005,-119.649994,2021-09-27 00:00:00,0,0.08586401
38.150005,-119.549995,2021-09-27 00:00:00,0,0.075218596
38.150005,-119.45,2021-09-27 00:00:00,0,0.0
38.150005,-119.34999,2021-09-27 00:00:00,0,0.0
38.150005,-119.25,2021-09-27 00:00:00,0,0.0
38.150005,-119.149994,2021-09-27 00:00:00,0,0.0
38.150005,-119.049995,2021-09-27 00:00:00,0,0.0
38.150005,-118.95,2021-09-27 00:00:00,0,0.0
38.150005,-118.84999,2021-09-27 00:00:00,0,0.0
38.150005,-118.75,2021-09-27 00:00:00,0,0.0
38.150005,-118.649994,2021-09-27 00:00:00,0,0.0
38.150005,-118.549995,2021-09-27 00:00:00,0,0.0
38.150005,-118.45,2021-09-27 00:00:00,0,0.0
38.150005,-118.34999,2021-09-27 00:00:00,0,0.0
38.150005,-118.25,2021-09-27 00:00:00,0,0.0
38.150005,-118.149994,2021-09-27 00:00:00,0,0.0
38.150005,-118.049995,2021-09-27 00:00:00,0,0.0
38.150005,-117.95,2021-09-27 00:00:00,0,0.0
38.150005,-117.84999,2021-09-27 00:00:00,0,0.0
38.150005,-117.75,2021-09-27 00:00:00,0,0.0
38.150005,-117.649994,2021-09-27 00:00:00,0,0.0
38.150005,-117.549995,2021-09-27 00:00:00,0,0.0
38.150005,-117.45,2021-09-27 00:00:00,0,0.0
38.150005,-117.34999,2021-09-27 00:00:00,0,0.0
38.150005,-117.25,2021-09-27 00:00:00,0,0.0
38.150005,-117.149994,2021-09-27 00:00:00,0,0.0
38.150005,-117.049995,2021-09-27 00:00:00,0,0.0
38.150005,-116.95,2021-09-27 00:00:00,0,0.0
38.150005,-116.84999,2021-09-27 00:00:00,0,0.0
38.150005,-116.75,2021-09-27 00:00:00,0,0.0
38.150005,-116.649994,2021-09-27 00:00:00,0,0.0
38.150005,-116.549995,2021-09-27 00:00:00,0,0.0
38.150005,-116.45,2021-09-27 00:00:00,0,0.0
38.150005,-116.34999,2021-09-27 00:00:00,0,0.0
38.150005,-116.25,2021-09-27 00:00:00,0,0.0
38.150005,-116.149994,2021-09-27 00:00:00,0,0.0
38.150005,-116.049995,2021-09-27 00:00:00,0,0.0
38.150005,-115.95,2021-09-27 00:00:00,0,0.0
38.150005,-115.85,2021-09-27 00:00:00,0,0.0
38.150005,-115.74999,2021-09-27 00:00:00,0,0.0
38.150005,-115.649994,2021-09-27 00:00:00,0,0.0
38.150005,-115.549995,2021-09-27 00:00:00,0,0.0
38.150005,-115.45,2021-09-27 00:00:00,0,0.0
38.150005,-115.35,2021-09-27 00:00:00,0,0.0
38.150005,-115.24999,2021-09-27 00:00:00,0,0.0
38.150005,-115.149994,2021-09-27 00:00:00,0,0.0
38.150005,-115.049995,2021-09-27 00:00:00,0,0.0
38.150005,-114.95,2021-09-27 00:00:00,0,0.0
38.150005,-114.85,2021-09-27 00:00:00,0,0.0
38.150005,-114.74999,2021-09-27 00:00:00,0,0.0
38.150005,-114.649994,2021-09-27 00:00:00,0,0.0
38.150005,-114.549995,2021-09-27 00:00:00,0,0.0
38.150005,-114.45,2021-09-27 00:00:00,0,0.0
38.150005,-114.35,2021-09-27 00:00:00,0,0.0
38.150005,-114.24999,2021-09-27 00:00:00,0,0.0
38.249996,-124.34999,2021-09-27 00:00:00,0,0.0
38.249996,-124.25,2021-09-27 00:00:00,0,0.0
38.249996,-124.149994,2021-09-27 00:00:00,0,0.0
38.249996,-124.049995,2021-09-27 00:00:00,0,0.0
38.249996,-123.95,2021-09-27 00:00:00,0,0.0
38.249996,-123.84999,2021-09-27 00:00:00,0,0.0
38.249996,-123.75,2021-09-27 00:00:00,0,0.0
38.249996,-123.649994,2021-09-27 00:00:00,0,0.0
38.249996,-123.549995,2021-09-27 00:00:00,0,0.0
38.249996,-123.45,2021-09-27 00:00:00,0,0.0
38.249996,-123.34999,2021-09-27 00:00:00,0,0.0
38.249996,-123.25,2021-09-27 00:00:00,0,0.0
38.249996,-123.149994,2021-09-27 00:00:00,0,0.0
38.249996,-123.049995,2021-09-27 00:00:00,0,0.0
38.249996,-122.95,2021-09-27 00:00:00,0,0.2361567
38.249996,-122.84999,2021-09-27 00:00:00,0,0.0
38.249996,-122.75,2021-09-27 00:00:00,0,0.0
38.249996,-122.649994,2021-09-27 00:00:00,0,0.0
38.249996,-122.549995,2021-09-27 00:00:00,0,0.0
38.249996,-122.45,2021-09-27 00:00:00,0,0.0
38.249996,-122.34999,2021-09-27 00:00:00,0,0.0
38.249996,-122.25,2021-09-27 00:00:00,0,0.0
38.249996,-122.149994,2021-09-27 00:00:00,0,0.0
38.249996,-122.049995,2021-09-27 00:00:00,0,0.0
38.249996,-121.95,2021-09-27 00:00:00,0,0.16975102
38.249996,-121.84999,2021-09-27 00:00:00,0,0.04023192
38.249996,-121.75,2021-09-27 00:00:00,0,0.0
38.249996,-121.649994,2021-09-27 00:00:00,0,0.0
38.249996,-121.549995,2021-09-27 00:00:00,0,0.0
38.249996,-121.45,2021-09-27 00:00:00,0,0.0
38.249996,-121.34999,2021-09-27 00:00:00,0,0.0
38.249996,-121.25,2021-09-27 00:00:00,0,0.0
38.249996,-121.149994,2021-09-27 00:00:00,0,0.0
38.249996,-121.049995,2021-09-27 00:00:00,0,0.0
38.249996,-120.95,2021-09-27 00:00:00,0,0.0
38.249996,-120.84999,2021-09-27 00:00:00,0,0.08536482
38.249996,-120.75,2021-09-27 00:00:00,0,0.0
38.249996,-120.649994,2021-09-27 00:00:00,0,0.0
38.249996,-120.549995,2021-09-27 00:00:00,0,0.0
38.249996,-120.45,2021-09-27 00:00:00,0,0.0
38.249996,-120.34999,2021-09-27 00:00:00,0,0.0
38.249996,-120.25,2021-09-27 00:00:00,0,0.0
38.249996,-120.149994,2021-09-27 00:00:00,0,0.0
38.249996,-120.049995,2021-09-27 00:00:00,0,0.0
38.249996,-119.95,2021-09-27 00:00:00,0,0.0
38.249996,-119.84999,2021-09-27 00:00:00,0,0.0
38.249996,-119.75,2021-09-27 00:00:00,0,0.0
38.249996,-119.649994,2021-09-27 00:00:00,0,0.0
38.249996,-119.549995,2021-09-27 00:00:00,0,0.0
38.249996,-119.45,2021-09-27 00:00:00,0,0.0
38.249996,-119.34999,2021-09-27 00:00:00,0,0.0
38.249996,-119.25,2021-09-27 00:00:00,0,0.0
38.249996,-119.149994,2021-09-27 00:00:00,0,0.0
38.249996,-119.049995,2021-09-27 00:00:00,0,0.0
38.249996,-118.95,2021-09-27 00:00:00,0,0.0
38.249996,-118.84999,2021-09-27 00:00:00,0,0.0
38.249996,-118.75,2021-09-27 00:00:00,0,0.0
38.249996,-118.649994,2021-09-27 00:00:00,0,0.0
38.249996,-118.549995,2021-09-27 00:00:00,0,0.0
38.249996,-118.45,2021-09-27 00:00:00,0,0.0
38.249996,-118.34999,2021-09-27 00:00:00,0,0.0
38.249996,-118.25,2021-09-27 00:00:00,0,0.0
38.249996,-118.149994,2021-09-27 00:00:00,0,0.0
38.249996,-118.049995,2021-09-27 00:00:00,0,0.0
38.249996,-117.95,2021-09-27 00:00:00,0,0.0
38.249996,-117.84999,2021-09-27 00:00:00,0,0.0
38.249996,-117.75,2021-09-27 00:00:00,0,0.0
38.249996,-117.649994,2021-09-27 00:00:00,0,0.0
38.249996,-117.549995,2021-09-27 00:00:00,0,0.0
38.249996,-117.45,2021-09-27 00:00:00,0,0.0
38.249996,-117.34999,2021-09-27 00:00:00,0,0.0
38.249996,-117.25,2021-09-27 00:00:00,0,0.0
38.249996,-117.149994,2021-09-27 00:00:00,0,0.0
38.249996,-117.049995,2021-09-27 00:00:00,0,0.0
38.249996,-116.95,2021-09-27 00:00:00,0,0.0
38.249996,-116.84999,2021-09-27 00:00:00,0,0.0
38.249996,-116.75,2021-09-27 00:00:00,0,0.0
38.249996,-116.649994,2021-09-27 00:00:00,0,0.0
38.249996,-116.549995,2021-09-27 00:00:00,0,0.0
38.249996,-116.45,2021-09-27 00:00:00,0,0.0
38.249996,-116.34999,2021-09-27 00:00:00,0,0.0
38.249996,-116.25,2021-09-27 00:00:00,0,0.0
38.249996,-116.149994,2021-09-27 00:00:00,0,0.0
38.249996,-116.049995,2021-09-27 00:00:00,0,0.0
38.249996,-115.95,2021-09-27 00:00:00,0,0.0
38.249996,-115.85,2021-09-27 00:00:00,0,0.0
38.249996,-115.74999,2021-09-27 00:00:00,0,0.0
38.249996,-115.649994,2021-09-27 00:00:00,0,0.0
38.249996,-115.549995,2021-09-27 00:00:00,0,0.0
38.249996,-115.45,2021-09-27 00:00:00,0,0.0
38.249996,-115.35,2021-09-27 00:00:00,0,0.0
38.249996,-115.24999,2021-09-27 00:00:00,0,0.0
38.249996,-115.149994,2021-09-27 00:00:00,0,0.0
38.249996,-115.049995,2021-09-27 00:00:00,0,0.0
38.249996,-114.95,2021-09-27 00:00:00,0,0.0
38.249996,-114.85,2021-09-27 00:00:00,0,0.0
38.249996,-114.74999,2021-09-27 00:00:00,0,0.0
38.249996,-114.649994,2021-09-27 00:00:00,0,0.0
38.249996,-114.549995,2021-09-27 00:00:00,0,0.0
38.249996,-114.45,2021-09-27 00:00:00,0,0.0
38.249996,-114.35,2021-09-27 00:00:00,0,0.0
38.249996,-114.24999,2021-09-27 00:00:00,0,0.0
38.350002,-124.34999,2021-09-27 00:00:00,0,0.0
38.350002,-124.25,2021-09-27 00:00:00,0,0.0
38.350002,-124.149994,2021-09-27 00:00:00,0,0.0
38.350002,-124.049995,2021-09-27 00:00:00,0,0.0
38.350002,-123.95,2021-09-27 00:00:00,0,0.0
38.350002,-123.84999,2021-09-27 00:00:00,0,0.0
38.350002,-123.75,2021-09-27 00:00:00,0,0.0
38.350002,-123.649994,2021-09-27 00:00:00,0,0.0
38.350002,-123.549995,2021-09-27 00:00:00,0,0.0
38.350002,-123.45,2021-09-27 00:00:00,0,0.0
38.350002,-123.34999,2021-09-27 00:00:00,0,0.0
38.350002,-123.25,2021-09-27 00:00:00,0,0.0
38.350002,-123.149994,2021-09-27 00:00:00,0,0.0
38.350002,-123.049995,2021-09-27 00:00:00,0,0.062452897
38.350002,-122.95,2021-09-27 00:00:00,0,0.0
38.350002,-122.84999,2021-09-27 00:00:00,0,0.0
38.350002,-122.75,2021-09-27 00:00:00,0,0.0
38.350002,-122.649994,2021-09-27 00:00:00,0,0.0
38.350002,-122.549995,2021-09-27 00:00:00,0,0.0
38.350002,-122.45,2021-09-27 00:00:00,0,0.0
38.350002,-122.34999,2021-09-27 00:00:00,0,0.0
38.350002,-122.25,2021-09-27 00:00:00,0,0.0
38.350002,-122.149994,2021-09-27 00:00:00,0,0.0
38.350002,-122.049995,2021-09-27 00:00:00,0,0.10836548
38.350002,-121.95,2021-09-27 00:00:00,0,0.065113954
38.350002,-121.84999,2021-09-27 00:00:00,0,0.0
38.350002,-121.75,2021-09-27 00:00:00,0,0.17910223
38.350002,-121.649994,2021-09-27 00:00:00,0,0.0
38.350002,-121.549995,2021-09-27 00:00:00,0,0.0
38.350002,-121.45,2021-09-27 00:00:00,0,0.0
38.350002,-121.34999,2021-09-27 00:00:00,0,0.0
38.350002,-121.25,2021-09-27 00:00:00,0,0.0
38.350002,-121.149994,2021-09-27 00:00:00,0,0.0
38.350002,-121.049995,2021-09-27 00:00:00,0,0.0
38.350002,-120.95,2021-09-27 00:00:00,0,0.0
38.350002,-120.84999,2021-09-27 00:00:00,0,0.0
38.350002,-120.75,2021-09-27 00:00:00,0,0.0
38.350002,-120.649994,2021-09-27 00:00:00,0,0.0
38.350002,-120.549995,2021-09-27 00:00:00,0,0.0
38.350002,-120.45,2021-09-27 00:00:00,0,0.0
38.350002,-120.34999,2021-09-27 00:00:00,0,0.0
38.350002,-120.25,2021-09-27 00:00:00,0,0.0
38.350002,-120.149994,2021-09-27 00:00:00,0,0.0
38.350002,-120.049995,2021-09-27 00:00:00,0,0.0
38.350002,-119.95,2021-09-27 00:00:00,0,0.0
38.350002,-119.84999,2021-09-27 00:00:00,0,0.0
38.350002,-119.75,2021-09-27 00:00:00,0,0.0
38.350002,-119.649994,2021-09-27 00:00:00,0,0.0
38.350002,-119.549995,2021-09-27 00:00:00,0,0.0
38.350002,-119.45,2021-09-27 00:00:00,0,0.0
38.350002,-119.34999,2021-09-27 00:00:00,0,0.0
38.350002,-119.25,2021-09-27 00:00:00,0,0.0
38.350002,-119.149994,2021-09-27 00:00:00,0,0.0
38.350002,-119.049995,2021-09-27 00:00:00,0,0.0
38.350002,-118.95,2021-09-27 00:00:00,0,0.0
38.350002,-118.84999,2021-09-27 00:00:00,0,0.0
38.350002,-118.75,2021-09-27 00:00:00,0,0.0
38.350002,-118.649994,2021-09-27 00:00:00,0,0.0
38.350002,-118.549995,2021-09-27 00:00:00,0,0.0
38.350002,-118.45,2021-09-27 00:00:00,0,0.0
38.350002,-118.34999,2021-09-27 00:00:00,0,0.0
38.350002,-118.25,2021-09-27 00:00:00,0,0.0
38.350002,-118.149994,2021-09-27 00:00:00,0,0.0
38.350002,-118.049995,2021-09-27 00:00:00,0,0.0
38.350002,-117.95,2021-09-27 00:00:00,0,0.0
38.350002,-117.84999,2021-09-27 00:00:00,0,0.0
38.350002,-117.75,2021-09-27 00:00:00,0,0.0
38.350002,-117.649994,2021-09-27 00:00:00,0,0.0
38.350002,-117.549995,2021-09-27 00:00:00,0,0.0
38.350002,-117.45,2021-09-27 00:00:00,0,0.0
38.350002,-117.34999,2021-09-27 00:00:00,0,0.0
38.350002,-117.25,2021-09-27 00:00:00,0,0.0
38.350002,-117.149994,2021-09-27 00:00:00,0,0.0
38.350002,-117.049995,2021-09-27 00:00:00,0,0.0
38.350002,-116.95,2021-09-27 00:00:00,0,0.0
38.350002,-116.84999,2021-09-27 00:00:00,0,0.0
38.350002,-116.75,2021-09-27 00:00:00,0,0.0
38.350002,-116.649994,2021-09-27 00:00:00,0,0.0
38.350002,-116.549995,2021-09-27 00:00:00,0,0.0
38.350002,-116.45,2021-09-27 00:00:00,0,0.0
38.350002,-116.34999,2021-09-27 00:00:00,0,0.0
38.350002,-116.25,2021-09-27 00:00:00,0,0.0
38.350002,-116.149994,2021-09-27 00:00:00,0,0.0
38.350002,-116.049995,2021-09-27 00:00:00,0,0.0
38.350002,-115.95,2021-09-27 00:00:00,0,0.0
38.350002,-115.85,2021-09-27 00:00:00,0,0.0
38.350002,-115.74999,2021-09-27 00:00:00,0,0.0
38.350002,-115.649994,2021-09-27 00:00:00,0,0.0
38.350002,-115.549995,2021-09-27 00:00:00,0,0.0
38.350002,-115.45,2021-09-27 00:00:00,0,0.0
38.350002,-115.35,2021-09-27 00:00:00,0,0.0
38.350002,-115.24999,2021-09-27 00:00:00,0,0.0
38.350002,-115.149994,2021-09-27 00:00:00,0,0.0
38.350002,-115.049995,2021-09-27 00:00:00,0,0.0
38.350002,-114.95,2021-09-27 00:00:00,0,0.0
38.350002,-114.85,2021-09-27 00:00:00,0,0.0
38.350002,-114.74999,2021-09-27 00:00:00,0,0.0
38.350002,-114.649994,2021-09-27 00:00:00,0,0.0
38.350002,-114.549995,2021-09-27 00:00:00,0,0.0
38.350002,-114.45,2021-09-27 00:00:00,0,0.0
38.350002,-114.35,2021-09-27 00:00:00,0,0.0
38.350002,-114.24999,2021-09-27 00:00:00,0,0.0
38.45001,-124.34999,2021-09-27 00:00:00,0,0.0
38.45001,-124.25,2021-09-27 00:00:00,0,0.0
38.45001,-124.149994,2021-09-27 00:00:00,0,0.0
38.45001,-124.049995,2021-09-27 00:00:00,0,0.0
38.45001,-123.95,2021-09-27 00:00:00,0,0.0
38.45001,-123.84999,2021-09-27 00:00:00,0,0.0
38.45001,-123.75,2021-09-27 00:00:00,0,0.0
38.45001,-123.649994,2021-09-27 00:00:00,0,0.0
38.45001,-123.549995,2021-09-27 00:00:00,0,0.0
38.45001,-123.45,2021-09-27 00:00:00,0,0.0
38.45001,-123.34999,2021-09-27 00:00:00,0,0.0
38.45001,-123.25,2021-09-27 00:00:00,0,0.0
38.45001,-123.149994,2021-09-27 00:00:00,0,0.0
38.45001,-123.049995,2021-09-27 00:00:00,0,0.021420427
38.45001,-122.95,2021-09-27 00:00:00,0,0.0
38.45001,-122.84999,2021-09-27 00:00:00,0,0.0
38.45001,-122.75,2021-09-27 00:00:00,0,0.0
38.45001,-122.649994,2021-09-27 00:00:00,0,0.0
38.45001,-122.549995,2021-09-27 00:00:00,0,0.0
38.45001,-122.45,2021-09-27 00:00:00,0,0.0
38.45001,-122.34999,2021-09-27 00:00:00,0,0.0
38.45001,-122.25,2021-09-27 00:00:00,0,0.0
38.45001,-122.149994,2021-09-27 00:00:00,0,0.16
38.45001,-122.049995,2021-09-27 00:00:00,0,0.10047779
38.45001,-121.95,2021-09-27 00:00:00,0,0.0
38.45001,-121.84999,2021-09-27 00:00:00,0,0.24982385
38.45001,-121.75,2021-09-27 00:00:00,0,0.0
38.45001,-121.649994,2021-09-27 00:00:00,0,0.0
38.45001,-121.549995,2021-09-27 00:00:00,0,0.0
38.45001,-121.45,2021-09-27 00:00:00,0,0.0
38.45001,-121.34999,2021-09-27 00:00:00,0,0.0
38.45001,-121.25,2021-09-27 00:00:00,0,0.0
38.45001,-121.149994,2021-09-27 00:00:00,0,0.0
38.45001,-121.049995,2021-09-27 00:00:00,0,0.0
38.45001,-120.95,2021-09-27 00:00:00,0,0.0
38.45001,-120.84999,2021-09-27 00:00:00,0,0.0
38.45001,-120.75,2021-09-27 00:00:00,0,0.0
38.45001,-120.649994,2021-09-27 00:00:00,0,0.0
38.45001,-120.549995,2021-09-27 00:00:00,0,0.0
38.45001,-120.45,2021-09-27 00:00:00,0,0.0
38.45001,-120.34999,2021-09-27 00:00:00,0,0.0
38.45001,-120.25,2021-09-27 00:00:00,0,0.0
38.45001,-120.149994,2021-09-27 00:00:00,0,0.0
38.45001,-120.049995,2021-09-27 00:00:00,0,0.0
38.45001,-119.95,2021-09-27 00:00:00,0,0.0
38.45001,-119.84999,2021-09-27 00:00:00,0,0.0
38.45001,-119.75,2021-09-27 00:00:00,0,0.0
38.45001,-119.649994,2021-09-27 00:00:00,0,0.0
38.45001,-119.549995,2021-09-27 00:00:00,0,0.0
38.45001,-119.45,2021-09-27 00:00:00,0,0.0
38.45001,-119.34999,2021-09-27 00:00:00,0,0.0
38.45001,-119.25,2021-09-27 00:00:00,0,0.0
38.45001,-119.149994,2021-09-27 00:00:00,0,0.0
38.45001,-119.049995,2021-09-27 00:00:00,0,0.0
38.45001,-118.95,2021-09-27 00:00:00,0,0.0
38.45001,-118.84999,2021-09-27 00:00:00,0,0.0
38.45001,-118.75,2021-09-27 00:00:00,0,0.0
38.45001,-118.649994,2021-09-27 00:00:00,0,0.0
38.45001,-118.549995,2021-09-27 00:00:00,0,0.0
38.45001,-118.45,2021-09-27 00:00:00,0,0.0
38.45001,-118.34999,2021-09-27 00:00:00,0,0.0
38.45001,-118.25,2021-09-27 00:00:00,0,0.0
38.45001,-118.149994,2021-09-27 00:00:00,0,0.0
38.45001,-118.049995,2021-09-27 00:00:00,0,0.0
38.45001,-117.95,2021-09-27 00:00:00,0,0.0
38.45001,-117.84999,2021-09-27 00:00:00,0,0.0
38.45001,-117.75,2021-09-27 00:00:00,0,0.0
38.45001,-117.649994,2021-09-27 00:00:00,0,0.0
38.45001,-117.549995,2021-09-27 00:00:00,0,0.0
38.45001,-117.45,2021-09-27 00:00:00,0,0.0
38.45001,-117.34999,2021-09-27 00:00:00,0,0.0
38.45001,-117.25,2021-09-27 00:00:00,0,0.0
38.45001,-117.149994,2021-09-27 00:00:00,0,0.0
38.45001,-117.049995,2021-09-27 00:00:00,0,0.0
38.45001,-116.95,2021-09-27 00:00:00,0,0.0
38.45001,-116.84999,2021-09-27 00:00:00,0,0.0
38.45001,-116.75,2021-09-27 00:00:00,0,0.0
38.45001,-116.649994,2021-09-27 00:00:00,0,0.0
38.45001,-116.549995,2021-09-27 00:00:00,0,0.0
38.45001,-116.45,2021-09-27 00:00:00,0,0.0
38.45001,-116.34999,2021-09-27 00:00:00,0,0.0
38.45001,-116.25,2021-09-27 00:00:00,0,0.0
38.45001,-116.149994,2021-09-27 00:00:00,0,0.0
38.45001,-116.049995,2021-09-27 00:00:00,0,0.0
38.45001,-115.95,2021-09-27 00:00:00,0,0.0
38.45001,-115.85,2021-09-27 00:00:00,0,0.0
38.45001,-115.74999,2021-09-27 00:00:00,0,0.0
38.45001,-115.649994,2021-09-27 00:00:00,0,0.0
38.45001,-115.549995,2021-09-27 00:00:00,0,0.0
38.45001,-115.45,2021-09-27 00:00:00,0,0.0
38.45001,-115.35,2021-09-27 00:00:00,0,0.0
38.45001,-115.24999,2021-09-27 00:00:00,0,0.0
38.45001,-115.149994,2021-09-27 00:00:00,0,0.0
38.45001,-115.049995,2021-09-27 00:00:00,0,0.0
38.45001,-114.95,2021-09-27 00:00:00,0,0.0
38.45001,-114.85,2021-09-27 00:00:00,0,0.0
38.45001,-114.74999,2021-09-27 00:00:00,0,0.0
38.45001,-114.649994,2021-09-27 00:00:00,0,0.0
38.45001,-114.549995,2021-09-27 00:00:00,0,0.0
38.45001,-114.45,2021-09-27 00:00:00,0,0.0
38.45001,-114.35,2021-09-27 00:00:00,0,0.0
38.45001,-114.24999,2021-09-27 00:00:00,0,0.0
38.55,-124.34999,2021-09-27 00:00:00,0,0.0
38.55,-124.25,2021-09-27 00:00:00,0,0.0
38.55,-124.149994,2021-09-27 00:00:00,0,0.0
38.55,-124.049995,2021-09-27 00:00:00,0,0.0
38.55,-123.95,2021-09-27 00:00:00,0,0.0
38.55,-123.84999,2021-09-27 00:00:00,0,0.0
38.55,-123.75,2021-09-27 00:00:00,0,0.0
38.55,-123.649994,2021-09-27 00:00:00,0,0.0
38.55,-123.549995,2021-09-27 00:00:00,0,0.0
38.55,-123.45,2021-09-27 00:00:00,0,0.0
38.55,-123.34999,2021-09-27 00:00:00,0,0.0
38.55,-123.25,2021-09-27 00:00:00,0,0.088610664
38.55,-123.149994,2021-09-27 00:00:00,0,0.0008630375
38.55,-123.049995,2021-09-27 00:00:00,0,0.0
38.55,-122.95,2021-09-27 00:00:00,0,0.0
38.55,-122.84999,2021-09-27 00:00:00,0,0.0
38.55,-122.75,2021-09-27 00:00:00,0,0.0
38.55,-122.649994,2021-09-27 00:00:00,0,0.0
38.55,-122.549995,2021-09-27 00:00:00,0,0.0
38.55,-122.45,2021-09-27 00:00:00,0,0.0017260747
38.55,-122.34999,2021-09-27 00:00:00,0,0.004099428
38.55,-122.25,2021-09-27 00:00:00,0,0.0
38.55,-122.149994,2021-09-27 00:00:00,0,0.044999998
38.55,-122.049995,2021-09-27 00:00:00,0,0.0
38.55,-121.95,2021-09-27 00:00:00,0,0.43007553
38.55,-121.84999,2021-09-27 00:00:00,0,0.0
38.55,-121.75,2021-09-27 00:00:00,0,0.0
38.55,-121.649994,2021-09-27 00:00:00,0,0.0
38.55,-121.549995,2021-09-27 00:00:00,0,0.0
38.55,-121.45,2021-09-27 00:00:00,0,0.0
38.55,-121.34999,2021-09-27 00:00:00,0,0.0
38.55,-121.25,2021-09-27 00:00:00,0,0.0
38.55,-121.149994,2021-09-27 00:00:00,0,0.0
38.55,-121.049995,2021-09-27 00:00:00,0,0.0
38.55,-120.95,2021-09-27 00:00:00,0,0.0
38.55,-120.84999,2021-09-27 00:00:00,0,0.0
38.55,-120.75,2021-09-27 00:00:00,0,0.0
38.55,-120.649994,2021-09-27 00:00:00,0,0.0
38.55,-120.549995,2021-09-27 00:00:00,0,0.0
38.55,-120.45,2021-09-27 00:00:00,0,0.0
38.55,-120.34999,2021-09-27 00:00:00,0,0.0
38.55,-120.25,2021-09-27 00:00:00,0,0.0
38.55,-120.149994,2021-09-27 00:00:00,0,0.0
38.55,-120.049995,2021-09-27 00:00:00,0,0.0
38.55,-119.95,2021-09-27 00:00:00,0,0.0
38.55,-119.84999,2021-09-27 00:00:00,0,0.0
38.55,-119.75,2021-09-27 00:00:00,0,0.0
38.55,-119.649994,2021-09-27 00:00:00,0,0.0
38.55,-119.549995,2021-09-27 00:00:00,0,0.0
38.55,-119.45,2021-09-27 00:00:00,0,0.0
38.55,-119.34999,2021-09-27 00:00:00,0,0.0
38.55,-119.25,2021-09-27 00:00:00,0,0.0
38.55,-119.149994,2021-09-27 00:00:00,0,0.0
38.55,-119.049995,2021-09-27 00:00:00,0,0.0
38.55,-118.95,2021-09-27 00:00:00,0,0.0
38.55,-118.84999,2021-09-27 00:00:00,0,0.0
38.55,-118.75,2021-09-27 00:00:00,0,0.0
38.55,-118.649994,2021-09-27 00:00:00,0,0.0
38.55,-118.549995,2021-09-27 00:00:00,0,0.0
38.55,-118.45,2021-09-27 00:00:00,0,0.0
38.55,-118.34999,2021-09-27 00:00:00,0,0.0
38.55,-118.25,2021-09-27 00:00:00,0,0.0
38.55,-118.149994,2021-09-27 00:00:00,0,0.0
38.55,-118.049995,2021-09-27 00:00:00,0,0.0
38.55,-117.95,2021-09-27 00:00:00,0,0.0
38.55,-117.84999,2021-09-27 00:00:00,0,0.0
38.55,-117.75,2021-09-27 00:00:00,0,0.0
38.55,-117.649994,2021-09-27 00:00:00,0,0.0
38.55,-117.549995,2021-09-27 00:00:00,0,0.0
38.55,-117.45,2021-09-27 00:00:00,0,0.0
38.55,-117.34999,2021-09-27 00:00:00,0,0.0
38.55,-117.25,2021-09-27 00:00:00,0,0.0
38.55,-117.149994,2021-09-27 00:00:00,0,0.0
38.55,-117.049995,2021-09-27 00:00:00,0,0.0
38.55,-116.95,2021-09-27 00:00:00,0,0.0
38.55,-116.84999,2021-09-27 00:00:00,0,0.0
38.55,-116.75,2021-09-27 00:00:00,0,0.0
38.55,-116.649994,2021-09-27 00:00:00,0,0.0
38.55,-116.549995,2021-09-27 00:00:00,0,0.0
38.55,-116.45,2021-09-27 00:00:00,0,0.0
38.55,-116.34999,2021-09-27 00:00:00,0,0.0
38.55,-116.25,2021-09-27 00:00:00,0,0.0
38.55,-116.149994,2021-09-27 00:00:00,0,0.0
38.55,-116.049995,2021-09-27 00:00:00,0,0.0
38.55,-115.95,2021-09-27 00:00:00,0,0.0
38.55,-115.85,2021-09-27 00:00:00,0,0.0
38.55,-115.74999,2021-09-27 00:00:00,0,0.0
38.55,-115.649994,2021-09-27 00:00:00,0,0.0
38.55,-115.549995,2021-09-27 00:00:00,0,0.0
38.55,-115.45,2021-09-27 00:00:00,0,0.0
38.55,-115.35,2021-09-27 00:00:00,0,0.0
38.55,-115.24999,2021-09-27 00:00:00,0,0.0
38.55,-115.149994,2021-09-27 00:00:00,0,0.0
38.55,-115.049995,2021-09-27 00:00:00,0,0.0
38.55,-114.95,2021-09-27 00:00:00,0,0.0
38.55,-114.85,2021-09-27 00:00:00,0,0.0
38.55,-114.74999,2021-09-27 00:00:00,0,0.0
38.55,-114.649994,2021-09-27 00:00:00,0,0.0
38.55,-114.549995,2021-09-27 00:00:00,0,0.0
38.55,-114.45,2021-09-27 00:00:00,0,0.0
38.55,-114.35,2021-09-27 00:00:00,0,0.0
38.55,-114.24999,2021-09-27 00:00:00,0,0.0
38.650005,-124.34999,2021-09-27 00:00:00,0,0.0
38.650005,-124.25,2021-09-27 00:00:00,0,0.0
38.650005,-124.149994,2021-09-27 00:00:00,0,0.0
38.650005,-124.049995,2021-09-27 00:00:00,0,0.0
38.650005,-123.95,2021-09-27 00:00:00,0,0.0
38.650005,-123.84999,2021-09-27 00:00:00,0,0.0
38.650005,-123.75,2021-09-27 00:00:00,0,0.0
38.650005,-123.649994,2021-09-27 00:00:00,0,0.0
38.650005,-123.549995,2021-09-27 00:00:00,0,0.0
38.650005,-123.45,2021-09-27 00:00:00,0,0.0
38.650005,-123.34999,2021-09-27 00:00:00,0,0.047605693
38.650005,-123.25,2021-09-27 00:00:00,0,0.0037904102
38.650005,-123.149994,2021-09-27 00:00:00,0,0.0
38.650005,-123.049995,2021-09-27 00:00:00,0,0.0
38.650005,-122.95,2021-09-27 00:00:00,0,0.0
38.650005,-122.84999,2021-09-27 00:00:00,0,0.0
38.650005,-122.75,2021-09-27 00:00:00,0,0.0
38.650005,-122.649994,2021-09-27 00:00:00,0,0.0
38.650005,-122.549995,2021-09-27 00:00:00,0,0.0
38.650005,-122.45,2021-09-27 00:00:00,0,0.006063935
38.650005,-122.34999,2021-09-27 00:00:00,0,0.06612687
38.650005,-122.25,2021-09-27 00:00:00,0,0.0257801
38.650005,-122.149994,2021-09-27 00:00:00,0,0.0
38.650005,-122.049995,2021-09-27 00:00:00,0,0.635
38.650005,-121.95,2021-09-27 00:00:00,0,0.0
38.650005,-121.84999,2021-09-27 00:00:00,0,0.0
38.650005,-121.75,2021-09-27 00:00:00,0,0.0
38.650005,-121.649994,2021-09-27 00:00:00,0,0.0
38.650005,-121.549995,2021-09-27 00:00:00,0,0.0
38.650005,-121.45,2021-09-27 00:00:00,0,0.0
38.650005,-121.34999,2021-09-27 00:00:00,0,0.0
38.650005,-121.25,2021-09-27 00:00:00,0,0.0
38.650005,-121.149994,2021-09-27 00:00:00,0,0.0
38.650005,-121.049995,2021-09-27 00:00:00,0,0.0
38.650005,-120.95,2021-09-27 00:00:00,0,0.0
38.650005,-120.84999,2021-09-27 00:00:00,0,0.0
38.650005,-120.75,2021-09-27 00:00:00,0,0.0
38.650005,-120.649994,2021-09-27 00:00:00,0,0.0
38.650005,-120.549995,2021-09-27 00:00:00,0,0.0
38.650005,-120.45,2021-09-27 00:00:00,0,0.0
38.650005,-120.34999,2021-09-27 00:00:00,0,0.0
38.650005,-120.25,2021-09-27 00:00:00,0,0.0
38.650005,-120.149994,2021-09-27 00:00:00,0,0.0
38.650005,-120.049995,2021-09-27 00:00:00,0,0.0
38.650005,-119.95,2021-09-27 00:00:00,0,0.0
38.650005,-119.84999,2021-09-27 00:00:00,0,0.0
38.650005,-119.75,2021-09-27 00:00:00,0,0.0
38.650005,-119.649994,2021-09-27 00:00:00,0,0.0
38.650005,-119.549995,2021-09-27 00:00:00,0,0.0
38.650005,-119.45,2021-09-27 00:00:00,0,0.0
38.650005,-119.34999,2021-09-27 00:00:00,0,0.0
38.650005,-119.25,2021-09-27 00:00:00,0,0.0
38.650005,-119.149994,2021-09-27 00:00:00,0,0.0
38.650005,-119.049995,2021-09-27 00:00:00,0,0.0
38.650005,-118.95,2021-09-27 00:00:00,0,0.0
38.650005,-118.84999,2021-09-27 00:00:00,0,0.0
38.650005,-118.75,2021-09-27 00:00:00,0,0.0
38.650005,-118.649994,2021-09-27 00:00:00,0,0.0
38.650005,-118.549995,2021-09-27 00:00:00,0,0.0
38.650005,-118.45,2021-09-27 00:00:00,0,0.0
38.650005,-118.34999,2021-09-27 00:00:00,0,0.0
38.650005,-118.25,2021-09-27 00:00:00,0,0.0
38.650005,-118.149994,2021-09-27 00:00:00,0,0.0
38.650005,-118.049995,2021-09-27 00:00:00,0,0.0
38.650005,-117.95,2021-09-27 00:00:00,0,0.0
38.650005,-117.84999,2021-09-27 00:00:00,0,0.0
38.650005,-117.75,2021-09-27 00:00:00,0,0.0
38.650005,-117.649994,2021-09-27 00:00:00,0,0.0
38.650005,-117.549995,2021-09-27 00:00:00,0,0.0
38.650005,-117.45,2021-09-27 00:00:00,0,0.0
38.650005,-117.34999,2021-09-27 00:00:00,0,0.0
38.650005,-117.25,2021-09-27 00:00:00,0,0.0
38.650005,-117.149994,2021-09-27 00:00:00,0,0.0
38.650005,-117.049995,2021-09-27 00:00:00,0,0.0
38.650005,-116.95,2021-09-27 00:00:00,0,0.0
38.650005,-116.84999,2021-09-27 00:00:00,0,0.0
38.650005,-116.75,2021-09-27 00:00:00,0,0.0
38.650005,-116.649994,2021-09-27 00:00:00,0,0.0
38.650005,-116.549995,2021-09-27 00:00:00,0,0.0
38.650005,-116.45,2021-09-27 00:00:00,0,0.0
38.650005,-116.34999,2021-09-27 00:00:00,0,0.0
38.650005,-116.25,2021-09-27 00:00:00,0,0.0
38.650005,-116.149994,2021-09-27 00:00:00,0,0.0
38.650005,-116.049995,2021-09-27 00:00:00,0,0.0
38.650005,-115.95,2021-09-27 00:00:00,0,0.0
38.650005,-115.85,2021-09-27 00:00:00,0,0.0
38.650005,-115.74999,2021-09-27 00:00:00,0,0.0
38.650005,-115.649994,2021-09-27 00:00:00,0,0.0
38.650005,-115.549995,2021-09-27 00:00:00,0,0.0
38.650005,-115.45,2021-09-27 00:00:00,0,0.0
38.650005,-115.35,2021-09-27 00:00:00,0,0.0
38.650005,-115.24999,2021-09-27 00:00:00,0,0.0
38.650005,-115.149994,2021-09-27 00:00:00,0,0.0
38.650005,-115.049995,2021-09-27 00:00:00,0,0.0
38.650005,-114.95,2021-09-27 00:00:00,0,0.0
38.650005,-114.85,2021-09-27 00:00:00,0,0.0
38.650005,-114.74999,2021-09-27 00:00:00,0,0.0
38.650005,-114.649994,2021-09-27 00:00:00,0,0.0
38.650005,-114.549995,2021-09-27 00:00:00,0,0.0
38.650005,-114.45,2021-09-27 00:00:00,0,0.0
38.650005,-114.35,2021-09-27 00:00:00,0,0.0
38.650005,-114.24999,2021-09-27 00:00:00,0,0.0
38.749996,-124.34999,2021-09-27 00:00:00,0,0.0
38.749996,-124.25,2021-09-27 00:00:00,0,0.0
38.749996,-124.149994,2021-09-27 00:00:00,0,0.0
38.749996,-124.049995,2021-09-27 00:00:00,0,0.0
38.749996,-123.95,2021-09-27 00:00:00,0,0.0
38.749996,-123.84999,2021-09-27 00:00:00,0,0.0
38.749996,-123.75,2021-09-27 00:00:00,0,0.0
38.749996,-123.649994,2021-09-27 00:00:00,0,0.0
38.749996,-123.549995,2021-09-27 00:00:00,0,0.0
38.749996,-123.45,2021-09-27 00:00:00,0,0.08894852
38.749996,-123.34999,2021-09-27 00:00:00,0,0.066195495
38.749996,-123.25,2021-09-27 00:00:00,0,0.0
38.749996,-123.149994,2021-09-27 00:00:00,0,0.0
38.749996,-123.049995,2021-09-27 00:00:00,0,0.0
38.749996,-122.95,2021-09-27 00:00:00,0,0.0
38.749996,-122.84999,2021-09-27 00:00:00,0,0.0
38.749996,-122.75,2021-09-27 00:00:00,0,0.0
38.749996,-122.649994,2021-09-27 00:00:00,0,0.0
38.749996,-122.549995,2021-09-27 00:00:00,0,0.01145327
38.749996,-122.45,2021-09-27 00:00:00,0,0.013600758
38.749996,-122.34999,2021-09-27 00:00:00,0,0.020803683
38.749996,-122.25,2021-09-27 00:00:00,0,0.0
38.749996,-122.149994,2021-09-27 00:00:00,0,0.0
38.749996,-122.049995,2021-09-27 00:00:00,0,0.0
38.749996,-121.95,2021-09-27 00:00:00,0,0.0
38.749996,-121.84999,2021-09-27 00:00:00,0,0.0
38.749996,-121.75,2021-09-27 00:00:00,0,0.0
38.749996,-121.649994,2021-09-27 00:00:00,0,0.0
38.749996,-121.549995,2021-09-27 00:00:00,0,0.0
38.749996,-121.45,2021-09-27 00:00:00,0,0.0
38.749996,-121.34999,2021-09-27 00:00:00,0,0.0
38.749996,-121.25,2021-09-27 00:00:00,0,0.0
38.749996,-121.149994,2021-09-27 00:00:00,0,0.0
38.749996,-121.049995,2021-09-27 00:00:00,0,0.0
38.749996,-120.95,2021-09-27 00:00:00,0,0.0
38.749996,-120.84999,2021-09-27 00:00:00,0,0.0
38.749996,-120.75,2021-09-27 00:00:00,0,0.0
38.749996,-120.649994,2021-09-27 00:00:00,0,0.0
38.749996,-120.549995,2021-09-27 00:00:00,0,0.0
38.749996,-120.45,2021-09-27 00:00:00,0,0.0
38.749996,-120.34999,2021-09-27 00:00:00,0,0.0
38.749996,-120.25,2021-09-27 00:00:00,0,0.0
38.749996,-120.149994,2021-09-27 00:00:00,0,0.0
38.749996,-120.049995,2021-09-27 00:00:00,0,0.0
38.749996,-119.95,2021-09-27 00:00:00,0,0.0
38.749996,-119.84999,2021-09-27 00:00:00,0,0.0
38.749996,-119.75,2021-09-27 00:00:00,0,0.0
38.749996,-119.649994,2021-09-27 00:00:00,0,0.0
38.749996,-119.549995,2021-09-27 00:00:00,0,0.0
38.749996,-119.45,2021-09-27 00:00:00,0,0.0
38.749996,-119.34999,2021-09-27 00:00:00,0,0.0
38.749996,-119.25,2021-09-27 00:00:00,0,0.0
38.749996,-119.149994,2021-09-27 00:00:00,0,0.0
38.749996,-119.049995,2021-09-27 00:00:00,0,0.0
38.749996,-118.95,2021-09-27 00:00:00,0,0.0
38.749996,-118.84999,2021-09-27 00:00:00,0,0.0
38.749996,-118.75,2021-09-27 00:00:00,0,0.0
38.749996,-118.649994,2021-09-27 00:00:00,0,0.0
38.749996,-118.549995,2021-09-27 00:00:00,0,0.0
38.749996,-118.45,2021-09-27 00:00:00,0,0.0
38.749996,-118.34999,2021-09-27 00:00:00,0,0.0
38.749996,-118.25,2021-09-27 00:00:00,0,0.0
38.749996,-118.149994,2021-09-27 00:00:00,0,0.0
38.749996,-118.049995,2021-09-27 00:00:00,0,0.0
38.749996,-117.95,2021-09-27 00:00:00,0,0.0
38.749996,-117.84999,2021-09-27 00:00:00,0,0.0
38.749996,-117.75,2021-09-27 00:00:00,0,0.0
38.749996,-117.649994,2021-09-27 00:00:00,0,0.0
38.749996,-117.549995,2021-09-27 00:00:00,0,0.0
38.749996,-117.45,2021-09-27 00:00:00,0,0.0
38.749996,-117.34999,2021-09-27 00:00:00,0,0.0
38.749996,-117.25,2021-09-27 00:00:00,0,0.0
38.749996,-117.149994,2021-09-27 00:00:00,0,0.0
38.749996,-117.049995,2021-09-27 00:00:00,0,0.0
38.749996,-116.95,2021-09-27 00:00:00,0,0.0
38.749996,-116.84999,2021-09-27 00:00:00,0,0.0
38.749996,-116.75,2021-09-27 00:00:00,0,0.0
38.749996,-116.649994,2021-09-27 00:00:00,0,0.0
38.749996,-116.549995,2021-09-27 00:00:00,0,0.0
38.749996,-116.45,2021-09-27 00:00:00,0,0.0
38.749996,-116.34999,2021-09-27 00:00:00,0,0.0
38.749996,-116.25,2021-09-27 00:00:00,0,0.0
38.749996,-116.149994,2021-09-27 00:00:00,0,0.0
38.749996,-116.049995,2021-09-27 00:00:00,0,0.0
38.749996,-115.95,2021-09-27 00:00:00,0,0.0
38.749996,-115.85,2021-09-27 00:00:00,0,0.0
38.749996,-115.74999,2021-09-27 00:00:00,0,0.0
38.749996,-115.649994,2021-09-27 00:00:00,0,0.0
38.749996,-115.549995,2021-09-27 00:00:00,0,0.0
38.749996,-115.45,2021-09-27 00:00:00,0,0.0
38.749996,-115.35,2021-09-27 00:00:00,0,0.0
38.749996,-115.24999,2021-09-27 00:00:00,0,0.0
38.749996,-115.149994,2021-09-27 00:00:00,0,0.0
38.749996,-115.049995,2021-09-27 00:00:00,0,0.0
38.749996,-114.95,2021-09-27 00:00:00,0,0.0
38.749996,-114.85,2021-09-27 00:00:00,0,0.0
38.749996,-114.74999,2021-09-27 00:00:00,0,0.0
38.749996,-114.649994,2021-09-27 00:00:00,0,0.0
38.749996,-114.549995,2021-09-27 00:00:00,0,0.0
38.749996,-114.45,2021-09-27 00:00:00,0,0.0
38.749996,-114.35,2021-09-27 00:00:00,0,0.0
38.749996,-114.24999,2021-09-27 00:00:00,0,0.0
38.850002,-124.34999,2021-09-27 00:00:00,0,0.0
38.850002,-124.25,2021-09-27 00:00:00,0,0.0
38.850002,-124.149994,2021-09-27 00:00:00,0,0.0
38.850002,-124.049995,2021-09-27 00:00:00,0,0.0
38.850002,-123.95,2021-09-27 00:00:00,0,0.0
38.850002,-123.84999,2021-09-27 00:00:00,0,0.0
38.850002,-123.75,2021-09-27 00:00:00,0,0.0
38.850002,-123.649994,2021-09-27 00:00:00,0,0.0
38.850002,-123.549995,2021-09-27 00:00:00,0,0.14480793
38.850002,-123.45,2021-09-27 00:00:00,0,0.13052705
38.850002,-123.34999,2021-09-27 00:00:00,0,0.0011372133
38.850002,-123.25,2021-09-27 00:00:00,0,0.0
38.850002,-123.149994,2021-09-27 00:00:00,0,0.0
38.850002,-123.049995,2021-09-27 00:00:00,0,0.0
38.850002,-122.95,2021-09-27 00:00:00,0,0.0
38.850002,-122.84999,2021-09-27 00:00:00,0,0.0
38.850002,-122.75,2021-09-27 00:00:00,0,0.0
38.850002,-122.649994,2021-09-27 00:00:00,0,0.040268574
38.850002,-122.549995,2021-09-27 00:00:00,0,0.04781893
38.850002,-122.45,2021-09-27 00:00:00,0,0.005901351
38.850002,-122.34999,2021-09-27 00:00:00,0,0.0
38.850002,-122.25,2021-09-27 00:00:00,0,0.23386234
38.850002,-122.149994,2021-09-27 00:00:00,0,0.0
38.850002,-122.049995,2021-09-27 00:00:00,0,0.0
38.850002,-121.95,2021-09-27 00:00:00,0,0.0
38.850002,-121.84999,2021-09-27 00:00:00,0,0.0
38.850002,-121.75,2021-09-27 00:00:00,0,0.0
38.850002,-121.649994,2021-09-27 00:00:00,0,0.0
38.850002,-121.549995,2021-09-27 00:00:00,0,0.0
38.850002,-121.45,2021-09-27 00:00:00,0,0.0
38.850002,-121.34999,2021-09-27 00:00:00,0,0.0
38.850002,-121.25,2021-09-27 00:00:00,0,0.0
38.850002,-121.149994,2021-09-27 00:00:00,0,0.0
38.850002,-121.049995,2021-09-27 00:00:00,0,0.0
38.850002,-120.95,2021-09-27 00:00:00,0,0.0
38.850002,-120.84999,2021-09-27 00:00:00,0,0.0
38.850002,-120.75,2021-09-27 00:00:00,0,0.0
38.850002,-120.649994,2021-09-27 00:00:00,0,0.0
38.850002,-120.549995,2021-09-27 00:00:00,0,0.0
38.850002,-120.45,2021-09-27 00:00:00,0,0.0
38.850002,-120.34999,2021-09-27 00:00:00,0,0.0
38.850002,-120.25,2021-09-27 00:00:00,0,0.0
38.850002,-120.149994,2021-09-27 00:00:00,0,0.0
38.850002,-120.049995,2021-09-27 00:00:00,0,0.0
38.850002,-119.95,2021-09-27 00:00:00,0,0.0
38.850002,-119.84999,2021-09-27 00:00:00,0,0.0
38.850002,-119.75,2021-09-27 00:00:00,0,0.0
38.850002,-119.649994,2021-09-27 00:00:00,0,0.0
38.850002,-119.549995,2021-09-27 00:00:00,0,0.0
38.850002,-119.45,2021-09-27 00:00:00,0,0.0
38.850002,-119.34999,2021-09-27 00:00:00,0,0.0
38.850002,-119.25,2021-09-27 00:00:00,0,0.0
38.850002,-119.149994,2021-09-27 00:00:00,0,0.0
38.850002,-119.049995,2021-09-27 00:00:00,0,0.0
38.850002,-118.95,2021-09-27 00:00:00,0,0.0
38.850002,-118.84999,2021-09-27 00:00:00,0,0.0
38.850002,-118.75,2021-09-27 00:00:00,0,0.0
38.850002,-118.649994,2021-09-27 00:00:00,0,0.0
38.850002,-118.549995,2021-09-27 00:00:00,0,0.0
38.850002,-118.45,2021-09-27 00:00:00,0,0.0
38.850002,-118.34999,2021-09-27 00:00:00,0,0.0
38.850002,-118.25,2021-09-27 00:00:00,0,0.0
38.850002,-118.149994,2021-09-27 00:00:00,0,0.0
38.850002,-118.049995,2021-09-27 00:00:00,0,0.0
38.850002,-117.95,2021-09-27 00:00:00,0,0.0
38.850002,-117.84999,2021-09-27 00:00:00,0,0.0
38.850002,-117.75,2021-09-27 00:00:00,0,0.0
38.850002,-117.649994,2021-09-27 00:00:00,0,0.0
38.850002,-117.549995,2021-09-27 00:00:00,0,0.0
38.850002,-117.45,2021-09-27 00:00:00,0,0.0
38.850002,-117.34999,2021-09-27 00:00:00,0,0.0
38.850002,-117.25,2021-09-27 00:00:00,0,0.0
38.850002,-117.149994,2021-09-27 00:00:00,0,0.0
38.850002,-117.049995,2021-09-27 00:00:00,0,0.0
38.850002,-116.95,2021-09-27 00:00:00,0,0.0
38.850002,-116.84999,2021-09-27 00:00:00,0,0.0
38.850002,-116.75,2021-09-27 00:00:00,0,0.0
38.850002,-116.649994,2021-09-27 00:00:00,0,0.0
38.850002,-116.549995,2021-09-27 00:00:00,0,0.0
38.850002,-116.45,2021-09-27 00:00:00,0,0.0
38.850002,-116.34999,2021-09-27 00:00:00,0,0.0
38.850002,-116.25,2021-09-27 00:00:00,0,0.0
38.850002,-116.149994,2021-09-27 00:00:00,0,0.0
38.850002,-116.049995,2021-09-27 00:00:00,0,0.0
38.850002,-115.95,2021-09-27 00:00:00,0,0.0
38.850002,-115.85,2021-09-27 00:00:00,0,0.0
38.850002,-115.74999,2021-09-27 00:00:00,0,0.0
38.850002,-115.649994,2021-09-27 00:00:00,0,0.0
38.850002,-115.549995,2021-09-27 00:00:00,0,0.0
38.850002,-115.45,2021-09-27 00:00:00,0,0.0
38.850002,-115.35,2021-09-27 00:00:00,0,0.0
38.850002,-115.24999,2021-09-27 00:00:00,0,0.0
38.850002,-115.149994,2021-09-27 00:00:00,0,0.0
38.850002,-115.049995,2021-09-27 00:00:00,0,0.0
38.850002,-114.95,2021-09-27 00:00:00,0,0.0
38.850002,-114.85,2021-09-27 00:00:00,0,0.0
38.850002,-114.74999,2021-09-27 00:00:00,0,0.0
38.850002,-114.649994,2021-09-27 00:00:00,0,0.0
38.850002,-114.549995,2021-09-27 00:00:00,0,0.0
38.850002,-114.45,2021-09-27 00:00:00,0,0.0
38.850002,-114.35,2021-09-27 00:00:00,0,0.0
38.850002,-114.24999,2021-09-27 00:00:00,0,0.0
38.95001,-124.34999,2021-09-27 00:00:00,0,0.0
38.95001,-124.25,2021-09-27 00:00:00,0,0.0
38.95001,-124.149994,2021-09-27 00:00:00,0,0.0
38.95001,-124.049995,2021-09-27 00:00:00,0,0.0
38.95001,-123.95,2021-09-27 00:00:00,0,0.0
38.95001,-123.84999,2021-09-27 00:00:00,0,0.0
38.95001,-123.75,2021-09-27 00:00:00,0,0.0
38.95001,-123.649994,2021-09-27 00:00:00,0,0.27855867
38.95001,-123.549995,2021-09-27 00:00:00,0,0.26067126
38.95001,-123.45,2021-09-27 00:00:00,0,0.03713827
38.95001,-123.34999,2021-09-27 00:00:00,0,0.0022744266
38.95001,-123.25,2021-09-27 00:00:00,0,0.0022744266
38.95001,-123.149994,2021-09-27 00:00:00,0,0.0
38.95001,-123.049995,2021-09-27 00:00:00,0,0.0
38.95001,-122.95,2021-09-27 00:00:00,0,0.0
38.95001,-122.84999,2021-09-27 00:00:00,0,0.0
38.95001,-122.75,2021-09-27 00:00:00,0,0.06700646
38.95001,-122.649994,2021-09-27 00:00:00,0,0.07957017
38.95001,-122.549995,2021-09-27 00:00:00,0,0.010159264
38.95001,-122.45,2021-09-27 00:00:00,0,0.0
38.95001,-122.34999,2021-09-27 00:00:00,0,0.0
38.95001,-122.25,2021-09-27 00:00:00,0,0.0
38.95001,-122.149994,2021-09-27 00:00:00,0,0.0
38.95001,-122.049995,2021-09-27 00:00:00,0,0.0
38.95001,-121.95,2021-09-27 00:00:00,0,0.0
38.95001,-121.84999,2021-09-27 00:00:00,0,0.0
38.95001,-121.75,2021-09-27 00:00:00,0,0.0
38.95001,-121.649994,2021-09-27 00:00:00,0,0.0
38.95001,-121.549995,2021-09-27 00:00:00,0,0.0
38.95001,-121.45,2021-09-27 00:00:00,0,0.04653837
38.95001,-121.34999,2021-09-27 00:00:00,0,0.0
38.95001,-121.25,2021-09-27 00:00:00,0,0.0
38.95001,-121.149994,2021-09-27 00:00:00,0,0.0
38.95001,-121.049995,2021-09-27 00:00:00,0,0.0
38.95001,-120.95,2021-09-27 00:00:00,0,0.0
38.95001,-120.84999,2021-09-27 00:00:00,0,0.0
38.95001,-120.75,2021-09-27 00:00:00,0,0.0
38.95001,-120.649994,2021-09-27 00:00:00,0,0.0
38.95001,-120.549995,2021-09-27 00:00:00,0,0.0
38.95001,-120.45,2021-09-27 00:00:00,0,0.0
38.95001,-120.34999,2021-09-27 00:00:00,0,0.0
38.95001,-120.25,2021-09-27 00:00:00,0,0.0
38.95001,-120.149994,2021-09-27 00:00:00,0,0.0
38.95001,-120.049995,2021-09-27 00:00:00,0,0.0
38.95001,-119.95,2021-09-27 00:00:00,0,0.0
38.95001,-119.84999,2021-09-27 00:00:00,0,0.0
38.95001,-119.75,2021-09-27 00:00:00,0,0.0
38.95001,-119.649994,2021-09-27 00:00:00,0,0.0
38.95001,-119.549995,2021-09-27 00:00:00,0,0.0
38.95001,-119.45,2021-09-27 00:00:00,0,0.0
38.95001,-119.34999,2021-09-27 00:00:00,0,0.0
38.95001,-119.25,2021-09-27 00:00:00,0,0.0
38.95001,-119.149994,2021-09-27 00:00:00,0,0.0
38.95001,-119.049995,2021-09-27 00:00:00,0,0.0
38.95001,-118.95,2021-09-27 00:00:00,0,0.0
38.95001,-118.84999,2021-09-27 00:00:00,0,0.0
38.95001,-118.75,2021-09-27 00:00:00,0,0.0
38.95001,-118.649994,2021-09-27 00:00:00,0,0.0
38.95001,-118.549995,2021-09-27 00:00:00,0,0.0
38.95001,-118.45,2021-09-27 00:00:00,0,0.0
38.95001,-118.34999,2021-09-27 00:00:00,0,0.0
38.95001,-118.25,2021-09-27 00:00:00,0,0.0
38.95001,-118.149994,2021-09-27 00:00:00,0,0.0
38.95001,-118.049995,2021-09-27 00:00:00,0,0.0
38.95001,-117.95,2021-09-27 00:00:00,0,0.0
38.95001,-117.84999,2021-09-27 00:00:00,0,0.0
38.95001,-117.75,2021-09-27 00:00:00,0,0.0
38.95001,-117.649994,2021-09-27 00:00:00,0,0.0
38.95001,-117.549995,2021-09-27 00:00:00,0,0.0
38.95001,-117.45,2021-09-27 00:00:00,0,0.0
38.95001,-117.34999,2021-09-27 00:00:00,0,0.0
38.95001,-117.25,2021-09-27 00:00:00,0,0.0
38.95001,-117.149994,2021-09-27 00:00:00,0,0.0
38.95001,-117.049995,2021-09-27 00:00:00,0,0.0
38.95001,-116.95,2021-09-27 00:00:00,0,0.0
38.95001,-116.84999,2021-09-27 00:00:00,0,0.0
38.95001,-116.75,2021-09-27 00:00:00,0,0.0
38.95001,-116.649994,2021-09-27 00:00:00,0,0.0
38.95001,-116.549995,2021-09-27 00:00:00,0,0.0
38.95001,-116.45,2021-09-27 00:00:00,0,0.0
38.95001,-116.34999,2021-09-27 00:00:00,0,0.0
38.95001,-116.25,2021-09-27 00:00:00,0,0.0
38.95001,-116.149994,2021-09-27 00:00:00,0,0.0
38.95001,-116.049995,2021-09-27 00:00:00,0,0.0
38.95001,-115.95,2021-09-27 00:00:00,0,0.0
38.95001,-115.85,2021-09-27 00:00:00,0,0.0
38.95001,-115.74999,2021-09-27 00:00:00,0,0.0
38.95001,-115.649994,2021-09-27 00:00:00,0,0.0
38.95001,-115.549995,2021-09-27 00:00:00,0,0.0
38.95001,-115.45,2021-09-27 00:00:00,0,0.0
38.95001,-115.35,2021-09-27 00:00:00,0,0.0
38.95001,-115.24999,2021-09-27 00:00:00,0,0.0
38.95001,-115.149994,2021-09-27 00:00:00,0,0.0
38.95001,-115.049995,2021-09-27 00:00:00,0,0.0
38.95001,-114.95,2021-09-27 00:00:00,0,0.0
38.95001,-114.85,2021-09-27 00:00:00,0,0.0
38.95001,-114.74999,2021-09-27 00:00:00,0,0.0
38.95001,-114.649994,2021-09-27 00:00:00,0,0.0
38.95001,-114.549995,2021-09-27 00:00:00,0,0.0
38.95001,-114.45,2021-09-27 00:00:00,0,0.0
38.95001,-114.35,2021-09-27 00:00:00,0,0.0
38.95001,-114.24999,2021-09-27 00:00:00,0,0.0
39.05,-124.34999,2021-09-27 00:00:00,0,0.0
39.05,-124.25,2021-09-27 00:00:00,0,0.0
39.05,-124.149994,2021-09-27 00:00:00,0,0.0
39.05,-124.049995,2021-09-27 00:00:00,0,0.0
39.05,-123.95,2021-09-27 00:00:00,0,0.0
39.05,-123.84999,2021-09-27 00:00:00,0,0.0
39.05,-123.75,2021-09-27 00:00:00,0,0.0
39.05,-123.649994,2021-09-27 00:00:00,0,0.5881339
39.05,-123.549995,2021-09-27 00:00:00,0,0.08910841
39.05,-123.45,2021-09-27 00:00:00,0,0.03515941
39.05,-123.34999,2021-09-27 00:00:00,0,0.003717595
39.05,-123.25,2021-09-27 00:00:00,0,0.0
39.05,-123.149994,2021-09-27 00:00:00,0,0.0
39.05,-123.049995,2021-09-27 00:00:00,0,0.0
39.05,-122.95,2021-09-27 00:00:00,0,0.0
39.05,-122.84999,2021-09-27 00:00:00,0,0.08
39.05,-122.75,2021-09-27 00:00:00,0,0.095
39.05,-122.649994,2021-09-27 00:00:00,0,2.6137388
39.05,-122.549995,2021-09-27 00:00:00,0,0.0
39.05,-122.45,2021-09-27 00:00:00,0,0.0
39.05,-122.34999,2021-09-27 00:00:00,0,0.0
39.05,-122.25,2021-09-27 00:00:00,0,0.0
39.05,-122.149994,2021-09-27 00:00:00,0,0.0
39.05,-122.049995,2021-09-27 00:00:00,0,0.0
39.05,-121.95,2021-09-27 00:00:00,0,0.0
39.05,-121.84999,2021-09-27 00:00:00,0,0.0
39.05,-121.75,2021-09-27 00:00:00,0,0.0
39.05,-121.649994,2021-09-27 00:00:00,0,0.0
39.05,-121.549995,2021-09-27 00:00:00,0,0.06491486
39.05,-121.45,2021-09-27 00:00:00,0,0.0
39.05,-121.34999,2021-09-27 00:00:00,0,0.0
39.05,-121.25,2021-09-27 00:00:00,0,0.0
39.05,-121.149994,2021-09-27 00:00:00,0,0.0
39.05,-121.049995,2021-09-27 00:00:00,0,0.0
39.05,-120.95,2021-09-27 00:00:00,0,0.0
39.05,-120.84999,2021-09-27 00:00:00,0,0.0
39.05,-120.75,2021-09-27 00:00:00,0,0.0
39.05,-120.649994,2021-09-27 00:00:00,0,0.0
39.05,-120.549995,2021-09-27 00:00:00,0,0.0
39.05,-120.45,2021-09-27 00:00:00,0,0.0
39.05,-120.34999,2021-09-27 00:00:00,0,0.0
39.05,-120.25,2021-09-27 00:00:00,0,0.0
39.05,-120.149994,2021-09-27 00:00:00,0,0.0
39.05,-120.049995,2021-09-27 00:00:00,0,0.0
39.05,-119.95,2021-09-27 00:00:00,0,0.0
39.05,-119.84999,2021-09-27 00:00:00,0,0.0
39.05,-119.75,2021-09-27 00:00:00,0,0.0
39.05,-119.649994,2021-09-27 00:00:00,0,0.0
39.05,-119.549995,2021-09-27 00:00:00,0,0.0
39.05,-119.45,2021-09-27 00:00:00,0,0.0
39.05,-119.34999,2021-09-27 00:00:00,0,0.0
39.05,-119.25,2021-09-27 00:00:00,0,0.0
39.05,-119.149994,2021-09-27 00:00:00,0,0.0
39.05,-119.049995,2021-09-27 00:00:00,0,0.0
39.05,-118.95,2021-09-27 00:00:00,0,0.0
39.05,-118.84999,2021-09-27 00:00:00,0,0.0
39.05,-118.75,2021-09-27 00:00:00,0,0.0
39.05,-118.649994,2021-09-27 00:00:00,0,0.0
39.05,-118.549995,2021-09-27 00:00:00,0,0.0
39.05,-118.45,2021-09-27 00:00:00,0,0.0
39.05,-118.34999,2021-09-27 00:00:00,0,0.0
39.05,-118.25,2021-09-27 00:00:00,0,0.0
39.05,-118.149994,2021-09-27 00:00:00,0,0.0
39.05,-118.049995,2021-09-27 00:00:00,0,0.0
39.05,-117.95,2021-09-27 00:00:00,0,0.0
39.05,-117.84999,2021-09-27 00:00:00,0,0.0
39.05,-117.75,2021-09-27 00:00:00,0,0.0
39.05,-117.649994,2021-09-27 00:00:00,0,0.0
39.05,-117.549995,2021-09-27 00:00:00,0,0.0
39.05,-117.45,2021-09-27 00:00:00,0,0.0
39.05,-117.34999,2021-09-27 00:00:00,0,0.0
39.05,-117.25,2021-09-27 00:00:00,0,0.0
39.05,-117.149994,2021-09-27 00:00:00,0,0.0
39.05,-117.049995,2021-09-27 00:00:00,0,0.0
39.05,-116.95,2021-09-27 00:00:00,0,0.0
39.05,-116.84999,2021-09-27 00:00:00,0,0.0
39.05,-116.75,2021-09-27 00:00:00,0,0.0
39.05,-116.649994,2021-09-27 00:00:00,0,0.0
39.05,-116.549995,2021-09-27 00:00:00,0,0.0
39.05,-116.45,2021-09-27 00:00:00,0,0.0
39.05,-116.34999,2021-09-27 00:00:00,0,0.0
39.05,-116.25,2021-09-27 00:00:00,0,0.0
39.05,-116.149994,2021-09-27 00:00:00,0,0.0
39.05,-116.049995,2021-09-27 00:00:00,0,0.0
39.05,-115.95,2021-09-27 00:00:00,0,0.0
39.05,-115.85,2021-09-27 00:00:00,0,0.0
39.05,-115.74999,2021-09-27 00:00:00,0,0.0
39.05,-115.649994,2021-09-27 00:00:00,0,0.0
39.05,-115.549995,2021-09-27 00:00:00,0,0.0
39.05,-115.45,2021-09-27 00:00:00,0,0.0
39.05,-115.35,2021-09-27 00:00:00,0,0.0
39.05,-115.24999,2021-09-27 00:00:00,0,0.0
39.05,-115.149994,2021-09-27 00:00:00,0,0.0
39.05,-115.049995,2021-09-27 00:00:00,0,0.0
39.05,-114.95,2021-09-27 00:00:00,0,0.0
39.05,-114.85,2021-09-27 00:00:00,0,0.0
39.05,-114.74999,2021-09-27 00:00:00,0,0.0
39.05,-114.649994,2021-09-27 00:00:00,0,0.0
39.05,-114.549995,2021-09-27 00:00:00,0,0.0
39.05,-114.45,2021-09-27 00:00:00,0,0.0
39.05,-114.35,2021-09-27 00:00:00,0,0.0
39.05,-114.24999,2021-09-27 00:00:00,0,0.0
39.150005,-124.34999,2021-09-27 00:00:00,0,0.0
39.150005,-124.25,2021-09-27 00:00:00,0,0.0
39.150005,-124.149994,2021-09-27 00:00:00,0,0.0
39.150005,-124.049995,2021-09-27 00:00:00,0,0.0
39.150005,-123.95,2021-09-27 00:00:00,0,0.0
39.150005,-123.84999,2021-09-27 00:00:00,0,0.0
39.150005,-123.75,2021-09-27 00:00:00,0,0.0
39.150005,-123.649994,2021-09-27 00:00:00,0,0.27361184
39.150005,-123.549995,2021-09-27 00:00:00,0,0.0942803
39.150005,-123.45,2021-09-27 00:00:00,0,0.009066329
39.150005,-123.34999,2021-09-27 00:00:00,0,0.0027881963
39.150005,-123.25,2021-09-27 00:00:00,0,0.0
39.150005,-123.149994,2021-09-27 00:00:00,0,0.0
39.150005,-123.049995,2021-09-27 00:00:00,0,0.0
39.150005,-122.95,2021-09-27 00:00:00,0,0.0
39.150005,-122.84999,2021-09-27 00:00:00,0,0.103591084
39.150005,-122.75,2021-09-27 00:00:00,0,0.12501152
39.150005,-122.649994,2021-09-27 00:00:00,0,0.0
39.150005,-122.549995,2021-09-27 00:00:00,0,0.0
39.150005,-122.45,2021-09-27 00:00:00,0,0.0
39.150005,-122.34999,2021-09-27 00:00:00,0,0.0
39.150005,-122.25,2021-09-27 00:00:00,0,0.0
39.150005,-122.149994,2021-09-27 00:00:00,0,0.0
39.150005,-122.049995,2021-09-27 00:00:00,0,0.00086303754
39.150005,-121.95,2021-09-27 00:00:00,0,0.0
39.150005,-121.84999,2021-09-27 00:00:00,0,0.0
39.150005,-121.75,2021-09-27 00:00:00,0,0.0
39.150005,-121.649994,2021-09-27 00:00:00,0,0.11175191
39.150005,-121.549995,2021-09-27 00:00:00,0,0.0
39.150005,-121.45,2021-09-27 00:00:00,0,0.0
39.150005,-121.34999,2021-09-27 00:00:00,0,0.0
39.150005,-121.25,2021-09-27 00:00:00,0,0.0
39.150005,-121.149994,2021-09-27 00:00:00,0,0.0
39.150005,-121.049995,2021-09-27 00:00:00,0,0.0
39.150005,-120.95,2021-09-27 00:00:00,0,0.0
39.150005,-120.84999,2021-09-27 00:00:00,0,0.0
39.150005,-120.75,2021-09-27 00:00:00,0,0.0
39.150005,-120.649994,2021-09-27 00:00:00,0,0.0
39.150005,-120.549995,2021-09-27 00:00:00,0,0.0
39.150005,-120.45,2021-09-27 00:00:00,0,0.0
39.150005,-120.34999,2021-09-27 00:00:00,0,0.0
39.150005,-120.25,2021-09-27 00:00:00,0,0.0
39.150005,-120.149994,2021-09-27 00:00:00,0,0.0
39.150005,-120.049995,2021-09-27 00:00:00,0,0.0
39.150005,-119.95,2021-09-27 00:00:00,0,0.0
39.150005,-119.84999,2021-09-27 00:00:00,0,0.0
39.150005,-119.75,2021-09-27 00:00:00,0,0.0
39.150005,-119.649994,2021-09-27 00:00:00,0,0.0
39.150005,-119.549995,2021-09-27 00:00:00,0,0.0
39.150005,-119.45,2021-09-27 00:00:00,0,0.0
39.150005,-119.34999,2021-09-27 00:00:00,0,0.0
39.150005,-119.25,2021-09-27 00:00:00,0,0.0
39.150005,-119.149994,2021-09-27 00:00:00,0,0.0
39.150005,-119.049995,2021-09-27 00:00:00,0,0.0
39.150005,-118.95,2021-09-27 00:00:00,0,0.0
39.150005,-118.84999,2021-09-27 00:00:00,0,0.0
39.150005,-118.75,2021-09-27 00:00:00,0,0.0
39.150005,-118.649994,2021-09-27 00:00:00,0,0.0
39.150005,-118.549995,2021-09-27 00:00:00,0,0.0
39.150005,-118.45,2021-09-27 00:00:00,0,0.0
39.150005,-118.34999,2021-09-27 00:00:00,0,0.0
39.150005,-118.25,2021-09-27 00:00:00,0,0.0
39.150005,-118.149994,2021-09-27 00:00:00,0,0.0
39.150005,-118.049995,2021-09-27 00:00:00,0,0.0
39.150005,-117.95,2021-09-27 00:00:00,0,0.0
39.150005,-117.84999,2021-09-27 00:00:00,0,0.0
39.150005,-117.75,2021-09-27 00:00:00,0,0.0
39.150005,-117.649994,2021-09-27 00:00:00,0,0.0
39.150005,-117.549995,2021-09-27 00:00:00,0,0.0
39.150005,-117.45,2021-09-27 00:00:00,0,0.0
39.150005,-117.34999,2021-09-27 00:00:00,0,0.0
39.150005,-117.25,2021-09-27 00:00:00,0,0.0
39.150005,-117.149994,2021-09-27 00:00:00,0,0.0
39.150005,-117.049995,2021-09-27 00:00:00,0,0.0
39.150005,-116.95,2021-09-27 00:00:00,0,0.0
39.150005,-116.84999,2021-09-27 00:00:00,0,0.0
39.150005,-116.75,2021-09-27 00:00:00,0,0.0
39.150005,-116.649994,2021-09-27 00:00:00,0,0.0
39.150005,-116.549995,2021-09-27 00:00:00,0,0.0
39.150005,-116.45,2021-09-27 00:00:00,0,0.0
39.150005,-116.34999,2021-09-27 00:00:00,0,0.0
39.150005,-116.25,2021-09-27 00:00:00,0,0.0
39.150005,-116.149994,2021-09-27 00:00:00,0,0.0
39.150005,-116.049995,2021-09-27 00:00:00,0,0.0
39.150005,-115.95,2021-09-27 00:00:00,0,0.0
39.150005,-115.85,2021-09-27 00:00:00,0,0.0
39.150005,-115.74999,2021-09-27 00:00:00,0,0.0
39.150005,-115.649994,2021-09-27 00:00:00,0,0.0
39.150005,-115.549995,2021-09-27 00:00:00,0,0.0
39.150005,-115.45,2021-09-27 00:00:00,0,0.0
39.150005,-115.35,2021-09-27 00:00:00,0,0.0
39.150005,-115.24999,2021-09-27 00:00:00,0,0.0
39.150005,-115.149994,2021-09-27 00:00:00,0,0.0
39.150005,-115.049995,2021-09-27 00:00:00,0,0.0
39.150005,-114.95,2021-09-27 00:00:00,0,0.0
39.150005,-114.85,2021-09-27 00:00:00,0,0.0
39.150005,-114.74999,2021-09-27 00:00:00,0,0.0
39.150005,-114.649994,2021-09-27 00:00:00,0,0.0
39.150005,-114.549995,2021-09-27 00:00:00,0,0.0
39.150005,-114.45,2021-09-27 00:00:00,0,0.0
39.150005,-114.35,2021-09-27 00:00:00,0,0.0
39.150005,-114.24999,2021-09-27 00:00:00,0,0.0
39.249996,-124.34999,2021-09-27 00:00:00,0,0.0
39.249996,-124.25,2021-09-27 00:00:00,0,0.0
39.249996,-124.149994,2021-09-27 00:00:00,0,0.0
39.249996,-124.049995,2021-09-27 00:00:00,0,0.0
39.249996,-123.95,2021-09-27 00:00:00,0,0.0
39.249996,-123.84999,2021-09-27 00:00:00,0,0.0
39.249996,-123.75,2021-09-27 00:00:00,0,0.48979837
39.249996,-123.649994,2021-09-27 00:00:00,0,0.21235515
39.249996,-123.549995,2021-09-27 00:00:00,0,0.0636434
39.249996,-123.45,2021-09-27 00:00:00,0,0.032881364
39.249996,-123.34999,2021-09-27 00:00:00,0,0.0
39.249996,-123.25,2021-09-27 00:00:00,0,0.0
39.249996,-123.149994,2021-09-27 00:00:00,0,0.0
39.249996,-123.049995,2021-09-27 00:00:00,0,0.0
39.249996,-122.95,2021-09-27 00:00:00,0,0.0
39.249996,-122.84999,2021-09-27 00:00:00,0,0.005524307
39.249996,-122.75,2021-09-27 00:00:00,0,0.0
39.249996,-122.649994,2021-09-27 00:00:00,0,0.0
39.249996,-122.549995,2021-09-27 00:00:00,0,0.0
39.249996,-122.45,2021-09-27 00:00:00,0,0.0022432175
39.249996,-122.34999,2021-09-27 00:00:00,0,0.0
39.249996,-122.25,2021-09-27 00:00:00,0,0.0
39.249996,-122.149994,2021-09-27 00:00:00,0,0.001515984
39.249996,-122.049995,2021-09-27 00:00:00,0,0.015
39.249996,-121.95,2021-09-27 00:00:00,0,0.0
39.249996,-121.84999,2021-09-27 00:00:00,0,0.0
39.249996,-121.75,2021-09-27 00:00:00,0,0.16499999
39.249996,-121.649994,2021-09-27 00:00:00,0,0.0
39.249996,-121.549995,2021-09-27 00:00:00,0,0.0
39.249996,-121.45,2021-09-27 00:00:00,0,0.0
39.249996,-121.34999,2021-09-27 00:00:00,0,0.0
39.249996,-121.25,2021-09-27 00:00:00,0,0.0
39.249996,-121.149994,2021-09-27 00:00:00,0,0.0
39.249996,-121.049995,2021-09-27 00:00:00,0,0.0
39.249996,-120.95,2021-09-27 00:00:00,0,0.0
39.249996,-120.84999,2021-09-27 00:00:00,0,0.0
39.249996,-120.75,2021-09-27 00:00:00,0,0.0
39.249996,-120.649994,2021-09-27 00:00:00,0,0.0
39.249996,-120.549995,2021-09-27 00:00:00,0,0.0
39.249996,-120.45,2021-09-27 00:00:00,0,0.0
39.249996,-120.34999,2021-09-27 00:00:00,0,0.0
39.249996,-120.25,2021-09-27 00:00:00,0,0.0
39.249996,-120.149994,2021-09-27 00:00:00,0,0.0
39.249996,-120.049995,2021-09-27 00:00:00,0,0.0
39.249996,-119.95,2021-09-27 00:00:00,0,0.0
39.249996,-119.84999,2021-09-27 00:00:00,0,0.0
39.249996,-119.75,2021-09-27 00:00:00,0,0.0
39.249996,-119.649994,2021-09-27 00:00:00,0,0.0
39.249996,-119.549995,2021-09-27 00:00:00,0,0.0
39.249996,-119.45,2021-09-27 00:00:00,0,0.0
39.249996,-119.34999,2021-09-27 00:00:00,0,0.0
39.249996,-119.25,2021-09-27 00:00:00,0,0.0
39.249996,-119.149994,2021-09-27 00:00:00,0,0.0
39.249996,-119.049995,2021-09-27 00:00:00,0,0.0
39.249996,-118.95,2021-09-27 00:00:00,0,0.0
39.249996,-118.84999,2021-09-27 00:00:00,0,0.0
39.249996,-118.75,2021-09-27 00:00:00,0,0.0
39.249996,-118.649994,2021-09-27 00:00:00,0,0.0
39.249996,-118.549995,2021-09-27 00:00:00,0,0.0
39.249996,-118.45,2021-09-27 00:00:00,0,0.0
39.249996,-118.34999,2021-09-27 00:00:00,0,0.0
39.249996,-118.25,2021-09-27 00:00:00,0,0.0
39.249996,-118.149994,2021-09-27 00:00:00,0,0.0
39.249996,-118.049995,2021-09-27 00:00:00,0,0.0
39.249996,-117.95,2021-09-27 00:00:00,0,0.0
39.249996,-117.84999,2021-09-27 00:00:00,0,0.0
39.249996,-117.75,2021-09-27 00:00:00,0,0.0
39.249996,-117.649994,2021-09-27 00:00:00,0,0.0
39.249996,-117.549995,2021-09-27 00:00:00,0,0.0
39.249996,-117.45,2021-09-27 00:00:00,0,0.0
39.249996,-117.34999,2021-09-27 00:00:00,0,0.0
39.249996,-117.25,2021-09-27 00:00:00,0,0.0
39.249996,-117.149994,2021-09-27 00:00:00,0,0.0
39.249996,-117.049995,2021-09-27 00:00:00,0,0.0
39.249996,-116.95,2021-09-27 00:00:00,0,0.0
39.249996,-116.84999,2021-09-27 00:00:00,0,0.0
39.249996,-116.75,2021-09-27 00:00:00,0,0.0
39.249996,-116.649994,2021-09-27 00:00:00,0,0.0
39.249996,-116.549995,2021-09-27 00:00:00,0,0.0
39.249996,-116.45,2021-09-27 00:00:00,0,0.0
39.249996,-116.34999,2021-09-27 00:00:00,0,0.0
39.249996,-116.25,2021-09-27 00:00:00,0,0.0
39.249996,-116.149994,2021-09-27 00:00:00,0,0.0
39.249996,-116.049995,2021-09-27 00:00:00,0,0.0
39.249996,-115.95,2021-09-27 00:00:00,0,0.0
39.249996,-115.85,2021-09-27 00:00:00,0,0.0
39.249996,-115.74999,2021-09-27 00:00:00,0,0.0
39.249996,-115.649994,2021-09-27 00:00:00,0,0.0
39.249996,-115.549995,2021-09-27 00:00:00,0,0.0
39.249996,-115.45,2021-09-27 00:00:00,0,0.0
39.249996,-115.35,2021-09-27 00:00:00,0,0.0
39.249996,-115.24999,2021-09-27 00:00:00,0,0.0
39.249996,-115.149994,2021-09-27 00:00:00,0,0.0
39.249996,-115.049995,2021-09-27 00:00:00,0,0.0
39.249996,-114.95,2021-09-27 00:00:00,0,0.0
39.249996,-114.85,2021-09-27 00:00:00,0,0.0
39.249996,-114.74999,2021-09-27 00:00:00,0,0.0
39.249996,-114.649994,2021-09-27 00:00:00,0,0.0
39.249996,-114.549995,2021-09-27 00:00:00,0,0.0
39.249996,-114.45,2021-09-27 00:00:00,0,0.0
39.249996,-114.35,2021-09-27 00:00:00,0,0.0
39.249996,-114.24999,2021-09-27 00:00:00,0,0.0
39.350002,-124.34999,2021-09-27 00:00:00,0,0.0
39.350002,-124.25,2021-09-27 00:00:00,0,0.0
39.350002,-124.149994,2021-09-27 00:00:00,0,0.0
39.350002,-124.049995,2021-09-27 00:00:00,0,0.0
39.350002,-123.95,2021-09-27 00:00:00,0,0.0
39.350002,-123.84999,2021-09-27 00:00:00,0,0.0
39.350002,-123.75,2021-09-27 00:00:00,0,0.47018585
39.350002,-123.649994,2021-09-27 00:00:00,0,0.16036084
39.350002,-123.549995,2021-09-27 00:00:00,0,0.084973276
39.350002,-123.45,2021-09-27 00:00:00,0,0.035071053
39.350002,-123.34999,2021-09-27 00:00:00,0,0.0
39.350002,-123.25,2021-09-27 00:00:00,0,0.0
39.350002,-123.149994,2021-09-27 00:00:00,0,0.0
39.350002,-123.049995,2021-09-27 00:00:00,0,0.0
39.350002,-122.95,2021-09-27 00:00:00,0,0.0
39.350002,-122.84999,2021-09-27 00:00:00,0,0.0
39.350002,-122.75,2021-09-27 00:00:00,0,0.0
39.350002,-122.649994,2021-09-27 00:00:00,0,0.0
39.350002,-122.549995,2021-09-27 00:00:00,0,0.0033669542
39.350002,-122.45,2021-09-27 00:00:00,0,0.0
39.350002,-122.34999,2021-09-27 00:00:00,0,0.0
39.350002,-122.25,2021-09-27 00:00:00,0,0.0028633177
39.350002,-122.149994,2021-09-27 00:00:00,0,0.07897431
39.350002,-122.049995,2021-09-27 00:00:00,0,0.044999998
39.350002,-121.95,2021-09-27 00:00:00,0,0.015
39.350002,-121.84999,2021-09-27 00:00:00,0,0.0
39.350002,-121.75,2021-09-27 00:00:00,0,0.0
39.350002,-121.649994,2021-09-27 00:00:00,0,0.0
39.350002,-121.549995,2021-09-27 00:00:00,0,0.0
39.350002,-121.45,2021-09-27 00:00:00,0,0.0
39.350002,-121.34999,2021-09-27 00:00:00,0,0.0
39.350002,-121.25,2021-09-27 00:00:00,0,0.0
39.350002,-121.149994,2021-09-27 00:00:00,0,0.0
39.350002,-121.049995,2021-09-27 00:00:00,0,0.0
39.350002,-120.95,2021-09-27 00:00:00,0,0.0
39.350002,-120.84999,2021-09-27 00:00:00,0,0.0
39.350002,-120.75,2021-09-27 00:00:00,0,0.0
39.350002,-120.649994,2021-09-27 00:00:00,0,0.0
39.350002,-120.549995,2021-09-27 00:00:00,0,0.0
39.350002,-120.45,2021-09-27 00:00:00,0,0.0
39.350002,-120.34999,2021-09-27 00:00:00,0,0.0
39.350002,-120.25,2021-09-27 00:00:00,0,0.0
39.350002,-120.149994,2021-09-27 00:00:00,0,0.0
39.350002,-120.049995,2021-09-27 00:00:00,0,0.0
39.350002,-119.95,2021-09-27 00:00:00,0,0.0
39.350002,-119.84999,2021-09-27 00:00:00,0,0.0
39.350002,-119.75,2021-09-27 00:00:00,0,0.0
39.350002,-119.649994,2021-09-27 00:00:00,0,0.0
39.350002,-119.549995,2021-09-27 00:00:00,0,0.0
39.350002,-119.45,2021-09-27 00:00:00,0,0.0
39.350002,-119.34999,2021-09-27 00:00:00,0,0.0
39.350002,-119.25,2021-09-27 00:00:00,0,0.0
39.350002,-119.149994,2021-09-27 00:00:00,0,0.0
39.350002,-119.049995,2021-09-27 00:00:00,0,0.0
39.350002,-118.95,2021-09-27 00:00:00,0,0.0
39.350002,-118.84999,2021-09-27 00:00:00,0,0.0
39.350002,-118.75,2021-09-27 00:00:00,0,0.0
39.350002,-118.649994,2021-09-27 00:00:00,0,0.0
39.350002,-118.549995,2021-09-27 00:00:00,0,0.0
39.350002,-118.45,2021-09-27 00:00:00,0,0.0
39.350002,-118.34999,2021-09-27 00:00:00,0,0.0
39.350002,-118.25,2021-09-27 00:00:00,0,0.0
39.350002,-118.149994,2021-09-27 00:00:00,0,0.0
39.350002,-118.049995,2021-09-27 00:00:00,0,0.0
39.350002,-117.95,2021-09-27 00:00:00,0,0.0
39.350002,-117.84999,2021-09-27 00:00:00,0,0.0
39.350002,-117.75,2021-09-27 00:00:00,0,0.0
39.350002,-117.649994,2021-09-27 00:00:00,0,0.0
39.350002,-117.549995,2021-09-27 00:00:00,0,0.0
39.350002,-117.45,2021-09-27 00:00:00,0,0.0
39.350002,-117.34999,2021-09-27 00:00:00,0,0.0
39.350002,-117.25,2021-09-27 00:00:00,0,0.0
39.350002,-117.149994,2021-09-27 00:00:00,0,0.0
39.350002,-117.049995,2021-09-27 00:00:00,0,0.0
39.350002,-116.95,2021-09-27 00:00:00,0,0.0
39.350002,-116.84999,2021-09-27 00:00:00,0,0.0
39.350002,-116.75,2021-09-27 00:00:00,0,0.0
39.350002,-116.649994,2021-09-27 00:00:00,0,0.0
39.350002,-116.549995,2021-09-27 00:00:00,0,0.0
39.350002,-116.45,2021-09-27 00:00:00,0,0.0
39.350002,-116.34999,2021-09-27 00:00:00,0,0.0
39.350002,-116.25,2021-09-27 00:00:00,0,0.0
39.350002,-116.149994,2021-09-27 00:00:00,0,0.0
39.350002,-116.049995,2021-09-27 00:00:00,0,0.0
39.350002,-115.95,2021-09-27 00:00:00,0,0.0
39.350002,-115.85,2021-09-27 00:00:00,0,0.0
39.350002,-115.74999,2021-09-27 00:00:00,0,0.0
39.350002,-115.649994,2021-09-27 00:00:00,0,0.0
39.350002,-115.549995,2021-09-27 00:00:00,0,0.0
39.350002,-115.45,2021-09-27 00:00:00,0,0.0
39.350002,-115.35,2021-09-27 00:00:00,0,0.0
39.350002,-115.24999,2021-09-27 00:00:00,0,0.0
39.350002,-115.149994,2021-09-27 00:00:00,0,0.0
39.350002,-115.049995,2021-09-27 00:00:00,0,0.0
39.350002,-114.95,2021-09-27 00:00:00,0,0.0
39.350002,-114.85,2021-09-27 00:00:00,0,0.0
39.350002,-114.74999,2021-09-27 00:00:00,0,0.0
39.350002,-114.649994,2021-09-27 00:00:00,0,0.0
39.350002,-114.549995,2021-09-27 00:00:00,0,0.0
39.350002,-114.45,2021-09-27 00:00:00,0,0.0
39.350002,-114.35,2021-09-27 00:00:00,0,0.0
39.350002,-114.24999,2021-09-27 00:00:00,0,0.0
39.45001,-124.34999,2021-09-27 00:00:00,0,0.0
39.45001,-124.25,2021-09-27 00:00:00,0,0.0
39.45001,-124.149994,2021-09-27 00:00:00,0,0.0
39.45001,-124.049995,2021-09-27 00:00:00,0,0.0
39.45001,-123.95,2021-09-27 00:00:00,0,0.0
39.45001,-123.84999,2021-09-27 00:00:00,0,0.0
39.45001,-123.75,2021-09-27 00:00:00,0,0.31807563
39.45001,-123.649994,2021-09-27 00:00:00,0,0.3189979
39.45001,-123.549995,2021-09-27 00:00:00,0,0.09331929
39.45001,-123.45,2021-09-27 00:00:00,0,0.0
39.45001,-123.34999,2021-09-27 00:00:00,0,0.0
39.45001,-123.25,2021-09-27 00:00:00,0,0.0
39.45001,-123.149994,2021-09-27 00:00:00,0,0.0
39.45001,-123.049995,2021-09-27 00:00:00,0,0.0
39.45001,-122.95,2021-09-27 00:00:00,0,0.0
39.45001,-122.84999,2021-09-27 00:00:00,0,0.0
39.45001,-122.75,2021-09-27 00:00:00,0,0.0
39.45001,-122.649994,2021-09-27 00:00:00,0,0.0062221033
39.45001,-122.549995,2021-09-27 00:00:00,0,0.0
39.45001,-122.45,2021-09-27 00:00:00,0,0.0
39.45001,-122.34999,2021-09-27 00:00:00,0,0.0050335717
39.45001,-122.25,2021-09-27 00:00:00,0,0.07387076
39.45001,-122.149994,2021-09-27 00:00:00,0,0.062307715
39.45001,-122.049995,2021-09-27 00:00:00,0,0.13576923
39.45001,-121.95,2021-09-27 00:00:00,0,0.18076737
39.45001,-121.84999,2021-09-27 00:00:00,0,0.0
39.45001,-121.75,2021-09-27 00:00:00,0,0.0
39.45001,-121.649994,2021-09-27 00:00:00,0,0.0
39.45001,-121.549995,2021-09-27 00:00:00,0,0.0
39.45001,-121.45,2021-09-27 00:00:00,0,0.0
39.45001,-121.34999,2021-09-27 00:00:00,0,0.0
39.45001,-121.25,2021-09-27 00:00:00,0,0.0
39.45001,-121.149994,2021-09-27 00:00:00,0,0.0
39.45001,-121.049995,2021-09-27 00:00:00,0,0.0
39.45001,-120.95,2021-09-27 00:00:00,0,0.0
39.45001,-120.84999,2021-09-27 00:00:00,0,0.0
39.45001,-120.75,2021-09-27 00:00:00,0,0.0
39.45001,-120.649994,2021-09-27 00:00:00,0,0.0
39.45001,-120.549995,2021-09-27 00:00:00,0,0.0
39.45001,-120.45,2021-09-27 00:00:00,0,0.0
39.45001,-120.34999,2021-09-27 00:00:00,0,0.0
39.45001,-120.25,2021-09-27 00:00:00,0,0.0
39.45001,-120.149994,2021-09-27 00:00:00,0,0.0
39.45001,-120.049995,2021-09-27 00:00:00,0,0.0
39.45001,-119.95,2021-09-27 00:00:00,0,0.0
39.45001,-119.84999,2021-09-27 00:00:00,0,0.0
39.45001,-119.75,2021-09-27 00:00:00,0,0.0
39.45001,-119.649994,2021-09-27 00:00:00,0,0.0
39.45001,-119.549995,2021-09-27 00:00:00,0,0.0
39.45001,-119.45,2021-09-27 00:00:00,0,0.0
39.45001,-119.34999,2021-09-27 00:00:00,0,0.0
39.45001,-119.25,2021-09-27 00:00:00,0,0.0
39.45001,-119.149994,2021-09-27 00:00:00,0,0.0
39.45001,-119.049995,2021-09-27 00:00:00,0,0.0
39.45001,-118.95,2021-09-27 00:00:00,0,0.0
39.45001,-118.84999,2021-09-27 00:00:00,0,0.0
39.45001,-118.75,2021-09-27 00:00:00,0,0.0
39.45001,-118.649994,2021-09-27 00:00:00,0,0.0
39.45001,-118.549995,2021-09-27 00:00:00,0,0.0
39.45001,-118.45,2021-09-27 00:00:00,0,0.0
39.45001,-118.34999,2021-09-27 00:00:00,0,0.0
39.45001,-118.25,2021-09-27 00:00:00,0,0.0
39.45001,-118.149994,2021-09-27 00:00:00,0,0.0
39.45001,-118.049995,2021-09-27 00:00:00,0,0.0
39.45001,-117.95,2021-09-27 00:00:00,0,0.0
39.45001,-117.84999,2021-09-27 00:00:00,0,0.0
39.45001,-117.75,2021-09-27 00:00:00,0,0.0
39.45001,-117.649994,2021-09-27 00:00:00,0,0.0
39.45001,-117.549995,2021-09-27 00:00:00,0,0.0
39.45001,-117.45,2021-09-27 00:00:00,0,0.0
39.45001,-117.34999,2021-09-27 00:00:00,0,0.0
39.45001,-117.25,2021-09-27 00:00:00,0,0.0
39.45001,-117.149994,2021-09-27 00:00:00,0,0.0
39.45001,-117.049995,2021-09-27 00:00:00,0,0.0
39.45001,-116.95,2021-09-27 00:00:00,0,0.0
39.45001,-116.84999,2021-09-27 00:00:00,0,0.0
39.45001,-116.75,2021-09-27 00:00:00,0,0.0
39.45001,-116.649994,2021-09-27 00:00:00,0,0.0
39.45001,-116.549995,2021-09-27 00:00:00,0,0.0
39.45001,-116.45,2021-09-27 00:00:00,0,0.0
39.45001,-116.34999,2021-09-27 00:00:00,0,0.0
39.45001,-116.25,2021-09-27 00:00:00,0,0.0
39.45001,-116.149994,2021-09-27 00:00:00,0,0.0
39.45001,-116.049995,2021-09-27 00:00:00,0,0.0
39.45001,-115.95,2021-09-27 00:00:00,0,0.0
39.45001,-115.85,2021-09-27 00:00:00,0,0.0
39.45001,-115.74999,2021-09-27 00:00:00,0,0.0
39.45001,-115.649994,2021-09-27 00:00:00,0,0.0
39.45001,-115.549995,2021-09-27 00:00:00,0,0.0
39.45001,-115.45,2021-09-27 00:00:00,0,0.0
39.45001,-115.35,2021-09-27 00:00:00,0,0.0
39.45001,-115.24999,2021-09-27 00:00:00,0,0.0
39.45001,-115.149994,2021-09-27 00:00:00,0,0.0
39.45001,-115.049995,2021-09-27 00:00:00,0,0.0
39.45001,-114.95,2021-09-27 00:00:00,0,0.0
39.45001,-114.85,2021-09-27 00:00:00,0,0.0
39.45001,-114.74999,2021-09-27 00:00:00,0,0.0
39.45001,-114.649994,2021-09-27 00:00:00,0,0.0
39.45001,-114.549995,2021-09-27 00:00:00,0,0.0
39.45001,-114.45,2021-09-27 00:00:00,0,0.0
39.45001,-114.35,2021-09-27 00:00:00,0,0.0
39.45001,-114.24999,2021-09-27 00:00:00,0,0.0
39.55,-124.34999,2021-09-27 00:00:00,0,0.0
39.55,-124.25,2021-09-27 00:00:00,0,0.0
39.55,-124.149994,2021-09-27 00:00:00,0,0.0
39.55,-124.049995,2021-09-27 00:00:00,0,0.0
39.55,-123.95,2021-09-27 00:00:00,0,0.0
39.55,-123.84999,2021-09-27 00:00:00,0,0.0
39.55,-123.75,2021-09-27 00:00:00,0,0.5716733
39.55,-123.649994,2021-09-27 00:00:00,0,0.47663575
39.55,-123.549995,2021-09-27 00:00:00,0,0.0027881963
39.55,-123.45,2021-09-27 00:00:00,0,0.0
39.55,-123.34999,2021-09-27 00:00:00,0,0.0
39.55,-123.25,2021-09-27 00:00:00,0,0.0
39.55,-123.149994,2021-09-27 00:00:00,0,0.0
39.55,-123.049995,2021-09-27 00:00:00,0,0.0
39.55,-122.95,2021-09-27 00:00:00,0,0.0
39.55,-122.84999,2021-09-27 00:00:00,0,0.0
39.55,-122.75,2021-09-27 00:00:00,0,0.01
39.55,-122.649994,2021-09-27 00:00:00,0,0.0
39.55,-122.549995,2021-09-27 00:00:00,0,0.0
39.55,-122.45,2021-09-27 00:00:00,0,0.008375808
39.55,-122.34999,2021-09-27 00:00:00,0,0.0880637
39.55,-122.25,2021-09-27 00:00:00,0,0.038969833
39.55,-122.149994,2021-09-27 00:00:00,0,0.16055411
39.55,-122.049995,2021-09-27 00:00:00,0,0.2611539
39.55,-121.95,2021-09-27 00:00:00,0,0.17
39.55,-121.84999,2021-09-27 00:00:00,0,0.0
39.55,-121.75,2021-09-27 00:00:00,0,0.0
39.55,-121.649994,2021-09-27 00:00:00,0,0.00043151877
39.55,-121.549995,2021-09-27 00:00:00,0,0.00043151877
39.55,-121.45,2021-09-27 00:00:00,0,0.035
39.55,-121.34999,2021-09-27 00:00:00,0,0.0
39.55,-121.25,2021-09-27 00:00:00,0,0.0
39.55,-121.149994,2021-09-27 00:00:00,0,0.0
39.55,-121.049995,2021-09-27 00:00:00,0,0.0
39.55,-120.95,2021-09-27 00:00:00,0,0.0
39.55,-120.84999,2021-09-27 00:00:00,0,0.0
39.55,-120.75,2021-09-27 00:00:00,0,0.0
39.55,-120.649994,2021-09-27 00:00:00,0,0.0
39.55,-120.549995,2021-09-27 00:00:00,0,0.0
39.55,-120.45,2021-09-27 00:00:00,0,0.0
39.55,-120.34999,2021-09-27 00:00:00,0,0.0
39.55,-120.25,2021-09-27 00:00:00,0,0.0
39.55,-120.149994,2021-09-27 00:00:00,0,0.0
39.55,-120.049995,2021-09-27 00:00:00,0,0.0
39.55,-119.95,2021-09-27 00:00:00,0,0.0
39.55,-119.84999,2021-09-27 00:00:00,0,0.0
39.55,-119.75,2021-09-27 00:00:00,0,0.0
39.55,-119.649994,2021-09-27 00:00:00,0,0.0
39.55,-119.549995,2021-09-27 00:00:00,0,0.0
39.55,-119.45,2021-09-27 00:00:00,0,0.0
39.55,-119.34999,2021-09-27 00:00:00,0,0.0
39.55,-119.25,2021-09-27 00:00:00,0,0.0
39.55,-119.149994,2021-09-27 00:00:00,0,0.0
39.55,-119.049995,2021-09-27 00:00:00,0,0.0
39.55,-118.95,2021-09-27 00:00:00,0,0.0
39.55,-118.84999,2021-09-27 00:00:00,0,0.0
39.55,-118.75,2021-09-27 00:00:00,0,0.0
39.55,-118.649994,2021-09-27 00:00:00,0,0.0
39.55,-118.549995,2021-09-27 00:00:00,0,0.0
39.55,-118.45,2021-09-27 00:00:00,0,0.0
39.55,-118.34999,2021-09-27 00:00:00,0,0.0
39.55,-118.25,2021-09-27 00:00:00,0,0.0
39.55,-118.149994,2021-09-27 00:00:00,0,0.0
39.55,-118.049995,2021-09-27 00:00:00,0,0.0
39.55,-117.95,2021-09-27 00:00:00,0,0.0
39.55,-117.84999,2021-09-27 00:00:00,0,0.0
39.55,-117.75,2021-09-27 00:00:00,0,0.0
39.55,-117.649994,2021-09-27 00:00:00,0,0.0
39.55,-117.549995,2021-09-27 00:00:00,0,0.0
39.55,-117.45,2021-09-27 00:00:00,0,0.0
39.55,-117.34999,2021-09-27 00:00:00,0,0.0
39.55,-117.25,2021-09-27 00:00:00,0,0.0
39.55,-117.149994,2021-09-27 00:00:00,0,0.0
39.55,-117.049995,2021-09-27 00:00:00,0,0.0
39.55,-116.95,2021-09-27 00:00:00,0,0.0
39.55,-116.84999,2021-09-27 00:00:00,0,0.0
39.55,-116.75,2021-09-27 00:00:00,0,0.0
39.55,-116.649994,2021-09-27 00:00:00,0,0.0
39.55,-116.549995,2021-09-27 00:00:00,0,0.0
39.55,-116.45,2021-09-27 00:00:00,0,0.0
39.55,-116.34999,2021-09-27 00:00:00,0,0.0
39.55,-116.25,2021-09-27 00:00:00,0,0.0
39.55,-116.149994,2021-09-27 00:00:00,0,0.0
39.55,-116.049995,2021-09-27 00:00:00,0,0.0
39.55,-115.95,2021-09-27 00:00:00,0,0.0
39.55,-115.85,2021-09-27 00:00:00,0,0.0
39.55,-115.74999,2021-09-27 00:00:00,0,0.0
39.55,-115.649994,2021-09-27 00:00:00,0,0.0
39.55,-115.549995,2021-09-27 00:00:00,0,0.0
39.55,-115.45,2021-09-27 00:00:00,0,0.0
39.55,-115.35,2021-09-27 00:00:00,0,0.0
39.55,-115.24999,2021-09-27 00:00:00,0,0.0
39.55,-115.149994,2021-09-27 00:00:00,0,0.0
39.55,-115.049995,2021-09-27 00:00:00,0,0.0
39.55,-114.95,2021-09-27 00:00:00,0,0.0
39.55,-114.85,2021-09-27 00:00:00,0,0.0
39.55,-114.74999,2021-09-27 00:00:00,0,0.0
39.55,-114.649994,2021-09-27 00:00:00,0,0.0
39.55,-114.549995,2021-09-27 00:00:00,0,0.0
39.55,-114.45,2021-09-27 00:00:00,0,0.0
39.55,-114.35,2021-09-27 00:00:00,0,0.0
39.55,-114.24999,2021-09-27 00:00:00,0,0.0
39.650005,-124.34999,2021-09-27 00:00:00,0,0.0
39.650005,-124.25,2021-09-27 00:00:00,0,0.0
39.650005,-124.149994,2021-09-27 00:00:00,0,0.0
39.650005,-124.049995,2021-09-27 00:00:00,0,0.0
39.650005,-123.95,2021-09-27 00:00:00,0,0.0
39.650005,-123.84999,2021-09-27 00:00:00,0,0.0
39.650005,-123.75,2021-09-27 00:00:00,0,0.83689195
39.650005,-123.649994,2021-09-27 00:00:00,0,0.035734184
39.650005,-123.549995,2021-09-27 00:00:00,0,0.0
39.650005,-123.45,2021-09-27 00:00:00,0,0.0
39.650005,-123.34999,2021-09-27 00:00:00,0,0.0
39.650005,-123.25,2021-09-27 00:00:00,0,0.0
39.650005,-123.149994,2021-09-27 00:00:00,0,0.0
39.650005,-123.049995,2021-09-27 00:00:00,0,0.0
39.650005,-122.95,2021-09-27 00:00:00,0,0.0
39.650005,-122.84999,2021-09-27 00:00:00,0,0.008862786
39.650005,-122.75,2021-09-27 00:00:00,0,0.0
39.650005,-122.649994,2021-09-27 00:00:00,0,0.0
39.650005,-122.549995,2021-09-27 00:00:00,0,1.4059241
39.650005,-122.45,2021-09-27 00:00:00,0,0.112908624
39.650005,-122.34999,2021-09-27 00:00:00,0,0.026143111
39.650005,-122.25,2021-09-27 00:00:00,0,0.104927875
39.650005,-122.149994,2021-09-27 00:00:00,0,0.17712472
39.650005,-122.049995,2021-09-27 00:00:00,0,0.29705137
39.650005,-121.95,2021-09-27 00:00:00,0,0.12
39.650005,-121.84999,2021-09-27 00:00:00,0,0.005
39.650005,-121.75,2021-09-27 00:00:00,0,0.000757992
39.650005,-121.649994,2021-09-27 00:00:00,0,0.000757992
39.650005,-121.549995,2021-09-27 00:00:00,0,0.025128223
39.650005,-121.45,2021-09-27 00:00:00,0,0.03
39.650005,-121.34999,2021-09-27 00:00:00,0,0.03
39.650005,-121.25,2021-09-27 00:00:00,0,0.0
39.650005,-121.149994,2021-09-27 00:00:00,0,0.0
39.650005,-121.049995,2021-09-27 00:00:00,0,0.0
39.650005,-120.95,2021-09-27 00:00:00,0,0.0
39.650005,-120.84999,2021-09-27 00:00:00,0,0.0
39.650005,-120.75,2021-09-27 00:00:00,0,0.0
39.650005,-120.649994,2021-09-27 00:00:00,0,0.0
39.650005,-120.549995,2021-09-27 00:00:00,0,0.0
39.650005,-120.45,2021-09-27 00:00:00,0,0.0
39.650005,-120.34999,2021-09-27 00:00:00,0,0.0
39.650005,-120.25,2021-09-27 00:00:00,0,0.0
39.650005,-120.149994,2021-09-27 00:00:00,0,0.0
39.650005,-120.049995,2021-09-27 00:00:00,0,0.0
39.650005,-119.95,2021-09-27 00:00:00,0,0.0
39.650005,-119.84999,2021-09-27 00:00:00,0,0.0
39.650005,-119.75,2021-09-27 00:00:00,0,0.0
39.650005,-119.649994,2021-09-27 00:00:00,0,0.0
39.650005,-119.549995,2021-09-27 00:00:00,0,0.0
39.650005,-119.45,2021-09-27 00:00:00,0,0.0
39.650005,-119.34999,2021-09-27 00:00:00,0,0.0
39.650005,-119.25,2021-09-27 00:00:00,0,0.0
39.650005,-119.149994,2021-09-27 00:00:00,0,0.0
39.650005,-119.049995,2021-09-27 00:00:00,0,0.0
39.650005,-118.95,2021-09-27 00:00:00,0,0.0
39.650005,-118.84999,2021-09-27 00:00:00,0,0.0
39.650005,-118.75,2021-09-27 00:00:00,0,0.0
39.650005,-118.649994,2021-09-27 00:00:00,0,0.0
39.650005,-118.549995,2021-09-27 00:00:00,0,0.0
39.650005,-118.45,2021-09-27 00:00:00,0,0.0
39.650005,-118.34999,2021-09-27 00:00:00,0,0.0
39.650005,-118.25,2021-09-27 00:00:00,0,0.0
39.650005,-118.149994,2021-09-27 00:00:00,0,0.0
39.650005,-118.049995,2021-09-27 00:00:00,0,0.0
39.650005,-117.95,2021-09-27 00:00:00,0,0.0
39.650005,-117.84999,2021-09-27 00:00:00,0,0.0
39.650005,-117.75,2021-09-27 00:00:00,0,0.0
39.650005,-117.649994,2021-09-27 00:00:00,0,0.0
39.650005,-117.549995,2021-09-27 00:00:00,0,0.0
39.650005,-117.45,2021-09-27 00:00:00,0,0.0
39.650005,-117.34999,2021-09-27 00:00:00,0,0.0
39.650005,-117.25,2021-09-27 00:00:00,0,0.0
39.650005,-117.149994,2021-09-27 00:00:00,0,0.0
39.650005,-117.049995,2021-09-27 00:00:00,0,0.0
39.650005,-116.95,2021-09-27 00:00:00,0,0.0
39.650005,-116.84999,2021-09-27 00:00:00,0,0.0
39.650005,-116.75,2021-09-27 00:00:00,0,0.0
39.650005,-116.649994,2021-09-27 00:00:00,0,0.0
39.650005,-116.549995,2021-09-27 00:00:00,0,0.0
39.650005,-116.45,2021-09-27 00:00:00,0,0.0
39.650005,-116.34999,2021-09-27 00:00:00,0,0.0
39.650005,-116.25,2021-09-27 00:00:00,0,0.0
39.650005,-116.149994,2021-09-27 00:00:00,0,0.0
39.650005,-116.049995,2021-09-27 00:00:00,0,0.0
39.650005,-115.95,2021-09-27 00:00:00,0,0.0
39.650005,-115.85,2021-09-27 00:00:00,0,0.0
39.650005,-115.74999,2021-09-27 00:00:00,0,0.0
39.650005,-115.649994,2021-09-27 00:00:00,0,0.0
39.650005,-115.549995,2021-09-27 00:00:00,0,0.0
39.650005,-115.45,2021-09-27 00:00:00,0,0.0
39.650005,-115.35,2021-09-27 00:00:00,0,0.0
39.650005,-115.24999,2021-09-27 00:00:00,0,0.0
39.650005,-115.149994,2021-09-27 00:00:00,0,0.0
39.650005,-115.049995,2021-09-27 00:00:00,0,0.0
39.650005,-114.95,2021-09-27 00:00:00,0,0.0
39.650005,-114.85,2021-09-27 00:00:00,0,0.0
39.650005,-114.74999,2021-09-27 00:00:00,0,0.0
39.650005,-114.649994,2021-09-27 00:00:00,0,0.0
39.650005,-114.549995,2021-09-27 00:00:00,0,0.0
39.650005,-114.45,2021-09-27 00:00:00,0,0.0
39.650005,-114.35,2021-09-27 00:00:00,0,0.0
39.650005,-114.24999,2021-09-27 00:00:00,0,0.0
39.749996,-124.34999,2021-09-27 00:00:00,0,0.0
39.749996,-124.25,2021-09-27 00:00:00,0,0.0
39.749996,-124.149994,2021-09-27 00:00:00,0,0.0
39.749996,-124.049995,2021-09-27 00:00:00,0,0.0
39.749996,-123.95,2021-09-27 00:00:00,0,0.0
39.749996,-123.84999,2021-09-27 00:00:00,0,0.0
39.749996,-123.75,2021-09-27 00:00:00,0,0.103678256
39.749996,-123.649994,2021-09-27 00:00:00,0,0.0051174597
39.749996,-123.549995,2021-09-27 00:00:00,0,0.0
39.749996,-123.45,2021-09-27 00:00:00,0,0.0
39.749996,-123.34999,2021-09-27 00:00:00,0,0.0
39.749996,-123.25,2021-09-27 00:00:00,0,0.0
39.749996,-123.149994,2021-09-27 00:00:00,0,0.0
39.749996,-123.049995,2021-09-27 00:00:00,0,0.0
39.749996,-122.95,2021-09-27 00:00:00,0,0.002599511
39.749996,-122.84999,2021-09-27 00:00:00,0,0.0
39.749996,-122.75,2021-09-27 00:00:00,0,0.0
39.749996,-122.649994,2021-09-27 00:00:00,0,0.030343588
39.749996,-122.549995,2021-09-27 00:00:00,0,0.010729888
39.749996,-122.45,2021-09-27 00:00:00,0,0.009681472
39.749996,-122.34999,2021-09-27 00:00:00,0,0.069107845
39.749996,-122.25,2021-09-27 00:00:00,0,0.11010425
39.749996,-122.149994,2021-09-27 00:00:00,0,0.3914929
39.749996,-122.049995,2021-09-27 00:00:00,0,0.2811539
39.749996,-121.95,2021-09-27 00:00:00,0,0.12358975
39.749996,-121.84999,2021-09-27 00:00:00,0,0.121431656
39.749996,-121.75,2021-09-27 00:00:00,0,0.011431659
39.749996,-121.649994,2021-09-27 00:00:00,0,0.013557724
39.749996,-121.549995,2021-09-27 00:00:00,0,0.021538476
39.749996,-121.45,2021-09-27 00:00:00,0,0.021538476
39.749996,-121.34999,2021-09-27 00:00:00,0,0.04
39.749996,-121.25,2021-09-27 00:00:00,0,0.035
39.749996,-121.149994,2021-09-27 00:00:00,0,0.0
39.749996,-121.049995,2021-09-27 00:00:00,0,0.0
39.749996,-120.95,2021-09-27 00:00:00,0,0.0
39.749996,-120.84999,2021-09-27 00:00:00,0,0.0
39.749996,-120.75,2021-09-27 00:00:00,0,0.0
39.749996,-120.649994,2021-09-27 00:00:00,0,0.0
39.749996,-120.549995,2021-09-27 00:00:00,0,0.0
39.749996,-120.45,2021-09-27 00:00:00,0,0.0
39.749996,-120.34999,2021-09-27 00:00:00,0,0.0
39.749996,-120.25,2021-09-27 00:00:00,0,0.036672764
39.749996,-120.149994,2021-09-27 00:00:00,0,0.044999998
39.749996,-120.049995,2021-09-27 00:00:00,0,0.2861588
39.749996,-119.95,2021-09-27 00:00:00,0,0.0
39.749996,-119.84999,2021-09-27 00:00:00,0,0.0
39.749996,-119.75,2021-09-27 00:00:00,0,0.0
39.749996,-119.649994,2021-09-27 00:00:00,0,0.0
39.749996,-119.549995,2021-09-27 00:00:00,0,0.0
39.749996,-119.45,2021-09-27 00:00:00,0,0.0
39.749996,-119.34999,2021-09-27 00:00:00,0,0.0
39.749996,-119.25,2021-09-27 00:00:00,0,0.0
39.749996,-119.149994,2021-09-27 00:00:00,0,0.0
39.749996,-119.049995,2021-09-27 00:00:00,0,0.0
39.749996,-118.95,2021-09-27 00:00:00,0,0.0
39.749996,-118.84999,2021-09-27 00:00:00,0,0.0
39.749996,-118.75,2021-09-27 00:00:00,0,0.0
39.749996,-118.649994,2021-09-27 00:00:00,0,0.0
39.749996,-118.549995,2021-09-27 00:00:00,0,0.0
39.749996,-118.45,2021-09-27 00:00:00,0,0.0
39.749996,-118.34999,2021-09-27 00:00:00,0,0.0
39.749996,-118.25,2021-09-27 00:00:00,0,0.0
39.749996,-118.149994,2021-09-27 00:00:00,0,0.0
39.749996,-118.049995,2021-09-27 00:00:00,0,0.0
39.749996,-117.95,2021-09-27 00:00:00,0,0.0
39.749996,-117.84999,2021-09-27 00:00:00,0,0.0
39.749996,-117.75,2021-09-27 00:00:00,0,0.0
39.749996,-117.649994,2021-09-27 00:00:00,0,0.0
39.749996,-117.549995,2021-09-27 00:00:00,0,0.0
39.749996,-117.45,2021-09-27 00:00:00,0,0.0
39.749996,-117.34999,2021-09-27 00:00:00,0,0.0
39.749996,-117.25,2021-09-27 00:00:00,0,0.0
39.749996,-117.149994,2021-09-27 00:00:00,0,0.0
39.749996,-117.049995,2021-09-27 00:00:00,0,0.0
39.749996,-116.95,2021-09-27 00:00:00,0,0.0
39.749996,-116.84999,2021-09-27 00:00:00,0,0.0
39.749996,-116.75,2021-09-27 00:00:00,0,0.0
39.749996,-116.649994,2021-09-27 00:00:00,0,0.0
39.749996,-116.549995,2021-09-27 00:00:00,0,0.0
39.749996,-116.45,2021-09-27 00:00:00,0,0.0
39.749996,-116.34999,2021-09-27 00:00:00,0,0.0
39.749996,-116.25,2021-09-27 00:00:00,0,0.0
39.749996,-116.149994,2021-09-27 00:00:00,0,0.0
39.749996,-116.049995,2021-09-27 00:00:00,0,0.0
39.749996,-115.95,2021-09-27 00:00:00,0,0.0
39.749996,-115.85,2021-09-27 00:00:00,0,0.0
39.749996,-115.74999,2021-09-27 00:00:00,0,0.0
39.749996,-115.649994,2021-09-27 00:00:00,0,0.0
39.749996,-115.549995,2021-09-27 00:00:00,0,0.0
39.749996,-115.45,2021-09-27 00:00:00,0,0.0
39.749996,-115.35,2021-09-27 00:00:00,0,0.0
39.749996,-115.24999,2021-09-27 00:00:00,0,0.0
39.749996,-115.149994,2021-09-27 00:00:00,0,0.0
39.749996,-115.049995,2021-09-27 00:00:00,0,0.0
39.749996,-114.95,2021-09-27 00:00:00,0,0.0
39.749996,-114.85,2021-09-27 00:00:00,0,0.0
39.749996,-114.74999,2021-09-27 00:00:00,0,0.0
39.749996,-114.649994,2021-09-27 00:00:00,0,0.0
39.749996,-114.549995,2021-09-27 00:00:00,0,0.0
39.749996,-114.45,2021-09-27 00:00:00,0,0.0
39.749996,-114.35,2021-09-27 00:00:00,0,0.0
39.749996,-114.24999,2021-09-27 00:00:00,0,0.0
39.850002,-124.34999,2021-09-27 00:00:00,0,0.0
39.850002,-124.25,2021-09-27 00:00:00,0,0.0
39.850002,-124.149994,2021-09-27 00:00:00,0,0.0
39.850002,-124.049995,2021-09-27 00:00:00,0,0.0
39.850002,-123.95,2021-09-27 00:00:00,0,0.0
39.850002,-123.84999,2021-09-27 00:00:00,0,0.22085118
39.850002,-123.75,2021-09-27 00:00:00,0,0.008364588
39.850002,-123.649994,2021-09-27 00:00:00,0,0.0
39.850002,-123.549995,2021-09-27 00:00:00,0,0.0
39.850002,-123.45,2021-09-27 00:00:00,0,0.0
39.850002,-123.34999,2021-09-27 00:00:00,0,0.0
39.850002,-123.25,2021-09-27 00:00:00,0,0.0
39.850002,-123.149994,2021-09-27 00:00:00,0,0.0
39.850002,-123.049995,2021-09-27 00:00:00,0,0.0017555992
39.850002,-122.95,2021-09-27 00:00:00,0,0.0
39.850002,-122.84999,2021-09-27 00:00:00,0,0.0
39.850002,-122.75,2021-09-27 00:00:00,0,0.0
39.850002,-122.649994,2021-09-27 00:00:00,0,0.03682871
39.850002,-122.549995,2021-09-27 00:00:00,0,0.0
39.850002,-122.45,2021-09-27 00:00:00,0,0.022913339
39.850002,-122.34999,2021-09-27 00:00:00,0,0.058412068
39.850002,-122.25,2021-09-27 00:00:00,0,0.26624012
39.850002,-122.149994,2021-09-27 00:00:00,0,0.3764837
39.850002,-122.049995,2021-09-27 00:00:00,0,0.27809072
39.850002,-121.95,2021-09-27 00:00:00,0,0.27367067
39.850002,-121.84999,2021-09-27 00:00:00,0,0.09969627
39.850002,-121.75,2021-09-27 00:00:00,0,0.10129505
39.850002,-121.649994,2021-09-27 00:00:00,0,0.011620905
39.850002,-121.549995,2021-09-27 00:00:00,0,0.0816209
39.850002,-121.45,2021-09-27 00:00:00,0,0.08871797
39.850002,-121.34999,2021-09-27 00:00:00,0,0.18012822
39.850002,-121.25,2021-09-27 00:00:00,0,0.0
39.850002,-121.149994,2021-09-27 00:00:00,0,0.0
39.850002,-121.049995,2021-09-27 00:00:00,0,0.0
39.850002,-120.95,2021-09-27 00:00:00,0,0.0
39.850002,-120.84999,2021-09-27 00:00:00,0,0.0
39.850002,-120.75,2021-09-27 00:00:00,0,0.0
39.850002,-120.649994,2021-09-27 00:00:00,0,0.0
39.850002,-120.549995,2021-09-27 00:00:00,0,0.0
39.850002,-120.45,2021-09-27 00:00:00,0,0.0
39.850002,-120.34999,2021-09-27 00:00:00,0,0.0
39.850002,-120.25,2021-09-27 00:00:00,0,0.032307714
39.850002,-120.149994,2021-09-27 00:00:00,0,0.044999998
39.850002,-120.049995,2021-09-27 00:00:00,0,0.044999998
39.850002,-119.95,2021-09-27 00:00:00,0,0.0
39.850002,-119.84999,2021-09-27 00:00:00,0,0.0
39.850002,-119.75,2021-09-27 00:00:00,0,0.0
39.850002,-119.649994,2021-09-27 00:00:00,0,0.0
39.850002,-119.549995,2021-09-27 00:00:00,0,0.0
39.850002,-119.45,2021-09-27 00:00:00,0,0.0
39.850002,-119.34999,2021-09-27 00:00:00,0,0.0
39.850002,-119.25,2021-09-27 00:00:00,0,0.0
39.850002,-119.149994,2021-09-27 00:00:00,0,0.0
39.850002,-119.049995,2021-09-27 00:00:00,0,0.0
39.850002,-118.95,2021-09-27 00:00:00,0,0.0
39.850002,-118.84999,2021-09-27 00:00:00,0,0.0
39.850002,-118.75,2021-09-27 00:00:00,0,0.0
39.850002,-118.649994,2021-09-27 00:00:00,0,0.0
39.850002,-118.549995,2021-09-27 00:00:00,0,0.0
39.850002,-118.45,2021-09-27 00:00:00,0,0.0
39.850002,-118.34999,2021-09-27 00:00:00,0,0.0
39.850002,-118.25,2021-09-27 00:00:00,0,0.0
39.850002,-118.149994,2021-09-27 00:00:00,0,0.0
39.850002,-118.049995,2021-09-27 00:00:00,0,0.0
39.850002,-117.95,2021-09-27 00:00:00,0,0.0
39.850002,-117.84999,2021-09-27 00:00:00,0,0.0
39.850002,-117.75,2021-09-27 00:00:00,0,0.0
39.850002,-117.649994,2021-09-27 00:00:00,0,0.0
39.850002,-117.549995,2021-09-27 00:00:00,0,0.0
39.850002,-117.45,2021-09-27 00:00:00,0,0.0
39.850002,-117.34999,2021-09-27 00:00:00,0,0.0
39.850002,-117.25,2021-09-27 00:00:00,0,0.0
39.850002,-117.149994,2021-09-27 00:00:00,0,0.0
39.850002,-117.049995,2021-09-27 00:00:00,0,0.0
39.850002,-116.95,2021-09-27 00:00:00,0,0.0
39.850002,-116.84999,2021-09-27 00:00:00,0,0.0
39.850002,-116.75,2021-09-27 00:00:00,0,0.0
39.850002,-116.649994,2021-09-27 00:00:00,0,0.0
39.850002,-116.549995,2021-09-27 00:00:00,0,0.0
39.850002,-116.45,2021-09-27 00:00:00,0,0.0
39.850002,-116.34999,2021-09-27 00:00:00,0,0.0
39.850002,-116.25,2021-09-27 00:00:00,0,0.0
39.850002,-116.149994,2021-09-27 00:00:00,0,0.0
39.850002,-116.049995,2021-09-27 00:00:00,0,0.0
39.850002,-115.95,2021-09-27 00:00:00,0,0.0
39.850002,-115.85,2021-09-27 00:00:00,0,0.0
39.850002,-115.74999,2021-09-27 00:00:00,0,0.0
39.850002,-115.649994,2021-09-27 00:00:00,0,0.0
39.850002,-115.549995,2021-09-27 00:00:00,0,0.0
39.850002,-115.45,2021-09-27 00:00:00,0,0.0
39.850002,-115.35,2021-09-27 00:00:00,0,0.0
39.850002,-115.24999,2021-09-27 00:00:00,0,0.0
39.850002,-115.149994,2021-09-27 00:00:00,0,0.0
39.850002,-115.049995,2021-09-27 00:00:00,0,0.0
39.850002,-114.95,2021-09-27 00:00:00,0,0.0
39.850002,-114.85,2021-09-27 00:00:00,0,0.0
39.850002,-114.74999,2021-09-27 00:00:00,0,0.0
39.850002,-114.649994,2021-09-27 00:00:00,0,0.0
39.850002,-114.549995,2021-09-27 00:00:00,0,0.0
39.850002,-114.45,2021-09-27 00:00:00,0,0.0
39.850002,-114.35,2021-09-27 00:00:00,0,0.0
39.850002,-114.24999,2021-09-27 00:00:00,0,0.0
39.95001,-124.34999,2021-09-27 00:00:00,0,0.0
39.95001,-124.25,2021-09-27 00:00:00,0,0.0
39.95001,-124.149994,2021-09-27 00:00:00,0,0.0
39.95001,-124.049995,2021-09-27 00:00:00,0,0.0
39.95001,-123.95,2021-09-27 00:00:00,0,0.5006026
39.95001,-123.84999,2021-09-27 00:00:00,0,0.3907086
39.95001,-123.75,2021-09-27 00:00:00,0,0.56551176
39.95001,-123.649994,2021-09-27 00:00:00,0,0.0
39.95001,-123.549995,2021-09-27 00:00:00,0,0.0
39.95001,-123.45,2021-09-27 00:00:00,0,0.0
39.95001,-123.34999,2021-09-27 00:00:00,0,0.0
39.95001,-123.25,2021-09-27 00:00:00,0,0.0
39.95001,-123.149994,2021-09-27 00:00:00,0,0.0007321021
39.95001,-123.049995,2021-09-27 00:00:00,0,0.0
39.95001,-122.95,2021-09-27 00:00:00,0,0.0
39.95001,-122.84999,2021-09-27 00:00:00,0,0.0
39.95001,-122.75,2021-09-27 00:00:00,0,0.0
39.95001,-122.649994,2021-09-27 00:00:00,0,0.0
39.95001,-122.549995,2021-09-27 00:00:00,0,0.0016135786
39.95001,-122.45,2021-09-27 00:00:00,0,0.0016135786
39.95001,-122.34999,2021-09-27 00:00:00,0,0.13394795
39.95001,-122.25,2021-09-27 00:00:00,0,0.25067213
39.95001,-122.149994,2021-09-27 00:00:00,0,0.19950755
39.95001,-122.049995,2021-09-27 00:00:00,0,0.3834921
39.95001,-121.95,2021-09-27 00:00:00,0,0.26767695
39.95001,-121.84999,2021-09-27 00:00:00,0,0.13961542
39.95001,-121.75,2021-09-27 00:00:00,0,0.11968147
39.95001,-121.649994,2021-09-27 00:00:00,0,0.15993792
39.95001,-121.549995,2021-09-27 00:00:00,0,0.25857148
39.95001,-121.45,2021-09-27 00:00:00,0,0.26483986
39.95001,-121.34999,2021-09-27 00:00:00,0,0.14
39.95001,-121.25,2021-09-27 00:00:00,0,0.0
39.95001,-121.149994,2021-09-27 00:00:00,0,0.0
39.95001,-121.049995,2021-09-27 00:00:00,0,0.0
39.95001,-120.95,2021-09-27 00:00:00,0,0.0
39.95001,-120.84999,2021-09-27 00:00:00,0,0.0
39.95001,-120.75,2021-09-27 00:00:00,0,0.0014102538
39.95001,-120.649994,2021-09-27 00:00:00,0,0.0
39.95001,-120.549995,2021-09-27 00:00:00,0,0.0
39.95001,-120.45,2021-09-27 00:00:00,0,0.014522207
39.95001,-120.34999,2021-09-27 00:00:00,0,0.017431358
39.95001,-120.25,2021-09-27 00:00:00,0,0.032307714
39.95001,-120.149994,2021-09-27 00:00:00,0,0.052307714
39.95001,-120.049995,2021-09-27 00:00:00,0,0.044117462
39.95001,-119.95,2021-09-27 00:00:00,0,0.0
39.95001,-119.84999,2021-09-27 00:00:00,0,0.0
39.95001,-119.75,2021-09-27 00:00:00,0,0.0
39.95001,-119.649994,2021-09-27 00:00:00,0,0.0
39.95001,-119.549995,2021-09-27 00:00:00,0,0.0
39.95001,-119.45,2021-09-27 00:00:00,0,0.0
39.95001,-119.34999,2021-09-27 00:00:00,0,0.0
39.95001,-119.25,2021-09-27 00:00:00,0,0.0
39.95001,-119.149994,2021-09-27 00:00:00,0,0.0
39.95001,-119.049995,2021-09-27 00:00:00,0,0.0
39.95001,-118.95,2021-09-27 00:00:00,0,0.0
39.95001,-118.84999,2021-09-27 00:00:00,0,0.0
39.95001,-118.75,2021-09-27 00:00:00,0,0.0
39.95001,-118.649994,2021-09-27 00:00:00,0,0.0
39.95001,-118.549995,2021-09-27 00:00:00,0,0.0
39.95001,-118.45,2021-09-27 00:00:00,0,0.0
39.95001,-118.34999,2021-09-27 00:00:00,0,0.0
39.95001,-118.25,2021-09-27 00:00:00,0,0.0
39.95001,-118.149994,2021-09-27 00:00:00,0,0.0
39.95001,-118.049995,2021-09-27 00:00:00,0,0.0
39.95001,-117.95,2021-09-27 00:00:00,0,0.0
39.95001,-117.84999,2021-09-27 00:00:00,0,0.0
39.95001,-117.75,2021-09-27 00:00:00,0,0.0
39.95001,-117.649994,2021-09-27 00:00:00,0,0.0
39.95001,-117.549995,2021-09-27 00:00:00,0,0.0
39.95001,-117.45,2021-09-27 00:00:00,0,0.0
39.95001,-117.34999,2021-09-27 00:00:00,0,0.0
39.95001,-117.25,2021-09-27 00:00:00,0,0.0
39.95001,-117.149994,2021-09-27 00:00:00,0,0.0
39.95001,-117.049995,2021-09-27 00:00:00,0,0.0
39.95001,-116.95,2021-09-27 00:00:00,0,0.0
39.95001,-116.84999,2021-09-27 00:00:00,0,0.0
39.95001,-116.75,2021-09-27 00:00:00,0,0.0
39.95001,-116.649994,2021-09-27 00:00:00,0,0.0
39.95001,-116.549995,2021-09-27 00:00:00,0,0.0
39.95001,-116.45,2021-09-27 00:00:00,0,0.0
39.95001,-116.34999,2021-09-27 00:00:00,0,0.0
39.95001,-116.25,2021-09-27 00:00:00,0,0.0
39.95001,-116.149994,2021-09-27 00:00:00,0,0.0
39.95001,-116.049995,2021-09-27 00:00:00,0,0.0
39.95001,-115.95,2021-09-27 00:00:00,0,0.0
39.95001,-115.85,2021-09-27 00:00:00,0,0.0
39.95001,-115.74999,2021-09-27 00:00:00,0,0.0
39.95001,-115.649994,2021-09-27 00:00:00,0,0.0
39.95001,-115.549995,2021-09-27 00:00:00,0,0.0
39.95001,-115.45,2021-09-27 00:00:00,0,0.0
39.95001,-115.35,2021-09-27 00:00:00,0,0.0
39.95001,-115.24999,2021-09-27 00:00:00,0,0.0
39.95001,-115.149994,2021-09-27 00:00:00,0,0.0
39.95001,-115.049995,2021-09-27 00:00:00,0,0.0
39.95001,-114.95,2021-09-27 00:00:00,0,0.0
39.95001,-114.85,2021-09-27 00:00:00,0,0.0
39.95001,-114.74999,2021-09-27 00:00:00,0,0.0
39.95001,-114.649994,2021-09-27 00:00:00,0,0.0
39.95001,-114.549995,2021-09-27 00:00:00,0,0.0
39.95001,-114.45,2021-09-27 00:00:00,0,0.0
39.95001,-114.35,2021-09-27 00:00:00,0,0.0
39.95001,-114.24999,2021-09-27 00:00:00,0,0.0
40.05,-124.34999,2021-09-27 00:00:00,0,0.0
40.05,-124.25,2021-09-27 00:00:00,0,0.0
40.05,-124.149994,2021-09-27 00:00:00,0,0.0
40.05,-124.049995,2021-09-27 00:00:00,0,0.7042059
40.05,-123.95,2021-09-27 00:00:00,0,0.58319473
40.05,-123.84999,2021-09-27 00:00:00,0,1.2059505
40.05,-123.75,2021-09-27 00:00:00,0,0.4906205
40.05,-123.649994,2021-09-27 00:00:00,0,0.0
40.05,-123.549995,2021-09-27 00:00:00,0,0.0
40.05,-123.45,2021-09-27 00:00:00,0,0.0083909705
40.05,-123.34999,2021-09-27 00:00:00,0,0.0
40.05,-123.25,2021-09-27 00:00:00,0,0.0005889174
40.05,-123.149994,2021-09-27 00:00:00,0,0.0
40.05,-123.049995,2021-09-27 00:00:00,0,0.0
40.05,-122.95,2021-09-27 00:00:00,0,0.0
40.05,-122.84999,2021-09-27 00:00:00,0,0.0
40.05,-122.75,2021-09-27 00:00:00,0,0.0
40.05,-122.649994,2021-09-27 00:00:00,0,0.0
40.05,-122.549995,2021-09-27 00:00:00,0,0.0
40.05,-122.45,2021-09-27 00:00:00,0,0.06684513
40.05,-122.34999,2021-09-27 00:00:00,0,0.15758546
40.05,-122.25,2021-09-27 00:00:00,0,0.20437191
40.05,-122.149994,2021-09-27 00:00:00,0,0.36313176
40.05,-122.049995,2021-09-27 00:00:00,0,0.41426423
40.05,-121.95,2021-09-27 00:00:00,0,0.27804077
40.05,-121.84999,2021-09-27 00:00:00,0,0.15692481
40.05,-121.75,2021-09-27 00:00:00,0,0.2180689
40.05,-121.649994,2021-09-27 00:00:00,0,0.3055967
40.05,-121.549995,2021-09-27 00:00:00,0,0.39271778
40.05,-121.45,2021-09-27 00:00:00,0,0.2056316
40.05,-121.34999,2021-09-27 00:00:00,0,0.095
40.05,-121.25,2021-09-27 00:00:00,0,0.0022670748
40.05,-121.149994,2021-09-27 00:00:00,0,0.0
40.05,-121.049995,2021-09-27 00:00:00,0,0.005
40.05,-120.95,2021-09-27 00:00:00,0,0.0033288717
40.05,-120.84999,2021-09-27 00:00:00,0,0.0018826332
40.05,-120.75,2021-09-27 00:00:00,0,0.0
40.05,-120.649994,2021-09-27 00:00:00,0,0.0083909705
40.05,-120.549995,2021-09-27 00:00:00,0,0.0
40.05,-120.45,2021-09-27 00:00:00,0,0.015040154
40.05,-120.34999,2021-09-27 00:00:00,0,0.036927078
40.05,-120.25,2021-09-27 00:00:00,0,0.04437595
40.05,-120.149994,2021-09-27 00:00:00,0,0.024727521
40.05,-120.049995,2021-09-27 00:00:00,0,0.19528526
40.05,-119.95,2021-09-27 00:00:00,0,0.0
40.05,-119.84999,2021-09-27 00:00:00,0,0.0
40.05,-119.75,2021-09-27 00:00:00,0,0.0
40.05,-119.649994,2021-09-27 00:00:00,0,0.0
40.05,-119.549995,2021-09-27 00:00:00,0,0.0
40.05,-119.45,2021-09-27 00:00:00,0,0.0
40.05,-119.34999,2021-09-27 00:00:00,0,0.0
40.05,-119.25,2021-09-27 00:00:00,0,0.0
40.05,-119.149994,2021-09-27 00:00:00,0,0.0
40.05,-119.049995,2021-09-27 00:00:00,0,0.0
40.05,-118.95,2021-09-27 00:00:00,0,0.0
40.05,-118.84999,2021-09-27 00:00:00,0,0.0
40.05,-118.75,2021-09-27 00:00:00,0,0.0
40.05,-118.649994,2021-09-27 00:00:00,0,0.0
40.05,-118.549995,2021-09-27 00:00:00,0,0.0
40.05,-118.45,2021-09-27 00:00:00,0,0.0
40.05,-118.34999,2021-09-27 00:00:00,0,0.0
40.05,-118.25,2021-09-27 00:00:00,0,0.0
40.05,-118.149994,2021-09-27 00:00:00,0,0.0
40.05,-118.049995,2021-09-27 00:00:00,0,0.0
40.05,-117.95,2021-09-27 00:00:00,0,0.0
40.05,-117.84999,2021-09-27 00:00:00,0,0.0
40.05,-117.75,2021-09-27 00:00:00,0,0.0
40.05,-117.649994,2021-09-27 00:00:00,0,0.0
40.05,-117.549995,2021-09-27 00:00:00,0,0.0
40.05,-117.45,2021-09-27 00:00:00,0,0.0
40.05,-117.34999,2021-09-27 00:00:00,0,0.0
40.05,-117.25,2021-09-27 00:00:00,0,0.0
40.05,-117.149994,2021-09-27 00:00:00,0,0.0
40.05,-117.049995,2021-09-27 00:00:00,0,0.0
40.05,-116.95,2021-09-27 00:00:00,0,0.0
40.05,-116.84999,2021-09-27 00:00:00,0,0.0
40.05,-116.75,2021-09-27 00:00:00,0,0.0
40.05,-116.649994,2021-09-27 00:00:00,0,0.0
40.05,-116.549995,2021-09-27 00:00:00,0,0.0
40.05,-116.45,2021-09-27 00:00:00,0,0.0
40.05,-116.34999,2021-09-27 00:00:00,0,0.0
40.05,-116.25,2021-09-27 00:00:00,0,0.0
40.05,-116.149994,2021-09-27 00:00:00,0,0.0
40.05,-116.049995,2021-09-27 00:00:00,0,0.0
40.05,-115.95,2021-09-27 00:00:00,0,0.0
40.05,-115.85,2021-09-27 00:00:00,0,0.0
40.05,-115.74999,2021-09-27 00:00:00,0,0.0
40.05,-115.649994,2021-09-27 00:00:00,0,0.0
40.05,-115.549995,2021-09-27 00:00:00,0,0.0
40.05,-115.45,2021-09-27 00:00:00,0,0.0
40.05,-115.35,2021-09-27 00:00:00,0,0.0
40.05,-115.24999,2021-09-27 00:00:00,0,0.0
40.05,-115.149994,2021-09-27 00:00:00,0,0.0
40.05,-115.049995,2021-09-27 00:00:00,0,0.0
40.05,-114.95,2021-09-27 00:00:00,0,0.0
40.05,-114.85,2021-09-27 00:00:00,0,0.0
40.05,-114.74999,2021-09-27 00:00:00,0,0.0
40.05,-114.649994,2021-09-27 00:00:00,0,0.0
40.05,-114.549995,2021-09-27 00:00:00,0,0.0
40.05,-114.45,2021-09-27 00:00:00,0,0.0
40.05,-114.35,2021-09-27 00:00:00,0,0.0
40.05,-114.24999,2021-09-27 00:00:00,0,0.0
40.150005,-124.34999,2021-09-27 00:00:00,0,0.0
40.150005,-124.25,2021-09-27 00:00:00,0,0.0
40.150005,-124.149994,2021-09-27 00:00:00,0,1.1484008
40.150005,-124.049995,2021-09-27 00:00:00,0,1.1075629
40.150005,-123.95,2021-09-27 00:00:00,0,2.2122571
40.150005,-123.84999,2021-09-27 00:00:00,0,0.88403237
40.150005,-123.75,2021-09-27 00:00:00,0,0.68596184
40.150005,-123.649994,2021-09-27 00:00:00,0,0.432135
40.150005,-123.549995,2021-09-27 00:00:00,0,0.042331718
40.150005,-123.45,2021-09-27 00:00:00,0,0.16467279
40.150005,-123.34999,2021-09-27 00:00:00,0,0.21187201
40.150005,-123.25,2021-09-27 00:00:00,0,0.12481569
40.150005,-123.149994,2021-09-27 00:00:00,0,0.0
40.150005,-123.049995,2021-09-27 00:00:00,0,0.0
40.150005,-122.95,2021-09-27 00:00:00,0,0.0
40.150005,-122.84999,2021-09-27 00:00:00,0,0.0
40.150005,-122.75,2021-09-27 00:00:00,0,0.0
40.150005,-122.649994,2021-09-27 00:00:00,0,0.0
40.150005,-122.549995,2021-09-27 00:00:00,0,0.0
40.150005,-122.45,2021-09-27 00:00:00,0,0.06350287
40.150005,-122.34999,2021-09-27 00:00:00,0,0.118212044
40.150005,-122.25,2021-09-27 00:00:00,0,0.26942277
40.150005,-122.149994,2021-09-27 00:00:00,0,0.3460229
40.150005,-122.049995,2021-09-27 00:00:00,0,0.21589689
40.150005,-121.95,2021-09-27 00:00:00,0,0.27881718
40.150005,-121.84999,2021-09-27 00:00:00,0,0.32500708
40.150005,-121.75,2021-09-27 00:00:00,0,0.24530245
40.150005,-121.649994,2021-09-27 00:00:00,0,0.50899166
40.150005,-121.549995,2021-09-27 00:00:00,0,0.3781641
40.150005,-121.45,2021-09-27 00:00:00,0,0.09007144
40.150005,-121.34999,2021-09-27 00:00:00,0,0.0010488713
40.150005,-121.25,2021-09-27 00:00:00,0,0.0
40.150005,-121.149994,2021-09-27 00:00:00,0,0.018136598
40.150005,-121.049995,2021-09-27 00:00:00,0,0.0
40.150005,-120.95,2021-09-27 00:00:00,0,0.04
40.150005,-120.84999,2021-09-27 00:00:00,0,0.026630973
40.150005,-120.75,2021-09-27 00:00:00,0,0.015061066
40.150005,-120.649994,2021-09-27 00:00:00,0,0.0
40.150005,-120.549995,2021-09-27 00:00:00,0,0.0010488713
40.150005,-120.45,2021-09-27 00:00:00,0,0.006684513
40.150005,-120.34999,2021-09-27 00:00:00,0,0.009727522
40.150005,-120.25,2021-09-27 00:00:00,0,0.005926692
40.150005,-120.149994,2021-09-27 00:00:00,0,0.0
40.150005,-120.049995,2021-09-27 00:00:00,0,0.0
40.150005,-119.95,2021-09-27 00:00:00,0,0.0
40.150005,-119.84999,2021-09-27 00:00:00,0,0.0
40.150005,-119.75,2021-09-27 00:00:00,0,0.0
40.150005,-119.649994,2021-09-27 00:00:00,0,0.0
40.150005,-119.549995,2021-09-27 00:00:00,0,0.0
40.150005,-119.45,2021-09-27 00:00:00,0,0.0
40.150005,-119.34999,2021-09-27 00:00:00,0,0.0
40.150005,-119.25,2021-09-27 00:00:00,0,0.0
40.150005,-119.149994,2021-09-27 00:00:00,0,0.0
40.150005,-119.049995,2021-09-27 00:00:00,0,0.0
40.150005,-118.95,2021-09-27 00:00:00,0,0.0
40.150005,-118.84999,2021-09-27 00:00:00,0,0.0
40.150005,-118.75,2021-09-27 00:00:00,0,0.0
40.150005,-118.649994,2021-09-27 00:00:00,0,0.0
40.150005,-118.549995,2021-09-27 00:00:00,0,0.0
40.150005,-118.45,2021-09-27 00:00:00,0,0.0
40.150005,-118.34999,2021-09-27 00:00:00,0,0.0
40.150005,-118.25,2021-09-27 00:00:00,0,0.0
40.150005,-118.149994,2021-09-27 00:00:00,0,0.0
40.150005,-118.049995,2021-09-27 00:00:00,0,0.0
40.150005,-117.95,2021-09-27 00:00:00,0,0.0
40.150005,-117.84999,2021-09-27 00:00:00,0,0.0
40.150005,-117.75,2021-09-27 00:00:00,0,0.0
40.150005,-117.649994,2021-09-27 00:00:00,0,0.0
40.150005,-117.549995,2021-09-27 00:00:00,0,0.0
40.150005,-117.45,2021-09-27 00:00:00,0,0.0
40.150005,-117.34999,2021-09-27 00:00:00,0,0.0
40.150005,-117.25,2021-09-27 00:00:00,0,0.0
40.150005,-117.149994,2021-09-27 00:00:00,0,0.0
40.150005,-117.049995,2021-09-27 00:00:00,0,0.0
40.150005,-116.95,2021-09-27 00:00:00,0,0.0
40.150005,-116.84999,2021-09-27 00:00:00,0,0.0
40.150005,-116.75,2021-09-27 00:00:00,0,0.0
40.150005,-116.649994,2021-09-27 00:00:00,0,0.0
40.150005,-116.549995,2021-09-27 00:00:00,0,0.0
40.150005,-116.45,2021-09-27 00:00:00,0,0.0
40.150005,-116.34999,2021-09-27 00:00:00,0,0.0
40.150005,-116.25,2021-09-27 00:00:00,0,0.0
40.150005,-116.149994,2021-09-27 00:00:00,0,0.0
40.150005,-116.049995,2021-09-27 00:00:00,0,0.0
40.150005,-115.95,2021-09-27 00:00:00,0,0.0
40.150005,-115.85,2021-09-27 00:00:00,0,0.0
40.150005,-115.74999,2021-09-27 00:00:00,0,0.0
40.150005,-115.649994,2021-09-27 00:00:00,0,0.0
40.150005,-115.549995,2021-09-27 00:00:00,0,0.0
40.150005,-115.45,2021-09-27 00:00:00,0,0.0
40.150005,-115.35,2021-09-27 00:00:00,0,0.0
40.150005,-115.24999,2021-09-27 00:00:00,0,0.0
40.150005,-115.149994,2021-09-27 00:00:00,0,0.0
40.150005,-115.049995,2021-09-27 00:00:00,0,0.0
40.150005,-114.95,2021-09-27 00:00:00,0,0.0
40.150005,-114.85,2021-09-27 00:00:00,0,0.0
40.150005,-114.74999,2021-09-27 00:00:00,0,0.0
40.150005,-114.649994,2021-09-27 00:00:00,0,0.0
40.150005,-114.549995,2021-09-27 00:00:00,0,0.0
40.150005,-114.45,2021-09-27 00:00:00,0,0.0
40.150005,-114.35,2021-09-27 00:00:00,0,0.0
40.150005,-114.24999,2021-09-27 00:00:00,0,0.0
40.249996,-124.34999,2021-09-27 00:00:00,0,3.2047336
40.249996,-124.25,2021-09-27 00:00:00,0,1.8472359
40.249996,-124.149994,2021-09-27 00:00:00,0,2.04715
40.249996,-124.049995,2021-09-27 00:00:00,0,3.654783
40.249996,-123.95,2021-09-27 00:00:00,0,1.7128732
40.249996,-123.84999,2021-09-27 00:00:00,0,1.2318057
40.249996,-123.75,2021-09-27 00:00:00,0,0.815502
40.249996,-123.649994,2021-09-27 00:00:00,0,0.5675001
40.249996,-123.549995,2021-09-27 00:00:00,0,0.7738588
40.249996,-123.45,2021-09-27 00:00:00,0,0.71043503
40.249996,-123.34999,2021-09-27 00:00:00,0,0.5806496
40.249996,-123.25,2021-09-27 00:00:00,0,0.031466138
40.249996,-123.149994,2021-09-27 00:00:00,0,0.013635327
40.249996,-123.049995,2021-09-27 00:00:00,0,0.0
40.249996,-122.95,2021-09-27 00:00:00,0,0.0
40.249996,-122.84999,2021-09-27 00:00:00,0,0.0
40.249996,-122.75,2021-09-27 00:00:00,0,0.0
40.249996,-122.649994,2021-09-27 00:00:00,0,0.0
40.249996,-122.549995,2021-09-27 00:00:00,0,0.0
40.249996,-122.45,2021-09-27 00:00:00,0,0.034195952
40.249996,-122.34999,2021-09-27 00:00:00,0,0.14435387
40.249996,-122.25,2021-09-27 00:00:00,0,0.20591162
40.249996,-122.149994,2021-09-27 00:00:00,0,0.11996763
40.249996,-122.049995,2021-09-27 00:00:00,0,0.20514952
40.249996,-121.95,2021-09-27 00:00:00,0,0.38883042
40.249996,-121.84999,2021-09-27 00:00:00,0,0.19347477
40.249996,-121.75,2021-09-27 00:00:00,0,0.36733797
40.249996,-121.649994,2021-09-27 00:00:00,0,0.33370036
40.249996,-121.549995,2021-09-27 00:00:00,0,0.093059115
40.249996,-121.45,2021-09-27 00:00:00,0,0.011882633
40.249996,-121.34999,2021-09-27 00:00:00,0,0.0
40.249996,-121.25,2021-09-27 00:00:00,0,0.0
40.249996,-121.149994,2021-09-27 00:00:00,0,0.036888156
40.249996,-121.049995,2021-09-27 00:00:00,0,0.0022670748
40.249996,-120.95,2021-09-27 00:00:00,0,0.0
40.249996,-120.84999,2021-09-27 00:00:00,0,0.005
40.249996,-120.75,2021-09-27 00:00:00,0,0.0033288717
40.249996,-120.649994,2021-09-27 00:00:00,0,0.0060781185
40.249996,-120.549995,2021-09-27 00:00:00,0,0.0
40.249996,-120.45,2021-09-27 00:00:00,0,0.0025066922
40.249996,-120.34999,2021-09-27 00:00:00,0,0.0036478206
40.249996,-120.25,2021-09-27 00:00:00,0,0.0
40.249996,-120.149994,2021-09-27 00:00:00,0,0.0
40.249996,-120.049995,2021-09-27 00:00:00,0,0.0
40.249996,-119.95,2021-09-27 00:00:00,0,0.0
40.249996,-119.84999,2021-09-27 00:00:00,0,0.0
40.249996,-119.75,2021-09-27 00:00:00,0,0.0
40.249996,-119.649994,2021-09-27 00:00:00,0,0.0
40.249996,-119.549995,2021-09-27 00:00:00,0,0.0
40.249996,-119.45,2021-09-27 00:00:00,0,0.0
40.249996,-119.34999,2021-09-27 00:00:00,0,0.0
40.249996,-119.25,2021-09-27 00:00:00,0,0.0
40.249996,-119.149994,2021-09-27 00:00:00,0,0.0
40.249996,-119.049995,2021-09-27 00:00:00,0,0.0
40.249996,-118.95,2021-09-27 00:00:00,0,0.0
40.249996,-118.84999,2021-09-27 00:00:00,0,0.0
40.249996,-118.75,2021-09-27 00:00:00,0,0.0
40.249996,-118.649994,2021-09-27 00:00:00,0,0.0
40.249996,-118.549995,2021-09-27 00:00:00,0,0.0
40.249996,-118.45,2021-09-27 00:00:00,0,0.0
40.249996,-118.34999,2021-09-27 00:00:00,0,0.0
40.249996,-118.25,2021-09-27 00:00:00,0,0.0
40.249996,-118.149994,2021-09-27 00:00:00,0,0.0
40.249996,-118.049995,2021-09-27 00:00:00,0,0.0
40.249996,-117.95,2021-09-27 00:00:00,0,0.0
40.249996,-117.84999,2021-09-27 00:00:00,0,0.0
40.249996,-117.75,2021-09-27 00:00:00,0,0.0
40.249996,-117.649994,2021-09-27 00:00:00,0,0.0
40.249996,-117.549995,2021-09-27 00:00:00,0,0.0
40.249996,-117.45,2021-09-27 00:00:00,0,0.0
40.249996,-117.34999,2021-09-27 00:00:00,0,0.0
40.249996,-117.25,2021-09-27 00:00:00,0,0.0
40.249996,-117.149994,2021-09-27 00:00:00,0,0.0
40.249996,-117.049995,2021-09-27 00:00:00,0,0.0
40.249996,-116.95,2021-09-27 00:00:00,0,0.0
40.249996,-116.84999,2021-09-27 00:00:00,0,0.0
40.249996,-116.75,2021-09-27 00:00:00,0,0.0
40.249996,-116.649994,2021-09-27 00:00:00,0,0.0
40.249996,-116.549995,2021-09-27 00:00:00,0,0.0
40.249996,-116.45,2021-09-27 00:00:00,0,0.0
40.249996,-116.34999,2021-09-27 00:00:00,0,0.0
40.249996,-116.25,2021-09-27 00:00:00,0,0.0
40.249996,-116.149994,2021-09-27 00:00:00,0,0.0
40.249996,-116.049995,2021-09-27 00:00:00,0,0.0
40.249996,-115.95,2021-09-27 00:00:00,0,0.0
40.249996,-115.85,2021-09-27 00:00:00,0,0.0
40.249996,-115.74999,2021-09-27 00:00:00,0,0.0
40.249996,-115.649994,2021-09-27 00:00:00,0,0.0
40.249996,-115.549995,2021-09-27 00:00:00,0,0.0
40.249996,-115.45,2021-09-27 00:00:00,0,0.0
40.249996,-115.35,2021-09-27 00:00:00,0,0.0
40.249996,-115.24999,2021-09-27 00:00:00,0,0.0
40.249996,-115.149994,2021-09-27 00:00:00,0,0.0
40.249996,-115.049995,2021-09-27 00:00:00,0,0.0
40.249996,-114.95,2021-09-27 00:00:00,0,0.0
40.249996,-114.85,2021-09-27 00:00:00,0,0.0
40.249996,-114.74999,2021-09-27 00:00:00,0,0.0
40.249996,-114.649994,2021-09-27 00:00:00,0,0.0
40.249996,-114.549995,2021-09-27 00:00:00,0,0.0
40.249996,-114.45,2021-09-27 00:00:00,0,0.0
40.249996,-114.35,2021-09-27 00:00:00,0,0.0
40.249996,-114.24999,2021-09-27 00:00:00,0,0.0
40.350002,-124.34999,2021-09-27 00:00:00,0,2.687814
40.350002,-124.25,2021-09-27 00:00:00,0,1.5323374
40.350002,-124.149994,2021-09-27 00:00:00,0,3.034541
40.350002,-124.049995,2021-09-27 00:00:00,0,3.2630932
40.350002,-123.95,2021-09-27 00:00:00,0,2.2640812
40.350002,-123.84999,2021-09-27 00:00:00,0,1.4852891
40.350002,-123.75,2021-09-27 00:00:00,0,1.8217595
40.350002,-123.649994,2021-09-27 00:00:00,0,1.389002
40.350002,-123.549995,2021-09-27 00:00:00,0,1.7230681
40.350002,-123.45,2021-09-27 00:00:00,0,1.5215755
40.350002,-123.34999,2021-09-27 00:00:00,0,0.51900125
40.350002,-123.25,2021-09-27 00:00:00,0,0.28669208
40.350002,-123.149994,2021-09-27 00:00:00,0,0.057687927
40.350002,-123.049995,2021-09-27 00:00:00,0,0.0
40.350002,-122.95,2021-09-27 00:00:00,0,0.0
40.350002,-122.84999,2021-09-27 00:00:00,0,0.0
40.350002,-122.75,2021-09-27 00:00:00,0,0.0
40.350002,-122.649994,2021-09-27 00:00:00,0,0.074999996
40.350002,-122.549995,2021-09-27 00:00:00,0,0.09005354
40.350002,-122.45,2021-09-27 00:00:00,0,0.050146483
40.350002,-122.34999,2021-09-27 00:00:00,0,0.09359581
40.350002,-122.25,2021-09-27 00:00:00,0,0.06668212
40.350002,-122.149994,2021-09-27 00:00:00,0,0.10607973
40.350002,-122.049995,2021-09-27 00:00:00,0,0.272116
40.350002,-121.95,2021-09-27 00:00:00,0,0.10358964
40.350002,-121.84999,2021-09-27 00:00:00,0,0.21608141
40.350002,-121.75,2021-09-27 00:00:00,0,0.19451223
40.350002,-121.649994,2021-09-27 00:00:00,0,0.12170497
40.350002,-121.549995,2021-09-27 00:00:00,0,0.09123112
40.350002,-121.45,2021-09-27 00:00:00,0,0.03
40.350002,-121.34999,2021-09-27 00:00:00,0,0.0
40.350002,-121.25,2021-09-27 00:00:00,0,0.03192509
40.350002,-121.149994,2021-09-27 00:00:00,0,0.009068299
40.350002,-121.049995,2021-09-27 00:00:00,0,0.0
40.350002,-120.95,2021-09-27 00:00:00,0,0.02
40.350002,-120.84999,2021-09-27 00:00:00,0,0.013315487
40.350002,-120.75,2021-09-27 00:00:00,0,0.007530533
40.350002,-120.649994,2021-09-27 00:00:00,0,0.0
40.350002,-120.549995,2021-09-27 00:00:00,0,0.0
40.350002,-120.45,2021-09-27 00:00:00,0,0.0
40.350002,-120.34999,2021-09-27 00:00:00,0,0.0
40.350002,-120.25,2021-09-27 00:00:00,0,0.0
40.350002,-120.149994,2021-09-27 00:00:00,0,0.0
40.350002,-120.049995,2021-09-27 00:00:00,0,0.0
40.350002,-119.95,2021-09-27 00:00:00,0,0.0
40.350002,-119.84999,2021-09-27 00:00:00,0,0.0
40.350002,-119.75,2021-09-27 00:00:00,0,0.0
40.350002,-119.649994,2021-09-27 00:00:00,0,0.0
40.350002,-119.549995,2021-09-27 00:00:00,0,0.0
40.350002,-119.45,2021-09-27 00:00:00,0,0.0
40.350002,-119.34999,2021-09-27 00:00:00,0,0.0
40.350002,-119.25,2021-09-27 00:00:00,0,0.0
40.350002,-119.149994,2021-09-27 00:00:00,0,0.0
40.350002,-119.049995,2021-09-27 00:00:00,0,0.0
40.350002,-118.95,2021-09-27 00:00:00,0,0.0
40.350002,-118.84999,2021-09-27 00:00:00,0,0.0
40.350002,-118.75,2021-09-27 00:00:00,0,0.0
40.350002,-118.649994,2021-09-27 00:00:00,0,0.0
40.350002,-118.549995,2021-09-27 00:00:00,0,0.0
40.350002,-118.45,2021-09-27 00:00:00,0,0.0
40.350002,-118.34999,2021-09-27 00:00:00,0,0.0
40.350002,-118.25,2021-09-27 00:00:00,0,0.0
40.350002,-118.149994,2021-09-27 00:00:00,0,0.0
40.350002,-118.049995,2021-09-27 00:00:00,0,0.0
40.350002,-117.95,2021-09-27 00:00:00,0,0.0
40.350002,-117.84999,2021-09-27 00:00:00,0,0.0
40.350002,-117.75,2021-09-27 00:00:00,0,0.0
40.350002,-117.649994,2021-09-27 00:00:00,0,0.0
40.350002,-117.549995,2021-09-27 00:00:00,0,0.0
40.350002,-117.45,2021-09-27 00:00:00,0,0.0
40.350002,-117.34999,2021-09-27 00:00:00,0,0.0
40.350002,-117.25,2021-09-27 00:00:00,0,0.0
40.350002,-117.149994,2021-09-27 00:00:00,0,0.0
40.350002,-117.049995,2021-09-27 00:00:00,0,0.0
40.350002,-116.95,2021-09-27 00:00:00,0,0.0
40.350002,-116.84999,2021-09-27 00:00:00,0,0.0
40.350002,-116.75,2021-09-27 00:00:00,0,0.0
40.350002,-116.649994,2021-09-27 00:00:00,0,0.0
40.350002,-116.549995,2021-09-27 00:00:00,0,0.0
40.350002,-116.45,2021-09-27 00:00:00,0,0.0
40.350002,-116.34999,2021-09-27 00:00:00,0,0.0
40.350002,-116.25,2021-09-27 00:00:00,0,0.0
40.350002,-116.149994,2021-09-27 00:00:00,0,0.0
40.350002,-116.049995,2021-09-27 00:00:00,0,0.0
40.350002,-115.95,2021-09-27 00:00:00,0,0.0
40.350002,-115.85,2021-09-27 00:00:00,0,0.0
40.350002,-115.74999,2021-09-27 00:00:00,0,0.0
40.350002,-115.649994,2021-09-27 00:00:00,0,0.0
40.350002,-115.549995,2021-09-27 00:00:00,0,0.0
40.350002,-115.45,2021-09-27 00:00:00,0,0.0
40.350002,-115.35,2021-09-27 00:00:00,0,0.0
40.350002,-115.24999,2021-09-27 00:00:00,0,0.0
40.350002,-115.149994,2021-09-27 00:00:00,0,0.0
40.350002,-115.049995,2021-09-27 00:00:00,0,0.0
40.350002,-114.95,2021-09-27 00:00:00,0,0.0
40.350002,-114.85,2021-09-27 00:00:00,0,0.0
40.350002,-114.74999,2021-09-27 00:00:00,0,0.0
40.350002,-114.649994,2021-09-27 00:00:00,0,0.0
40.350002,-114.549995,2021-09-27 00:00:00,0,0.0
40.350002,-114.45,2021-09-27 00:00:00,0,0.0
40.350002,-114.35,2021-09-27 00:00:00,0,0.0
40.350002,-114.24999,2021-09-27 00:00:00,0,0.0
40.45001,-124.34999,2021-09-27 00:00:00,0,4.9295497
40.45001,-124.25,2021-09-27 00:00:00,0,3.46444
40.45001,-124.149994,2021-09-27 00:00:00,0,2.2398791
40.45001,-124.049995,2021-09-27 00:00:00,0,4.043018
40.45001,-123.95,2021-09-27 00:00:00,0,2.3051755
40.45001,-123.84999,2021-09-27 00:00:00,0,2.4278276
40.45001,-123.75,2021-09-27 00:00:00,0,3.1421847
40.45001,-123.649994,2021-09-27 00:00:00,0,3.5725076
40.45001,-123.549995,2021-09-27 00:00:00,0,3.1212342
40.45001,-123.45,2021-09-27 00:00:00,0,1.2808976
40.45001,-123.34999,2021-09-27 00:00:00,0,0.8485236
40.45001,-123.25,2021-09-27 00:00:00,0,0.4821874
40.45001,-123.149994,2021-09-27 00:00:00,0,0.2454359
40.45001,-123.049995,2021-09-27 00:00:00,0,0.017830813
40.45001,-122.95,2021-09-27 00:00:00,0,0.0
40.45001,-122.84999,2021-09-27 00:00:00,0,0.06
40.45001,-122.75,2021-09-27 00:00:00,0,0.11426692
40.45001,-122.649994,2021-09-27 00:00:00,0,0.1203158
40.45001,-122.549995,2021-09-27 00:00:00,0,0.018382411
40.45001,-122.45,2021-09-27 00:00:00,0,0.018382411
40.45001,-122.34999,2021-09-27 00:00:00,0,0.008342257
40.45001,-122.25,2021-09-27 00:00:00,0,0.056818362
40.45001,-122.149994,2021-09-27 00:00:00,0,0.15530682
40.45001,-122.049995,2021-09-27 00:00:00,0,0.06634858
40.45001,-121.95,2021-09-27 00:00:00,0,0.12299807
40.45001,-121.84999,2021-09-27 00:00:00,0,0.14424483
40.45001,-121.75,2021-09-27 00:00:00,0,0.070498966
40.45001,-121.649994,2021-09-27 00:00:00,0,0.07808181
40.45001,-121.549995,2021-09-27 00:00:00,0,0.09870677
40.45001,-121.45,2021-09-27 00:00:00,0,0.005
40.45001,-121.34999,2021-09-27 00:00:00,0,0.039180305
40.45001,-121.25,2021-09-27 00:00:00,0,0.0
40.45001,-121.149994,2021-09-27 00:00:00,0,0.0
40.45001,-121.049995,2021-09-27 00:00:00,0,0.0
40.45001,-120.95,2021-09-27 00:00:00,0,0.0
40.45001,-120.84999,2021-09-27 00:00:00,0,0.0
40.45001,-120.75,2021-09-27 00:00:00,0,0.0
40.45001,-120.649994,2021-09-27 00:00:00,0,0.0
40.45001,-120.549995,2021-09-27 00:00:00,0,0.0
40.45001,-120.45,2021-09-27 00:00:00,0,0.0
40.45001,-120.34999,2021-09-27 00:00:00,0,0.013635327
40.45001,-120.25,2021-09-27 00:00:00,0,0.0
40.45001,-120.149994,2021-09-27 00:00:00,0,0.0
40.45001,-120.049995,2021-09-27 00:00:00,0,0.0
40.45001,-119.95,2021-09-27 00:00:00,0,0.0
40.45001,-119.84999,2021-09-27 00:00:00,0,0.0
40.45001,-119.75,2021-09-27 00:00:00,0,0.0
40.45001,-119.649994,2021-09-27 00:00:00,0,0.0
40.45001,-119.549995,2021-09-27 00:00:00,0,0.0
40.45001,-119.45,2021-09-27 00:00:00,0,0.0
40.45001,-119.34999,2021-09-27 00:00:00,0,0.0
40.45001,-119.25,2021-09-27 00:00:00,0,0.0
40.45001,-119.149994,2021-09-27 00:00:00,0,0.0
40.45001,-119.049995,2021-09-27 00:00:00,0,0.0
40.45001,-118.95,2021-09-27 00:00:00,0,0.0
40.45001,-118.84999,2021-09-27 00:00:00,0,0.0
40.45001,-118.75,2021-09-27 00:00:00,0,0.0
40.45001,-118.649994,2021-09-27 00:00:00,0,0.0
40.45001,-118.549995,2021-09-27 00:00:00,0,0.0
40.45001,-118.45,2021-09-27 00:00:00,0,0.0
40.45001,-118.34999,2021-09-27 00:00:00,0,0.0
40.45001,-118.25,2021-09-27 00:00:00,0,0.0
40.45001,-118.149994,2021-09-27 00:00:00,0,0.0
40.45001,-118.049995,2021-09-27 00:00:00,0,0.0
40.45001,-117.95,2021-09-27 00:00:00,0,0.0
40.45001,-117.84999,2021-09-27 00:00:00,0,0.0
40.45001,-117.75,2021-09-27 00:00:00,0,0.0
40.45001,-117.649994,2021-09-27 00:00:00,0,0.0
40.45001,-117.549995,2021-09-27 00:00:00,0,0.0
40.45001,-117.45,2021-09-27 00:00:00,0,0.0
40.45001,-117.34999,2021-09-27 00:00:00,0,0.0
40.45001,-117.25,2021-09-27 00:00:00,0,0.0
40.45001,-117.149994,2021-09-27 00:00:00,0,0.0
40.45001,-117.049995,2021-09-27 00:00:00,0,0.0
40.45001,-116.95,2021-09-27 00:00:00,0,0.0
40.45001,-116.84999,2021-09-27 00:00:00,0,0.0
40.45001,-116.75,2021-09-27 00:00:00,0,0.0
40.45001,-116.649994,2021-09-27 00:00:00,0,0.0
40.45001,-116.549995,2021-09-27 00:00:00,0,0.0
40.45001,-116.45,2021-09-27 00:00:00,0,0.0
40.45001,-116.34999,2021-09-27 00:00:00,0,0.0
40.45001,-116.25,2021-09-27 00:00:00,0,0.0
40.45001,-116.149994,2021-09-27 00:00:00,0,0.0
40.45001,-116.049995,2021-09-27 00:00:00,0,0.0
40.45001,-115.95,2021-09-27 00:00:00,0,0.0
40.45001,-115.85,2021-09-27 00:00:00,0,0.0
40.45001,-115.74999,2021-09-27 00:00:00,0,0.0
40.45001,-115.649994,2021-09-27 00:00:00,0,0.0
40.45001,-115.549995,2021-09-27 00:00:00,0,0.0
40.45001,-115.45,2021-09-27 00:00:00,0,0.0
40.45001,-115.35,2021-09-27 00:00:00,0,0.0
40.45001,-115.24999,2021-09-27 00:00:00,0,0.0
40.45001,-115.149994,2021-09-27 00:00:00,0,0.0
40.45001,-115.049995,2021-09-27 00:00:00,0,0.0
40.45001,-114.95,2021-09-27 00:00:00,0,0.0
40.45001,-114.85,2021-09-27 00:00:00,0,0.0
40.45001,-114.74999,2021-09-27 00:00:00,0,0.0
40.45001,-114.649994,2021-09-27 00:00:00,0,0.0
40.45001,-114.549995,2021-09-27 00:00:00,0,0.0
40.45001,-114.45,2021-09-27 00:00:00,0,0.0
40.45001,-114.35,2021-09-27 00:00:00,0,0.0
40.45001,-114.24999,2021-09-27 00:00:00,0,0.0
40.55,-124.34999,2021-09-27 00:00:00,0,7.985712
40.55,-124.25,2021-09-27 00:00:00,0,6.5642567
40.55,-124.149994,2021-09-27 00:00:00,0,2.2312808
40.55,-124.049995,2021-09-27 00:00:00,0,1.1315155
40.55,-123.95,2021-09-27 00:00:00,0,3.6564605
40.55,-123.84999,2021-09-27 00:00:00,0,3.4530327
40.55,-123.75,2021-09-27 00:00:00,0,4.5325384
40.55,-123.649994,2021-09-27 00:00:00,0,3.726795
40.55,-123.549995,2021-09-27 00:00:00,0,2.337653
40.55,-123.45,2021-09-27 00:00:00,0,1.4977779
40.55,-123.34999,2021-09-27 00:00:00,0,1.491126
40.55,-123.25,2021-09-27 00:00:00,0,0.7698817
40.55,-123.149994,2021-09-27 00:00:00,0,0.17570013
40.55,-123.049995,2021-09-27 00:00:00,0,0.090202935
40.55,-122.95,2021-09-27 00:00:00,0,0.12817663
40.55,-122.84999,2021-09-27 00:00:00,0,0.09994061
40.55,-122.75,2021-09-27 00:00:00,0,0.285411
40.55,-122.649994,2021-09-27 00:00:00,0,0.195
40.55,-122.549995,2021-09-27 00:00:00,0,0.0
40.55,-122.45,2021-09-27 00:00:00,0,0.0
40.55,-122.34999,2021-09-27 00:00:00,0,0.0
40.55,-122.25,2021-09-27 00:00:00,0,0.06654588
40.55,-122.149994,2021-09-27 00:00:00,0,0.03646918
40.55,-122.049995,2021-09-27 00:00:00,0,0.03348805
40.55,-121.95,2021-09-27 00:00:00,0,0.1284722
40.55,-121.84999,2021-09-27 00:00:00,0,0.12239971
40.55,-121.75,2021-09-27 00:00:00,0,0.04620347
40.55,-121.649994,2021-09-27 00:00:00,0,0.0738582
40.55,-121.549995,2021-09-27 00:00:00,0,0.023951128
40.55,-121.45,2021-09-27 00:00:00,0,0.015649026
40.55,-121.34999,2021-09-27 00:00:00,0,0.0
40.55,-121.25,2021-09-27 00:00:00,0,0.0
40.55,-121.149994,2021-09-27 00:00:00,0,0.0
40.55,-121.049995,2021-09-27 00:00:00,0,0.0
40.55,-120.95,2021-09-27 00:00:00,0,0.0
40.55,-120.84999,2021-09-27 00:00:00,0,0.029471973
40.55,-120.75,2021-09-27 00:00:00,0,0.0
40.55,-120.649994,2021-09-27 00:00:00,0,0.065
40.55,-120.549995,2021-09-27 00:00:00,0,0.04327533
40.55,-120.45,2021-09-27 00:00:00,0,0.024474232
40.55,-120.34999,2021-09-27 00:00:00,0,0.0
40.55,-120.25,2021-09-27 00:00:00,0,0.10174052
40.55,-120.149994,2021-09-27 00:00:00,0,0.0
40.55,-120.049995,2021-09-27 00:00:00,0,0.0
40.55,-119.95,2021-09-27 00:00:00,0,0.0
40.55,-119.84999,2021-09-27 00:00:00,0,0.0
40.55,-119.75,2021-09-27 00:00:00,0,0.0
40.55,-119.649994,2021-09-27 00:00:00,0,0.0
40.55,-119.549995,2021-09-27 00:00:00,0,0.0
40.55,-119.45,2021-09-27 00:00:00,0,0.0
40.55,-119.34999,2021-09-27 00:00:00,0,0.0
40.55,-119.25,2021-09-27 00:00:00,0,0.0
40.55,-119.149994,2021-09-27 00:00:00,0,0.0
40.55,-119.049995,2021-09-27 00:00:00,0,0.0
40.55,-118.95,2021-09-27 00:00:00,0,0.0
40.55,-118.84999,2021-09-27 00:00:00,0,0.0
40.55,-118.75,2021-09-27 00:00:00,0,0.0
40.55,-118.649994,2021-09-27 00:00:00,0,0.0
40.55,-118.549995,2021-09-27 00:00:00,0,0.0
40.55,-118.45,2021-09-27 00:00:00,0,0.0
40.55,-118.34999,2021-09-27 00:00:00,0,0.0
40.55,-118.25,2021-09-27 00:00:00,0,0.0
40.55,-118.149994,2021-09-27 00:00:00,0,0.0
40.55,-118.049995,2021-09-27 00:00:00,0,0.0
40.55,-117.95,2021-09-27 00:00:00,0,0.0
40.55,-117.84999,2021-09-27 00:00:00,0,0.0
40.55,-117.75,2021-09-27 00:00:00,0,0.0
40.55,-117.649994,2021-09-27 00:00:00,0,0.0
40.55,-117.549995,2021-09-27 00:00:00,0,0.0
40.55,-117.45,2021-09-27 00:00:00,0,0.0
40.55,-117.34999,2021-09-27 00:00:00,0,0.0
40.55,-117.25,2021-09-27 00:00:00,0,0.0
40.55,-117.149994,2021-09-27 00:00:00,0,0.0
40.55,-117.049995,2021-09-27 00:00:00,0,0.0
40.55,-116.95,2021-09-27 00:00:00,0,0.0
40.55,-116.84999,2021-09-27 00:00:00,0,0.0
40.55,-116.75,2021-09-27 00:00:00,0,0.0
40.55,-116.649994,2021-09-27 00:00:00,0,0.0
40.55,-116.549995,2021-09-27 00:00:00,0,0.0
40.55,-116.45,2021-09-27 00:00:00,0,0.0
40.55,-116.34999,2021-09-27 00:00:00,0,0.0
40.55,-116.25,2021-09-27 00:00:00,0,0.0
40.55,-116.149994,2021-09-27 00:00:00,0,0.0
40.55,-116.049995,2021-09-27 00:00:00,0,0.0
40.55,-115.95,2021-09-27 00:00:00,0,0.0
40.55,-115.85,2021-09-27 00:00:00,0,0.0
40.55,-115.74999,2021-09-27 00:00:00,0,0.0
40.55,-115.649994,2021-09-27 00:00:00,0,0.0
40.55,-115.549995,2021-09-27 00:00:00,0,0.0
40.55,-115.45,2021-09-27 00:00:00,0,0.0
40.55,-115.35,2021-09-27 00:00:00,0,0.0
40.55,-115.24999,2021-09-27 00:00:00,0,0.0
40.55,-115.149994,2021-09-27 00:00:00,0,0.0
40.55,-115.049995,2021-09-27 00:00:00,0,0.0
40.55,-114.95,2021-09-27 00:00:00,0,0.0
40.55,-114.85,2021-09-27 00:00:00,0,0.0
40.55,-114.74999,2021-09-27 00:00:00,0,0.0
40.55,-114.649994,2021-09-27 00:00:00,0,0.0
40.55,-114.549995,2021-09-27 00:00:00,0,0.0
40.55,-114.45,2021-09-27 00:00:00,0,0.0
40.55,-114.35,2021-09-27 00:00:00,0,0.0
40.55,-114.24999,2021-09-27 00:00:00,0,0.0
40.650005,-124.34999,2021-09-27 00:00:00,0,0.0
40.650005,-124.25,2021-09-27 00:00:00,0,7.608707
40.650005,-124.149994,2021-09-27 00:00:00,0,3.641672
40.650005,-124.049995,2021-09-27 00:00:00,0,2.358477
40.650005,-123.95,2021-09-27 00:00:00,0,2.5274491
40.650005,-123.84999,2021-09-27 00:00:00,0,4.9053497
40.650005,-123.75,2021-09-27 00:00:00,0,3.5533326
40.650005,-123.649994,2021-09-27 00:00:00,0,4.0248337
40.650005,-123.549995,2021-09-27 00:00:00,0,2.3195624
40.650005,-123.45,2021-09-27 00:00:00,0,2.948798
40.650005,-123.34999,2021-09-27 00:00:00,0,1.7655272
40.650005,-123.25,2021-09-27 00:00:00,0,0.64919686
40.650005,-123.149994,2021-09-27 00:00:00,0,0.16190645
40.650005,-123.049995,2021-09-27 00:00:00,0,0.22554001
40.650005,-122.95,2021-09-27 00:00:00,0,0.14104313
40.650005,-122.84999,2021-09-27 00:00:00,0,0.21305537
40.650005,-122.75,2021-09-27 00:00:00,0,0.154094
40.650005,-122.649994,2021-09-27 00:00:00,0,0.19
40.650005,-122.549995,2021-09-27 00:00:00,0,0.1985603
40.650005,-122.45,2021-09-27 00:00:00,0,0.0
40.650005,-122.34999,2021-09-27 00:00:00,0,0.006684513
40.650005,-122.25,2021-09-27 00:00:00,0,0.014740907
40.650005,-122.149994,2021-09-27 00:00:00,0,0.014727522
40.650005,-122.049995,2021-09-27 00:00:00,0,0.08191234
40.650005,-121.95,2021-09-27 00:00:00,0,0.08403234
40.650005,-121.84999,2021-09-27 00:00:00,0,0.031437006
40.650005,-121.75,2021-09-27 00:00:00,0,0.20150498
40.650005,-121.649994,2021-09-27 00:00:00,0,0.018236393
40.650005,-121.549995,2021-09-27 00:00:00,0,0.0024318804
40.650005,-121.45,2021-09-27 00:00:00,0,0.0
40.650005,-121.34999,2021-09-27 00:00:00,0,0.0
40.650005,-121.25,2021-09-27 00:00:00,0,0.0
40.650005,-121.149994,2021-09-27 00:00:00,0,0.0
40.650005,-121.049995,2021-09-27 00:00:00,0,0.0
40.650005,-120.95,2021-09-27 00:00:00,0,0.0
40.650005,-120.84999,2021-09-27 00:00:00,0,0.0
40.650005,-120.75,2021-09-27 00:00:00,0,0.21990626
40.650005,-120.649994,2021-09-27 00:00:00,0,0.0
40.650005,-120.549995,2021-09-27 00:00:00,0,0.48499998
40.650005,-120.45,2021-09-27 00:00:00,0,0.32290053
40.650005,-120.34999,2021-09-27 00:00:00,0,0.18261541
40.650005,-120.25,2021-09-27 00:00:00,0,0.017830813
40.650005,-120.149994,2021-09-27 00:00:00,0,0.0
40.650005,-120.049995,2021-09-27 00:00:00,0,0.0
40.650005,-119.95,2021-09-27 00:00:00,0,0.0
40.650005,-119.84999,2021-09-27 00:00:00,0,0.0
40.650005,-119.75,2021-09-27 00:00:00,0,0.0
40.650005,-119.649994,2021-09-27 00:00:00,0,0.0
40.650005,-119.549995,2021-09-27 00:00:00,0,0.0
40.650005,-119.45,2021-09-27 00:00:00,0,0.0
40.650005,-119.34999,2021-09-27 00:00:00,0,0.0
40.650005,-119.25,2021-09-27 00:00:00,0,0.0
40.650005,-119.149994,2021-09-27 00:00:00,0,0.0
40.650005,-119.049995,2021-09-27 00:00:00,0,0.0
40.650005,-118.95,2021-09-27 00:00:00,0,0.0
40.650005,-118.84999,2021-09-27 00:00:00,0,0.0
40.650005,-118.75,2021-09-27 00:00:00,0,0.0
40.650005,-118.649994,2021-09-27 00:00:00,0,0.0
40.650005,-118.549995,2021-09-27 00:00:00,0,0.0
40.650005,-118.45,2021-09-27 00:00:00,0,0.0
40.650005,-118.34999,2021-09-27 00:00:00,0,0.0
40.650005,-118.25,2021-09-27 00:00:00,0,0.0
40.650005,-118.149994,2021-09-27 00:00:00,0,0.0
40.650005,-118.049995,2021-09-27 00:00:00,0,0.0
40.650005,-117.95,2021-09-27 00:00:00,0,0.0
40.650005,-117.84999,2021-09-27 00:00:00,0,0.0
40.650005,-117.75,2021-09-27 00:00:00,0,0.0
40.650005,-117.649994,2021-09-27 00:00:00,0,0.0
40.650005,-117.549995,2021-09-27 00:00:00,0,0.0
40.650005,-117.45,2021-09-27 00:00:00,0,0.0
40.650005,-117.34999,2021-09-27 00:00:00,0,0.0
40.650005,-117.25,2021-09-27 00:00:00,0,0.0
40.650005,-117.149994,2021-09-27 00:00:00,0,0.0
40.650005,-117.049995,2021-09-27 00:00:00,0,0.0
40.650005,-116.95,2021-09-27 00:00:00,0,0.0
40.650005,-116.84999,2021-09-27 00:00:00,0,0.0
40.650005,-116.75,2021-09-27 00:00:00,0,0.0
40.650005,-116.649994,2021-09-27 00:00:00,0,0.0
40.650005,-116.549995,2021-09-27 00:00:00,0,0.0
40.650005,-116.45,2021-09-27 00:00:00,0,0.0
40.650005,-116.34999,2021-09-27 00:00:00,0,0.0
40.650005,-116.25,2021-09-27 00:00:00,0,0.0
40.650005,-116.149994,2021-09-27 00:00:00,0,0.0
40.650005,-116.049995,2021-09-27 00:00:00,0,0.0
40.650005,-115.95,2021-09-27 00:00:00,0,0.0
40.650005,-115.85,2021-09-27 00:00:00,0,0.0
40.650005,-115.74999,2021-09-27 00:00:00,0,0.0
40.650005,-115.649994,2021-09-27 00:00:00,0,0.0
40.650005,-115.549995,2021-09-27 00:00:00,0,0.0
40.650005,-115.45,2021-09-27 00:00:00,0,0.0
40.650005,-115.35,2021-09-27 00:00:00,0,0.0
40.650005,-115.24999,2021-09-27 00:00:00,0,0.0
40.650005,-115.149994,2021-09-27 00:00:00,0,0.0
40.650005,-115.049995,2021-09-27 00:00:00,0,0.0
40.650005,-114.95,2021-09-27 00:00:00,0,0.0
40.650005,-114.85,2021-09-27 00:00:00,0,0.0
40.650005,-114.74999,2021-09-27 00:00:00,0,0.0
40.650005,-114.649994,2021-09-27 00:00:00,0,0.0
40.650005,-114.549995,2021-09-27 00:00:00,0,0.0
40.650005,-114.45,2021-09-27 00:00:00,0,0.0
40.650005,-114.35,2021-09-27 00:00:00,0,0.0
40.650005,-114.24999,2021-09-27 00:00:00,0,0.0
40.749996,-124.34999,2021-09-27 00:00:00,0,0.0
40.749996,-124.25,2021-09-27 00:00:00,0,0.0
40.749996,-124.149994,2021-09-27 00:00:00,0,6.522334
40.749996,-124.049995,2021-09-27 00:00:00,0,5.529619
40.749996,-123.95,2021-09-27 00:00:00,0,4.3350844
40.749996,-123.84999,2021-09-27 00:00:00,0,3.1505625
40.749996,-123.75,2021-09-27 00:00:00,0,3.3368335
40.749996,-123.649994,2021-09-27 00:00:00,0,2.0302408
40.749996,-123.549995,2021-09-27 00:00:00,0,4.6678934
40.749996,-123.45,2021-09-27 00:00:00,0,2.9434092
40.749996,-123.34999,2021-09-27 00:00:00,0,1.1637156
40.749996,-123.25,2021-09-27 00:00:00,0,0.28628296
40.749996,-123.149994,2021-09-27 00:00:00,0,0.41897154
40.749996,-123.049995,2021-09-27 00:00:00,0,0.23016864
40.749996,-122.95,2021-09-27 00:00:00,0,0.120048754
40.749996,-122.84999,2021-09-27 00:00:00,0,0.094843335
40.749996,-122.75,2021-09-27 00:00:00,0,0.15853384
40.749996,-122.649994,2021-09-27 00:00:00,0,0.45220178
40.749996,-122.549995,2021-09-27 00:00:00,0,0.19999999
40.749996,-122.45,2021-09-27 00:00:00,0,0.12
40.749996,-122.34999,2021-09-27 00:00:00,0,0.006684513
40.749996,-122.25,2021-09-27 00:00:00,0,0.011684513
40.749996,-122.149994,2021-09-27 00:00:00,0,0.050607987
40.749996,-122.049995,2021-09-27 00:00:00,0,0.040581215
40.749996,-121.95,2021-09-27 00:00:00,0,0.0016711282
40.749996,-121.84999,2021-09-27 00:00:00,0,0.14755191
40.749996,-121.75,2021-09-27 00:00:00,0,0.01139865
40.749996,-121.649994,2021-09-27 00:00:00,0,0.016671129
40.749996,-121.549995,2021-09-27 00:00:00,0,0.0
40.749996,-121.45,2021-09-27 00:00:00,0,0.0
40.749996,-121.34999,2021-09-27 00:00:00,0,0.0
40.749996,-121.25,2021-09-27 00:00:00,0,0.0
40.749996,-121.149994,2021-09-27 00:00:00,0,0.0
40.749996,-121.049995,2021-09-27 00:00:00,0,0.0
40.749996,-120.95,2021-09-27 00:00:00,0,0.0020977426
40.749996,-120.84999,2021-09-27 00:00:00,0,0.0
40.749996,-120.75,2021-09-27 00:00:00,0,0.038540274
40.749996,-120.649994,2021-09-27 00:00:00,0,0.0
40.749996,-120.549995,2021-09-27 00:00:00,0,0.085
40.749996,-120.45,2021-09-27 00:00:00,0,0.05659082
40.749996,-120.34999,2021-09-27 00:00:00,0,0.032004766
40.749996,-120.25,2021-09-27 00:00:00,0,0.0
40.749996,-120.149994,2021-09-27 00:00:00,0,0.0
40.749996,-120.049995,2021-09-27 00:00:00,0,0.0
40.749996,-119.95,2021-09-27 00:00:00,0,0.0
40.749996,-119.84999,2021-09-27 00:00:00,0,0.0
40.749996,-119.75,2021-09-27 00:00:00,0,0.0
40.749996,-119.649994,2021-09-27 00:00:00,0,0.0
40.749996,-119.549995,2021-09-27 00:00:00,0,0.0
40.749996,-119.45,2021-09-27 00:00:00,0,0.0
40.749996,-119.34999,2021-09-27 00:00:00,0,0.0
40.749996,-119.25,2021-09-27 00:00:00,0,0.0
40.749996,-119.149994,2021-09-27 00:00:00,0,0.0
40.749996,-119.049995,2021-09-27 00:00:00,0,0.0
40.749996,-118.95,2021-09-27 00:00:00,0,0.0
40.749996,-118.84999,2021-09-27 00:00:00,0,0.0
40.749996,-118.75,2021-09-27 00:00:00,0,0.0
40.749996,-118.649994,2021-09-27 00:00:00,0,0.0
40.749996,-118.549995,2021-09-27 00:00:00,0,0.0
40.749996,-118.45,2021-09-27 00:00:00,0,0.0
40.749996,-118.34999,2021-09-27 00:00:00,0,0.0
40.749996,-118.25,2021-09-27 00:00:00,0,0.0
40.749996,-118.149994,2021-09-27 00:00:00,0,0.0
40.749996,-118.049995,2021-09-27 00:00:00,0,0.0
40.749996,-117.95,2021-09-27 00:00:00,0,0.0
40.749996,-117.84999,2021-09-27 00:00:00,0,0.0
40.749996,-117.75,2021-09-27 00:00:00,0,0.0
40.749996,-117.649994,2021-09-27 00:00:00,0,0.0
40.749996,-117.549995,2021-09-27 00:00:00,0,0.0
40.749996,-117.45,2021-09-27 00:00:00,0,0.0
40.749996,-117.34999,2021-09-27 00:00:00,0,0.0
40.749996,-117.25,2021-09-27 00:00:00,0,0.0
40.749996,-117.149994,2021-09-27 00:00:00,0,0.0
40.749996,-117.049995,2021-09-27 00:00:00,0,0.0
40.749996,-116.95,2021-09-27 00:00:00,0,0.0
40.749996,-116.84999,2021-09-27 00:00:00,0,0.0
40.749996,-116.75,2021-09-27 00:00:00,0,0.0
40.749996,-116.649994,2021-09-27 00:00:00,0,0.0
40.749996,-116.549995,2021-09-27 00:00:00,0,0.0
40.749996,-116.45,2021-09-27 00:00:00,0,0.0
40.749996,-116.34999,2021-09-27 00:00:00,0,0.0
40.749996,-116.25,2021-09-27 00:00:00,0,0.0
40.749996,-116.149994,2021-09-27 00:00:00,0,0.0
40.749996,-116.049995,2021-09-27 00:00:00,0,0.0
40.749996,-115.95,2021-09-27 00:00:00,0,0.0
40.749996,-115.85,2021-09-27 00:00:00,0,0.0
40.749996,-115.74999,2021-09-27 00:00:00,0,0.0
40.749996,-115.649994,2021-09-27 00:00:00,0,0.0
40.749996,-115.549995,2021-09-27 00:00:00,0,0.0
40.749996,-115.45,2021-09-27 00:00:00,0,0.0
40.749996,-115.35,2021-09-27 00:00:00,0,0.0
40.749996,-115.24999,2021-09-27 00:00:00,0,0.0
40.749996,-115.149994,2021-09-27 00:00:00,0,0.0
40.749996,-115.049995,2021-09-27 00:00:00,0,0.0
40.749996,-114.95,2021-09-27 00:00:00,0,0.0
40.749996,-114.85,2021-09-27 00:00:00,0,0.0
40.749996,-114.74999,2021-09-27 00:00:00,0,0.0
40.749996,-114.649994,2021-09-27 00:00:00,0,0.0
40.749996,-114.549995,2021-09-27 00:00:00,0,0.0
40.749996,-114.45,2021-09-27 00:00:00,0,0.0
40.749996,-114.35,2021-09-27 00:00:00,0,0.0
40.749996,-114.24999,2021-09-27 00:00:00,0,0.0
40.850002,-124.34999,2021-09-27 00:00:00,0,0.0
40.850002,-124.25,2021-09-27 00:00:00,0,0.0
40.850002,-124.149994,2021-09-27 00:00:00,0,8.115903
40.850002,-124.049995,2021-09-27 00:00:00,0,7.445643
40.850002,-123.95,2021-09-27 00:00:00,0,5.097715
40.850002,-123.84999,2021-09-27 00:00:00,0,3.159577
40.850002,-123.75,2021-09-27 00:00:00,0,1.8706884
40.850002,-123.649994,2021-09-27 00:00:00,0,4.8576035
40.850002,-123.549995,2021-09-27 00:00:00,0,3.2916105
40.850002,-123.45,2021-09-27 00:00:00,0,2.3478506
40.850002,-123.34999,2021-09-27 00:00:00,0,0.52
40.850002,-123.25,2021-09-27 00:00:00,0,0.64500666
40.850002,-123.149994,2021-09-27 00:00:00,0,0.4434775
40.850002,-123.049995,2021-09-27 00:00:00,0,0.13585553
40.850002,-122.95,2021-09-27 00:00:00,0,0.1239108
40.850002,-122.84999,2021-09-27 00:00:00,0,0.11271688
40.850002,-122.75,2021-09-27 00:00:00,0,0.42329484
40.850002,-122.649994,2021-09-27 00:00:00,0,0.3728308
40.850002,-122.549995,2021-09-27 00:00:00,0,0.29482707
40.850002,-122.45,2021-09-27 00:00:00,0,0.114999995
40.850002,-122.34999,2021-09-27 00:00:00,0,0.0
40.850002,-122.25,2021-09-27 00:00:00,0,0.026738051
40.850002,-122.149994,2021-09-27 00:00:00,0,0.026738051
40.850002,-122.049995,2021-09-27 00:00:00,0,0.0
40.850002,-121.95,2021-09-27 00:00:00,0,0.0753883
40.850002,-121.84999,2021-09-27 00:00:00,0,0.006684513
40.850002,-121.75,2021-09-27 00:00:00,0,0.011853385
40.850002,-121.649994,2021-09-27 00:00:00,0,0.0
40.850002,-121.549995,2021-09-27 00:00:00,0,0.0
40.850002,-121.45,2021-09-27 00:00:00,0,0.0
40.850002,-121.34999,2021-09-27 00:00:00,0,0.0
40.850002,-121.25,2021-09-27 00:00:00,0,0.0
40.850002,-121.149994,2021-09-27 00:00:00,0,0.0066577434
40.850002,-121.049995,2021-09-27 00:00:00,0,0.0037652664
40.850002,-120.95,2021-09-27 00:00:00,0,0.0
40.850002,-120.84999,2021-09-27 00:00:00,0,0.0
40.850002,-120.75,2021-09-27 00:00:00,0,0.0
40.850002,-120.649994,2021-09-27 00:00:00,0,0.02208295
40.850002,-120.549995,2021-09-27 00:00:00,0,0.0041030087
40.850002,-120.45,2021-09-27 00:00:00,0,0.02705661
40.850002,-120.34999,2021-09-27 00:00:00,0,0.0
40.850002,-120.25,2021-09-27 00:00:00,0,0.0
40.850002,-120.149994,2021-09-27 00:00:00,0,0.0
40.850002,-120.049995,2021-09-27 00:00:00,0,0.0
40.850002,-119.95,2021-09-27 00:00:00,0,0.0
40.850002,-119.84999,2021-09-27 00:00:00,0,0.0
40.850002,-119.75,2021-09-27 00:00:00,0,0.0
40.850002,-119.649994,2021-09-27 00:00:00,0,0.0
40.850002,-119.549995,2021-09-27 00:00:00,0,0.0
40.850002,-119.45,2021-09-27 00:00:00,0,0.0
40.850002,-119.34999,2021-09-27 00:00:00,0,0.0
40.850002,-119.25,2021-09-27 00:00:00,0,0.0
40.850002,-119.149994,2021-09-27 00:00:00,0,0.0
40.850002,-119.049995,2021-09-27 00:00:00,0,0.0
40.850002,-118.95,2021-09-27 00:00:00,0,0.0
40.850002,-118.84999,2021-09-27 00:00:00,0,0.0
40.850002,-118.75,2021-09-27 00:00:00,0,0.0
40.850002,-118.649994,2021-09-27 00:00:00,0,0.0
40.850002,-118.549995,2021-09-27 00:00:00,0,0.0
40.850002,-118.45,2021-09-27 00:00:00,0,0.0
40.850002,-118.34999,2021-09-27 00:00:00,0,0.0
40.850002,-118.25,2021-09-27 00:00:00,0,0.0
40.850002,-118.149994,2021-09-27 00:00:00,0,0.0
40.850002,-118.049995,2021-09-27 00:00:00,0,0.0
40.850002,-117.95,2021-09-27 00:00:00,0,0.0
40.850002,-117.84999,2021-09-27 00:00:00,0,0.0
40.850002,-117.75,2021-09-27 00:00:00,0,0.0
40.850002,-117.649994,2021-09-27 00:00:00,0,0.0
40.850002,-117.549995,2021-09-27 00:00:00,0,0.0
40.850002,-117.45,2021-09-27 00:00:00,0,0.0
40.850002,-117.34999,2021-09-27 00:00:00,0,0.0
40.850002,-117.25,2021-09-27 00:00:00,0,0.0
40.850002,-117.149994,2021-09-27 00:00:00,0,0.0
40.850002,-117.049995,2021-09-27 00:00:00,0,0.0
40.850002,-116.95,2021-09-27 00:00:00,0,0.0
40.850002,-116.84999,2021-09-27 00:00:00,0,0.0
40.850002,-116.75,2021-09-27 00:00:00,0,0.0
40.850002,-116.649994,2021-09-27 00:00:00,0,0.0
40.850002,-116.549995,2021-09-27 00:00:00,0,0.0
40.850002,-116.45,2021-09-27 00:00:00,0,0.0
40.850002,-116.34999,2021-09-27 00:00:00,0,0.0
40.850002,-116.25,2021-09-27 00:00:00,0,0.0
40.850002,-116.149994,2021-09-27 00:00:00,0,0.0
40.850002,-116.049995,2021-09-27 00:00:00,0,0.0
40.850002,-115.95,2021-09-27 00:00:00,0,0.0
40.850002,-115.85,2021-09-27 00:00:00,0,0.0
40.850002,-115.74999,2021-09-27 00:00:00,0,0.0
40.850002,-115.649994,2021-09-27 00:00:00,0,0.0
40.850002,-115.549995,2021-09-27 00:00:00,0,0.0
40.850002,-115.45,2021-09-27 00:00:00,0,0.0
40.850002,-115.35,2021-09-27 00:00:00,0,0.0
40.850002,-115.24999,2021-09-27 00:00:00,0,0.0
40.850002,-115.149994,2021-09-27 00:00:00,0,0.0
40.850002,-115.049995,2021-09-27 00:00:00,0,0.0
40.850002,-114.95,2021-09-27 00:00:00,0,0.0
40.850002,-114.85,2021-09-27 00:00:00,0,0.0
40.850002,-114.74999,2021-09-27 00:00:00,0,0.0
40.850002,-114.649994,2021-09-27 00:00:00,0,0.0
40.850002,-114.549995,2021-09-27 00:00:00,0,0.0
40.850002,-114.45,2021-09-27 00:00:00,0,0.0
40.850002,-114.35,2021-09-27 00:00:00,0,0.0
40.850002,-114.24999,2021-09-27 00:00:00,0,0.0
40.95001,-124.34999,2021-09-27 00:00:00,0,0.0
40.95001,-124.25,2021-09-27 00:00:00,0,0.0
40.95001,-124.149994,2021-09-27 00:00:00,0,0.0
40.95001,-124.049995,2021-09-27 00:00:00,0,6.8710933
40.95001,-123.95,2021-09-27 00:00:00,0,5.8228993
40.95001,-123.84999,2021-09-27 00:00:00,0,4.1468706
40.95001,-123.75,2021-09-27 00:00:00,0,4.0183687
40.95001,-123.649994,2021-09-27 00:00:00,0,4.661175
40.95001,-123.549995,2021-09-27 00:00:00,0,4.1080785
40.95001,-123.45,2021-09-27 00:00:00,0,0.77083147
40.95001,-123.34999,2021-09-27 00:00:00,0,0.4165066
40.95001,-123.25,2021-09-27 00:00:00,0,1.3426248
40.95001,-123.149994,2021-09-27 00:00:00,0,0.2888965
40.95001,-123.049995,2021-09-27 00:00:00,0,0.30995739
40.95001,-122.95,2021-09-27 00:00:00,0,0.21282512
40.95001,-122.84999,2021-09-27 00:00:00,0,0.45196497
40.95001,-122.75,2021-09-27 00:00:00,0,0.3270703
40.95001,-122.649994,2021-09-27 00:00:00,0,0.21641026
40.95001,-122.549995,2021-09-27 00:00:00,0,0.090875946
40.95001,-122.45,2021-09-27 00:00:00,0,0.11726707
40.95001,-122.34999,2021-09-27 00:00:00,0,0.0
40.95001,-122.25,2021-09-27 00:00:00,0,0.0
40.95001,-122.149994,2021-09-27 00:00:00,0,0.0
40.95001,-122.049995,2021-09-27 00:00:00,0,0.05180498
40.95001,-121.95,2021-09-27 00:00:00,0,0.0
40.95001,-121.84999,2021-09-27 00:00:00,0,0.0072956416
40.95001,-121.75,2021-09-27 00:00:00,0,0.0
40.95001,-121.649994,2021-09-27 00:00:00,0,0.0
40.95001,-121.549995,2021-09-27 00:00:00,0,0.0
40.95001,-121.45,2021-09-27 00:00:00,0,0.035
40.95001,-121.34999,2021-09-27 00:00:00,0,0.0
40.95001,-121.25,2021-09-27 00:00:00,0,0.01
40.95001,-121.149994,2021-09-27 00:00:00,0,0.0
40.95001,-121.049995,2021-09-27 00:00:00,0,0.0
40.95001,-120.95,2021-09-27 00:00:00,0,0.0
40.95001,-120.84999,2021-09-27 00:00:00,0,0.009439842
40.95001,-120.75,2021-09-27 00:00:00,0,0.0
40.95001,-120.649994,2021-09-27 00:00:00,0,0.0
40.95001,-120.549995,2021-09-27 00:00:00,0,0.0
40.95001,-120.45,2021-09-27 00:00:00,0,0.036061913
40.95001,-120.34999,2021-09-27 00:00:00,0,0.0
40.95001,-120.25,2021-09-27 00:00:00,0,0.0
40.95001,-120.149994,2021-09-27 00:00:00,0,0.0
40.95001,-120.049995,2021-09-27 00:00:00,0,0.0
40.95001,-119.95,2021-09-27 00:00:00,0,0.0
40.95001,-119.84999,2021-09-27 00:00:00,0,0.0
40.95001,-119.75,2021-09-27 00:00:00,0,0.0
40.95001,-119.649994,2021-09-27 00:00:00,0,0.0
40.95001,-119.549995,2021-09-27 00:00:00,0,0.0
40.95001,-119.45,2021-09-27 00:00:00,0,0.0
40.95001,-119.34999,2021-09-27 00:00:00,0,0.0
40.95001,-119.25,2021-09-27 00:00:00,0,0.0
40.95001,-119.149994,2021-09-27 00:00:00,0,0.0
40.95001,-119.049995,2021-09-27 00:00:00,0,0.0
40.95001,-118.95,2021-09-27 00:00:00,0,0.0
40.95001,-118.84999,2021-09-27 00:00:00,0,0.0
40.95001,-118.75,2021-09-27 00:00:00,0,0.0
40.95001,-118.649994,2021-09-27 00:00:00,0,0.0
40.95001,-118.549995,2021-09-27 00:00:00,0,0.0
40.95001,-118.45,2021-09-27 00:00:00,0,0.0
40.95001,-118.34999,2021-09-27 00:00:00,0,0.0
40.95001,-118.25,2021-09-27 00:00:00,0,0.0
40.95001,-118.149994,2021-09-27 00:00:00,0,0.0
40.95001,-118.049995,2021-09-27 00:00:00,0,0.0
40.95001,-117.95,2021-09-27 00:00:00,0,0.0
40.95001,-117.84999,2021-09-27 00:00:00,0,0.0
40.95001,-117.75,2021-09-27 00:00:00,0,0.0
40.95001,-117.649994,2021-09-27 00:00:00,0,0.0
40.95001,-117.549995,2021-09-27 00:00:00,0,0.0
40.95001,-117.45,2021-09-27 00:00:00,0,0.0
40.95001,-117.34999,2021-09-27 00:00:00,0,0.0
40.95001,-117.25,2021-09-27 00:00:00,0,0.0
40.95001,-117.149994,2021-09-27 00:00:00,0,0.0
40.95001,-117.049995,2021-09-27 00:00:00,0,0.0
40.95001,-116.95,2021-09-27 00:00:00,0,0.0
40.95001,-116.84999,2021-09-27 00:00:00,0,0.0
40.95001,-116.75,2021-09-27 00:00:00,0,0.0
40.95001,-116.649994,2021-09-27 00:00:00,0,0.0
40.95001,-116.549995,2021-09-27 00:00:00,0,0.0
40.95001,-116.45,2021-09-27 00:00:00,0,0.0
40.95001,-116.34999,2021-09-27 00:00:00,0,0.0
40.95001,-116.25,2021-09-27 00:00:00,0,0.0
40.95001,-116.149994,2021-09-27 00:00:00,0,0.0
40.95001,-116.049995,2021-09-27 00:00:00,0,0.0
40.95001,-115.95,2021-09-27 00:00:00,0,0.0
40.95001,-115.85,2021-09-27 00:00:00,0,0.0
40.95001,-115.74999,2021-09-27 00:00:00,0,0.0
40.95001,-115.649994,2021-09-27 00:00:00,0,0.0
40.95001,-115.549995,2021-09-27 00:00:00,0,0.0
40.95001,-115.45,2021-09-27 00:00:00,0,0.0
40.95001,-115.35,2021-09-27 00:00:00,0,0.0
40.95001,-115.24999,2021-09-27 00:00:00,0,0.0
40.95001,-115.149994,2021-09-27 00:00:00,0,0.0
40.95001,-115.049995,2021-09-27 00:00:00,0,0.0
40.95001,-114.95,2021-09-27 00:00:00,0,0.0
40.95001,-114.85,2021-09-27 00:00:00,0,0.0
40.95001,-114.74999,2021-09-27 00:00:00,0,0.0
40.95001,-114.649994,2021-09-27 00:00:00,0,0.0
40.95001,-114.549995,2021-09-27 00:00:00,0,0.0
40.95001,-114.45,2021-09-27 00:00:00,0,0.0
40.95001,-114.35,2021-09-27 00:00:00,0,0.0
40.95001,-114.24999,2021-09-27 00:00:00,0,0.0
41.05,-124.34999,2021-09-27 00:00:00,0,0.0
41.05,-124.25,2021-09-27 00:00:00,0,0.0
41.05,-124.149994,2021-09-27 00:00:00,0,0.0
41.05,-124.049995,2021-09-27 00:00:00,0,8.789986
41.05,-123.95,2021-09-27 00:00:00,0,7.2311974
41.05,-123.84999,2021-09-27 00:00:00,0,8.4949255
41.05,-123.75,2021-09-27 00:00:00,0,4.675552
41.05,-123.649994,2021-09-27 00:00:00,0,4.8537107
41.05,-123.549995,2021-09-27 00:00:00,0,2.6863973
41.05,-123.45,2021-09-27 00:00:00,0,1.0630018
41.05,-123.34999,2021-09-27 00:00:00,0,1.5570414
41.05,-123.25,2021-09-27 00:00:00,0,0.61178577
41.05,-123.149994,2021-09-27 00:00:00,0,0.90657675
41.05,-123.049995,2021-09-27 00:00:00,0,0.59119713
41.05,-122.95,2021-09-27 00:00:00,0,0.53011465
41.05,-122.84999,2021-09-27 00:00:00,0,0.3580414
41.05,-122.75,2021-09-27 00:00:00,0,0.13900131
41.05,-122.649994,2021-09-27 00:00:00,0,0.05593325
41.05,-122.549995,2021-09-27 00:00:00,0,0.090875946
41.05,-122.45,2021-09-27 00:00:00,0,0.0
41.05,-122.34999,2021-09-27 00:00:00,0,0.0
41.05,-122.25,2021-09-27 00:00:00,0,0.0
41.05,-122.149994,2021-09-27 00:00:00,0,0.0
41.05,-122.049995,2021-09-27 00:00:00,0,0.0
41.05,-121.95,2021-09-27 00:00:00,0,0.005013385
41.05,-121.84999,2021-09-27 00:00:00,0,0.0
41.05,-121.75,2021-09-27 00:00:00,0,0.0
41.05,-121.649994,2021-09-27 00:00:00,0,0.0
41.05,-121.549995,2021-09-27 00:00:00,0,0.0276579
41.05,-121.45,2021-09-27 00:00:00,0,0.03
41.05,-121.34999,2021-09-27 00:00:00,0,0.035
41.05,-121.25,2021-09-27 00:00:00,0,0.044999998
41.05,-121.149994,2021-09-27 00:00:00,0,0.044999998
41.05,-121.049995,2021-09-27 00:00:00,0,0.029959844
41.05,-120.95,2021-09-27 00:00:00,0,0.016943699
41.05,-120.84999,2021-09-27 00:00:00,0,0.0
41.05,-120.75,2021-09-27 00:00:00,0,0.0
41.05,-120.649994,2021-09-27 00:00:00,0,0.0
41.05,-120.549995,2021-09-27 00:00:00,0,0.0
41.05,-120.45,2021-09-27 00:00:00,0,0.0
41.05,-120.34999,2021-09-27 00:00:00,0,0.0
41.05,-120.25,2021-09-27 00:00:00,0,0.0
41.05,-120.149994,2021-09-27 00:00:00,0,0.0
41.05,-120.049995,2021-09-27 00:00:00,0,0.0
41.05,-119.95,2021-09-27 00:00:00,0,0.0
41.05,-119.84999,2021-09-27 00:00:00,0,0.0
41.05,-119.75,2021-09-27 00:00:00,0,0.0
41.05,-119.649994,2021-09-27 00:00:00,0,0.0
41.05,-119.549995,2021-09-27 00:00:00,0,0.0
41.05,-119.45,2021-09-27 00:00:00,0,0.0
41.05,-119.34999,2021-09-27 00:00:00,0,0.0
41.05,-119.25,2021-09-27 00:00:00,0,0.0
41.05,-119.149994,2021-09-27 00:00:00,0,0.0
41.05,-119.049995,2021-09-27 00:00:00,0,0.0
41.05,-118.95,2021-09-27 00:00:00,0,0.0
41.05,-118.84999,2021-09-27 00:00:00,0,0.0
41.05,-118.75,2021-09-27 00:00:00,0,0.0
41.05,-118.649994,2021-09-27 00:00:00,0,0.0
41.05,-118.549995,2021-09-27 00:00:00,0,0.0
41.05,-118.45,2021-09-27 00:00:00,0,0.0
41.05,-118.34999,2021-09-27 00:00:00,0,0.0
41.05,-118.25,2021-09-27 00:00:00,0,0.0
41.05,-118.149994,2021-09-27 00:00:00,0,0.0
41.05,-118.049995,2021-09-27 00:00:00,0,0.0
41.05,-117.95,2021-09-27 00:00:00,0,0.0
41.05,-117.84999,2021-09-27 00:00:00,0,0.0
41.05,-117.75,2021-09-27 00:00:00,0,0.0
41.05,-117.649994,2021-09-27 00:00:00,0,0.0
41.05,-117.549995,2021-09-27 00:00:00,0,0.0
41.05,-117.45,2021-09-27 00:00:00,0,0.0
41.05,-117.34999,2021-09-27 00:00:00,0,0.0
41.05,-117.25,2021-09-27 00:00:00,0,0.0
41.05,-117.149994,2021-09-27 00:00:00,0,0.0
41.05,-117.049995,2021-09-27 00:00:00,0,0.0
41.05,-116.95,2021-09-27 00:00:00,0,0.0
41.05,-116.84999,2021-09-27 00:00:00,0,0.0
41.05,-116.75,2021-09-27 00:00:00,0,0.0
41.05,-116.649994,2021-09-27 00:00:00,0,0.0
41.05,-116.549995,2021-09-27 00:00:00,0,0.0
41.05,-116.45,2021-09-27 00:00:00,0,0.0
41.05,-116.34999,2021-09-27 00:00:00,0,0.0
41.05,-116.25,2021-09-27 00:00:00,0,0.0
41.05,-116.149994,2021-09-27 00:00:00,0,0.0
41.05,-116.049995,2021-09-27 00:00:00,0,0.0
41.05,-115.95,2021-09-27 00:00:00,0,0.0
41.05,-115.85,2021-09-27 00:00:00,0,0.0
41.05,-115.74999,2021-09-27 00:00:00,0,0.0
41.05,-115.649994,2021-09-27 00:00:00,0,0.0
41.05,-115.549995,2021-09-27 00:00:00,0,0.0
41.05,-115.45,2021-09-27 00:00:00,0,0.0
41.05,-115.35,2021-09-27 00:00:00,0,0.0
41.05,-115.24999,2021-09-27 00:00:00,0,0.0
41.05,-115.149994,2021-09-27 00:00:00,0,0.0
41.05,-115.049995,2021-09-27 00:00:00,0,0.0
41.05,-114.95,2021-09-27 00:00:00,0,0.0
41.05,-114.85,2021-09-27 00:00:00,0,0.0
41.05,-114.74999,2021-09-27 00:00:00,0,0.0
41.05,-114.649994,2021-09-27 00:00:00,0,0.0
41.05,-114.549995,2021-09-27 00:00:00,0,0.0
41.05,-114.45,2021-09-27 00:00:00,0,0.0
41.05,-114.35,2021-09-27 00:00:00,0,0.0
41.05,-114.24999,2021-09-27 00:00:00,0,0.0
41.150005,-124.34999,2021-09-27 00:00:00,0,0.0
41.150005,-124.25,2021-09-27 00:00:00,0,0.0
41.150005,-124.149994,2021-09-27 00:00:00,0,0.0
41.150005,-124.049995,2021-09-27 00:00:00,0,7.718502
41.150005,-123.95,2021-09-27 00:00:00,0,7.660621
41.150005,-123.84999,2021-09-27 00:00:00,0,6.7945857
41.150005,-123.75,2021-09-27 00:00:00,0,6.7311897
41.150005,-123.649994,2021-09-27 00:00:00,0,5.1044025
41.150005,-123.549995,2021-09-27 00:00:00,0,1.5786414
41.150005,-123.45,2021-09-27 00:00:00,0,2.3335016
41.150005,-123.34999,2021-09-27 00:00:00,0,1.6056323
41.150005,-123.25,2021-09-27 00:00:00,0,1.8143785
41.150005,-123.149994,2021-09-27 00:00:00,0,1.1542844
41.150005,-123.049995,2021-09-27 00:00:00,0,0.43874818
41.150005,-122.95,2021-09-27 00:00:00,0,0.640646
41.150005,-122.84999,2021-09-27 00:00:00,0,0.29138833
41.150005,-122.75,2021-09-27 00:00:00,0,0.114063084
41.150005,-122.649994,2021-09-27 00:00:00,0,0.056160193
41.150005,-122.549995,2021-09-27 00:00:00,0,0.0
41.150005,-122.45,2021-09-27 00:00:00,0,0.0
41.150005,-122.34999,2021-09-27 00:00:00,0,0.0
41.150005,-122.25,2021-09-27 00:00:00,0,0.0
41.150005,-122.149994,2021-09-27 00:00:00,0,0.0
41.150005,-122.049995,2021-09-27 00:00:00,0,0.0
41.150005,-121.95,2021-09-27 00:00:00,0,0.0
41.150005,-121.84999,2021-09-27 00:00:00,0,0.0
41.150005,-121.75,2021-09-27 00:00:00,0,0.0
41.150005,-121.649994,2021-09-27 00:00:00,0,0.017023163
41.150005,-121.549995,2021-09-27 00:00:00,0,0.02370677
41.150005,-121.45,2021-09-27 00:00:00,0,0.03219205
41.150005,-121.34999,2021-09-27 00:00:00,0,0.090963826
41.150005,-121.25,2021-09-27 00:00:00,0,0.035
41.150005,-121.149994,2021-09-27 00:00:00,0,0.0
41.150005,-121.049995,2021-09-27 00:00:00,0,0.0
41.150005,-120.95,2021-09-27 00:00:00,0,0.0
41.150005,-120.84999,2021-09-27 00:00:00,0,0.0
41.150005,-120.75,2021-09-27 00:00:00,0,0.0
41.150005,-120.649994,2021-09-27 00:00:00,0,0.0
41.150005,-120.549995,2021-09-27 00:00:00,0,0.0
41.150005,-120.45,2021-09-27 00:00:00,0,0.0
41.150005,-120.34999,2021-09-27 00:00:00,0,0.0
41.150005,-120.25,2021-09-27 00:00:00,0,0.0
41.150005,-120.149994,2021-09-27 00:00:00,0,0.0
41.150005,-120.049995,2021-09-27 00:00:00,0,0.0
41.150005,-119.95,2021-09-27 00:00:00,0,0.0
41.150005,-119.84999,2021-09-27 00:00:00,0,0.0
41.150005,-119.75,2021-09-27 00:00:00,0,0.0
41.150005,-119.649994,2021-09-27 00:00:00,0,0.0
41.150005,-119.549995,2021-09-27 00:00:00,0,0.0
41.150005,-119.45,2021-09-27 00:00:00,0,0.0
41.150005,-119.34999,2021-09-27 00:00:00,0,0.0
41.150005,-119.25,2021-09-27 00:00:00,0,0.0
41.150005,-119.149994,2021-09-27 00:00:00,0,0.0
41.150005,-119.049995,2021-09-27 00:00:00,0,0.0
41.150005,-118.95,2021-09-27 00:00:00,0,0.0
41.150005,-118.84999,2021-09-27 00:00:00,0,0.0
41.150005,-118.75,2021-09-27 00:00:00,0,0.0
41.150005,-118.649994,2021-09-27 00:00:00,0,0.0
41.150005,-118.549995,2021-09-27 00:00:00,0,0.0
41.150005,-118.45,2021-09-27 00:00:00,0,0.0
41.150005,-118.34999,2021-09-27 00:00:00,0,0.0
41.150005,-118.25,2021-09-27 00:00:00,0,0.0
41.150005,-118.149994,2021-09-27 00:00:00,0,0.0
41.150005,-118.049995,2021-09-27 00:00:00,0,0.0
41.150005,-117.95,2021-09-27 00:00:00,0,0.0
41.150005,-117.84999,2021-09-27 00:00:00,0,0.0
41.150005,-117.75,2021-09-27 00:00:00,0,0.0
41.150005,-117.649994,2021-09-27 00:00:00,0,0.0
41.150005,-117.549995,2021-09-27 00:00:00,0,0.0
41.150005,-117.45,2021-09-27 00:00:00,0,0.0
41.150005,-117.34999,2021-09-27 00:00:00,0,0.0
41.150005,-117.25,2021-09-27 00:00:00,0,0.0
41.150005,-117.149994,2021-09-27 00:00:00,0,0.0
41.150005,-117.049995,2021-09-27 00:00:00,0,0.0
41.150005,-116.95,2021-09-27 00:00:00,0,0.0
41.150005,-116.84999,2021-09-27 00:00:00,0,0.0
41.150005,-116.75,2021-09-27 00:00:00,0,0.0
41.150005,-116.649994,2021-09-27 00:00:00,0,0.0
41.150005,-116.549995,2021-09-27 00:00:00,0,0.0
41.150005,-116.45,2021-09-27 00:00:00,0,0.0
41.150005,-116.34999,2021-09-27 00:00:00,0,0.0
41.150005,-116.25,2021-09-27 00:00:00,0,0.0
41.150005,-116.149994,2021-09-27 00:00:00,0,0.0
41.150005,-116.049995,2021-09-27 00:00:00,0,0.0
41.150005,-115.95,2021-09-27 00:00:00,0,0.0
41.150005,-115.85,2021-09-27 00:00:00,0,0.0
41.150005,-115.74999,2021-09-27 00:00:00,0,0.0
41.150005,-115.649994,2021-09-27 00:00:00,0,0.0
41.150005,-115.549995,2021-09-27 00:00:00,0,0.0
41.150005,-115.45,2021-09-27 00:00:00,0,0.0
41.150005,-115.35,2021-09-27 00:00:00,0,0.0
41.150005,-115.24999,2021-09-27 00:00:00,0,0.0
41.150005,-115.149994,2021-09-27 00:00:00,0,0.0
41.150005,-115.049995,2021-09-27 00:00:00,0,0.0
41.150005,-114.95,2021-09-27 00:00:00,0,0.0
41.150005,-114.85,2021-09-27 00:00:00,0,0.0
41.150005,-114.74999,2021-09-27 00:00:00,0,0.0
41.150005,-114.649994,2021-09-27 00:00:00,0,0.0
41.150005,-114.549995,2021-09-27 00:00:00,0,0.0
41.150005,-114.45,2021-09-27 00:00:00,0,0.0
41.150005,-114.35,2021-09-27 00:00:00,0,0.0
41.150005,-114.24999,2021-09-27 00:00:00,0,0.0
41.249996,-124.34999,2021-09-27 00:00:00,0,0.0
41.249996,-124.25,2021-09-27 00:00:00,0,0.0
41.249996,-124.149994,2021-09-27 00:00:00,0,0.0
41.249996,-124.049995,2021-09-27 00:00:00,0,9.991382
41.249996,-123.95,2021-09-27 00:00:00,0,6.4723296
41.249996,-123.84999,2021-09-27 00:00:00,0,6.0677
41.249996,-123.75,2021-09-27 00:00:00,0,7.6169972
41.249996,-123.649994,2021-09-27 00:00:00,0,3.7119539
41.249996,-123.549995,2021-09-27 00:00:00,0,3.476083
41.249996,-123.45,2021-09-27 00:00:00,0,2.5199003
41.249996,-123.34999,2021-09-27 00:00:00,0,2.621887
41.249996,-123.25,2021-09-27 00:00:00,0,1.9022313
41.249996,-123.149994,2021-09-27 00:00:00,0,1.0864203
41.249996,-123.049995,2021-09-27 00:00:00,0,0.69139814
41.249996,-122.95,2021-09-27 00:00:00,0,0.44670254
41.249996,-122.84999,2021-09-27 00:00:00,0,0.09023528
41.249996,-122.75,2021-09-27 00:00:00,0,0.110463284
41.249996,-122.649994,2021-09-27 00:00:00,0,0.00083854666
41.249996,-122.549995,2021-09-27 00:00:00,0,3.180873e-05
41.249996,-122.45,2021-09-27 00:00:00,0,0.0
41.249996,-122.34999,2021-09-27 00:00:00,0,0.0
41.249996,-122.25,2021-09-27 00:00:00,0,0.0
41.249996,-122.149994,2021-09-27 00:00:00,0,0.0
41.249996,-122.049995,2021-09-27 00:00:00,0,0.0
41.249996,-121.95,2021-09-27 00:00:00,0,0.0
41.249996,-121.84999,2021-09-27 00:00:00,0,0.0
41.249996,-121.75,2021-09-27 00:00:00,0,0.011697898
41.249996,-121.649994,2021-09-27 00:00:00,0,0.014591283
41.249996,-121.549995,2021-09-27 00:00:00,0,0.017023163
41.249996,-121.45,2021-09-27 00:00:00,0,0.049544826
41.249996,-121.34999,2021-09-27 00:00:00,0,0.0326579
41.249996,-121.25,2021-09-27 00:00:00,0,0.030804511
41.249996,-121.149994,2021-09-27 00:00:00,0,0.027902257
41.249996,-121.049995,2021-09-27 00:00:00,0,0.01
41.249996,-120.95,2021-09-27 00:00:00,0,0.0
41.249996,-120.84999,2021-09-27 00:00:00,0,0.0
41.249996,-120.75,2021-09-27 00:00:00,0,0.0
41.249996,-120.649994,2021-09-27 00:00:00,0,0.0
41.249996,-120.549995,2021-09-27 00:00:00,0,0.0
41.249996,-120.45,2021-09-27 00:00:00,0,0.0
41.249996,-120.34999,2021-09-27 00:00:00,0,0.0
41.249996,-120.25,2021-09-27 00:00:00,0,0.0
41.249996,-120.149994,2021-09-27 00:00:00,0,0.0
41.249996,-120.049995,2021-09-27 00:00:00,0,0.0
41.249996,-119.95,2021-09-27 00:00:00,0,0.0
41.249996,-119.84999,2021-09-27 00:00:00,0,0.0
41.249996,-119.75,2021-09-27 00:00:00,0,0.0
41.249996,-119.649994,2021-09-27 00:00:00,0,0.0
41.249996,-119.549995,2021-09-27 00:00:00,0,0.0
41.249996,-119.45,2021-09-27 00:00:00,0,0.0
41.249996,-119.34999,2021-09-27 00:00:00,0,0.0
41.249996,-119.25,2021-09-27 00:00:00,0,0.0
41.249996,-119.149994,2021-09-27 00:00:00,0,0.0
41.249996,-119.049995,2021-09-27 00:00:00,0,0.0
41.249996,-118.95,2021-09-27 00:00:00,0,0.0
41.249996,-118.84999,2021-09-27 00:00:00,0,0.0
41.249996,-118.75,2021-09-27 00:00:00,0,0.0
41.249996,-118.649994,2021-09-27 00:00:00,0,0.0
41.249996,-118.549995,2021-09-27 00:00:00,0,0.0
41.249996,-118.45,2021-09-27 00:00:00,0,0.0
41.249996,-118.34999,2021-09-27 00:00:00,0,0.0
41.249996,-118.25,2021-09-27 00:00:00,0,0.0
41.249996,-118.149994,2021-09-27 00:00:00,0,0.0
41.249996,-118.049995,2021-09-27 00:00:00,0,0.0
41.249996,-117.95,2021-09-27 00:00:00,0,0.0
41.249996,-117.84999,2021-09-27 00:00:00,0,0.0
41.249996,-117.75,2021-09-27 00:00:00,0,0.0
41.249996,-117.649994,2021-09-27 00:00:00,0,0.0
41.249996,-117.549995,2021-09-27 00:00:00,0,0.0
41.249996,-117.45,2021-09-27 00:00:00,0,0.0
41.249996,-117.34999,2021-09-27 00:00:00,0,0.0
41.249996,-117.25,2021-09-27 00:00:00,0,0.0
41.249996,-117.149994,2021-09-27 00:00:00,0,0.0
41.249996,-117.049995,2021-09-27 00:00:00,0,0.0
41.249996,-116.95,2021-09-27 00:00:00,0,0.0
41.249996,-116.84999,2021-09-27 00:00:00,0,0.0
41.249996,-116.75,2021-09-27 00:00:00,0,0.0
41.249996,-116.649994,2021-09-27 00:00:00,0,0.0
41.249996,-116.549995,2021-09-27 00:00:00,0,0.0
41.249996,-116.45,2021-09-27 00:00:00,0,0.0
41.249996,-116.34999,2021-09-27 00:00:00,0,0.0
41.249996,-116.25,2021-09-27 00:00:00,0,0.0
41.249996,-116.149994,2021-09-27 00:00:00,0,0.0
41.249996,-116.049995,2021-09-27 00:00:00,0,0.0
41.249996,-115.95,2021-09-27 00:00:00,0,0.0
41.249996,-115.85,2021-09-27 00:00:00,0,0.0
41.249996,-115.74999,2021-09-27 00:00:00,0,0.0
41.249996,-115.649994,2021-09-27 00:00:00,0,0.0
41.249996,-115.549995,2021-09-27 00:00:00,0,0.0
41.249996,-115.45,2021-09-27 00:00:00,0,0.0
41.249996,-115.35,2021-09-27 00:00:00,0,0.0
41.249996,-115.24999,2021-09-27 00:00:00,0,0.0
41.249996,-115.149994,2021-09-27 00:00:00,0,0.0
41.249996,-115.049995,2021-09-27 00:00:00,0,0.0
41.249996,-114.95,2021-09-27 00:00:00,0,0.0
41.249996,-114.85,2021-09-27 00:00:00,0,0.0
41.249996,-114.74999,2021-09-27 00:00:00,0,0.0
41.249996,-114.649994,2021-09-27 00:00:00,0,0.0
41.249996,-114.549995,2021-09-27 00:00:00,0,0.0
41.249996,-114.45,2021-09-27 00:00:00,0,0.0
41.249996,-114.35,2021-09-27 00:00:00,0,0.0
41.249996,-114.24999,2021-09-27 00:00:00,0,0.0
41.350002,-124.34999,2021-09-27 00:00:00,0,0.0
41.350002,-124.25,2021-09-27 00:00:00,0,0.0
41.350002,-124.149994,2021-09-27 00:00:00,0,0.0
41.350002,-124.049995,2021-09-27 00:00:00,0,10.009598
41.350002,-123.95,2021-09-27 00:00:00,0,7.9729033
41.350002,-123.84999,2021-09-27 00:00:00,0,7.1034584
41.350002,-123.75,2021-09-27 00:00:00,0,6.2958746
41.350002,-123.649994,2021-09-27 00:00:00,0,4.365497
41.350002,-123.549995,2021-09-27 00:00:00,0,3.7072842
41.350002,-123.45,2021-09-27 00:00:00,0,2.4949505
41.350002,-123.34999,2021-09-27 00:00:00,0,1.907938
41.350002,-123.25,2021-09-27 00:00:00,0,1.3342812
41.350002,-123.149994,2021-09-27 00:00:00,0,1.069611
41.350002,-123.049995,2021-09-27 00:00:00,0,0.6848519
41.350002,-122.95,2021-09-27 00:00:00,0,0.35129732
41.350002,-122.84999,2021-09-27 00:00:00,0,0.037219916
41.350002,-122.75,2021-09-27 00:00:00,0,0.0
41.350002,-122.649994,2021-09-27 00:00:00,0,0.0
41.350002,-122.549995,2021-09-27 00:00:00,0,0.0
41.350002,-122.45,2021-09-27 00:00:00,0,0.0
41.350002,-122.34999,2021-09-27 00:00:00,0,0.0
41.350002,-122.25,2021-09-27 00:00:00,0,0.0
41.350002,-122.149994,2021-09-27 00:00:00,0,0.0
41.350002,-122.049995,2021-09-27 00:00:00,0,0.0
41.350002,-121.95,2021-09-27 00:00:00,0,0.0
41.350002,-121.84999,2021-09-27 00:00:00,0,0.0
41.350002,-121.75,2021-09-27 00:00:00,0,0.0050133844
41.350002,-121.649994,2021-09-27 00:00:00,0,0.008982314
41.350002,-121.549995,2021-09-27 00:00:00,0,0.020190775
41.350002,-121.45,2021-09-27 00:00:00,0,0.013982183
41.350002,-121.34999,2021-09-27 00:00:00,0,0.01705718
41.350002,-121.25,2021-09-27 00:00:00,0,0.01991023
41.350002,-121.149994,2021-09-27 00:00:00,0,0.11879654
41.350002,-121.049995,2021-09-27 00:00:00,0,0.017902255
41.350002,-120.95,2021-09-27 00:00:00,0,0.0
41.350002,-120.84999,2021-09-27 00:00:00,0,0.0
41.350002,-120.75,2021-09-27 00:00:00,0,0.0
41.350002,-120.649994,2021-09-27 00:00:00,0,0.0
41.350002,-120.549995,2021-09-27 00:00:00,0,0.0
41.350002,-120.45,2021-09-27 00:00:00,0,0.0
41.350002,-120.34999,2021-09-27 00:00:00,0,0.0
41.350002,-120.25,2021-09-27 00:00:00,0,0.0
41.350002,-120.149994,2021-09-27 00:00:00,0,0.0
41.350002,-120.049995,2021-09-27 00:00:00,0,0.0
41.350002,-119.95,2021-09-27 00:00:00,0,0.0
41.350002,-119.84999,2021-09-27 00:00:00,0,0.0
41.350002,-119.75,2021-09-27 00:00:00,0,0.0
41.350002,-119.649994,2021-09-27 00:00:00,0,0.0
41.350002,-119.549995,2021-09-27 00:00:00,0,0.0
41.350002,-119.45,2021-09-27 00:00:00,0,0.0
41.350002,-119.34999,2021-09-27 00:00:00,0,0.0
41.350002,-119.25,2021-09-27 00:00:00,0,0.0
41.350002,-119.149994,2021-09-27 00:00:00,0,0.0
41.350002,-119.049995,2021-09-27 00:00:00,0,0.0
41.350002,-118.95,2021-09-27 00:00:00,0,0.0
41.350002,-118.84999,2021-09-27 00:00:00,0,0.0
41.350002,-118.75,2021-09-27 00:00:00,0,0.0
41.350002,-118.649994,2021-09-27 00:00:00,0,0.0
41.350002,-118.549995,2021-09-27 00:00:00,0,0.0
41.350002,-118.45,2021-09-27 00:00:00,0,0.0
41.350002,-118.34999,2021-09-27 00:00:00,0,0.0
41.350002,-118.25,2021-09-27 00:00:00,0,0.0
41.350002,-118.149994,2021-09-27 00:00:00,0,0.0
41.350002,-118.049995,2021-09-27 00:00:00,0,0.0
41.350002,-117.95,2021-09-27 00:00:00,0,0.0
41.350002,-117.84999,2021-09-27 00:00:00,0,0.0
41.350002,-117.75,2021-09-27 00:00:00,0,0.0
41.350002,-117.649994,2021-09-27 00:00:00,0,0.0
41.350002,-117.549995,2021-09-27 00:00:00,0,0.0
41.350002,-117.45,2021-09-27 00:00:00,0,0.0
41.350002,-117.34999,2021-09-27 00:00:00,0,0.0
41.350002,-117.25,2021-09-27 00:00:00,0,0.0
41.350002,-117.149994,2021-09-27 00:00:00,0,0.0
41.350002,-117.049995,2021-09-27 00:00:00,0,0.0
41.350002,-116.95,2021-09-27 00:00:00,0,0.0
41.350002,-116.84999,2021-09-27 00:00:00,0,0.0
41.350002,-116.75,2021-09-27 00:00:00,0,0.0
41.350002,-116.649994,2021-09-27 00:00:00,0,0.0
41.350002,-116.549995,2021-09-27 00:00:00,0,0.0
41.350002,-116.45,2021-09-27 00:00:00,0,0.0
41.350002,-116.34999,2021-09-27 00:00:00,0,0.0
41.350002,-116.25,2021-09-27 00:00:00,0,0.0
41.350002,-116.149994,2021-09-27 00:00:00,0,0.0
41.350002,-116.049995,2021-09-27 00:00:00,0,0.0
41.350002,-115.95,2021-09-27 00:00:00,0,0.0
41.350002,-115.85,2021-09-27 00:00:00,0,0.0
41.350002,-115.74999,2021-09-27 00:00:00,0,0.0
41.350002,-115.649994,2021-09-27 00:00:00,0,0.0
41.350002,-115.549995,2021-09-27 00:00:00,0,0.0
41.350002,-115.45,2021-09-27 00:00:00,0,0.0
41.350002,-115.35,2021-09-27 00:00:00,0,0.0
41.350002,-115.24999,2021-09-27 00:00:00,0,0.0
41.350002,-115.149994,2021-09-27 00:00:00,0,0.0
41.350002,-115.049995,2021-09-27 00:00:00,0,0.0
41.350002,-114.95,2021-09-27 00:00:00,0,0.0
41.350002,-114.85,2021-09-27 00:00:00,0,0.0
41.350002,-114.74999,2021-09-27 00:00:00,0,0.0
41.350002,-114.649994,2021-09-27 00:00:00,0,0.0
41.350002,-114.549995,2021-09-27 00:00:00,0,0.0
41.350002,-114.45,2021-09-27 00:00:00,0,0.0
41.350002,-114.35,2021-09-27 00:00:00,0,0.0
41.350002,-114.24999,2021-09-27 00:00:00,0,0.0
41.45001,-124.34999,2021-09-27 00:00:00,0,0.0
41.45001,-124.25,2021-09-27 00:00:00,0,0.0
41.45001,-124.149994,2021-09-27 00:00:00,0,0.0
41.45001,-124.049995,2021-09-27 00:00:00,0,10.380597
41.45001,-123.95,2021-09-27 00:00:00,0,9.855719
41.45001,-123.84999,2021-09-27 00:00:00,0,10.256612
41.45001,-123.75,2021-09-27 00:00:00,0,8.17871
41.45001,-123.649994,2021-09-27 00:00:00,0,5.6319323
41.45001,-123.549995,2021-09-27 00:00:00,0,2.740891
41.45001,-123.45,2021-09-27 00:00:00,0,1.3388065
41.45001,-123.34999,2021-09-27 00:00:00,0,1.3021125
41.45001,-123.25,2021-09-27 00:00:00,0,0.69933355
41.45001,-123.149994,2021-09-27 00:00:00,0,0.89208686
41.45001,-123.049995,2021-09-27 00:00:00,0,0.936733
41.45001,-122.95,2021-09-27 00:00:00,0,0.9187244
41.45001,-122.84999,2021-09-27 00:00:00,0,0.36566624
41.45001,-122.75,2021-09-27 00:00:00,0,0.46809083
41.45001,-122.649994,2021-09-27 00:00:00,0,0.20297234
41.45001,-122.549995,2021-09-27 00:00:00,0,0.08264743
41.45001,-122.45,2021-09-27 00:00:00,0,0.041954853
41.45001,-122.34999,2021-09-27 00:00:00,0,0.0
41.45001,-122.25,2021-09-27 00:00:00,0,0.0
41.45001,-122.149994,2021-09-27 00:00:00,0,0.0
41.45001,-122.049995,2021-09-27 00:00:00,0,0.03633537
41.45001,-121.95,2021-09-27 00:00:00,0,0.016644357
41.45001,-121.84999,2021-09-27 00:00:00,0,0.009413166
41.45001,-121.75,2021-09-27 00:00:00,0,0.0052443566
41.45001,-121.649994,2021-09-27 00:00:00,0,0.0
41.45001,-121.549995,2021-09-27 00:00:00,0,0.0
41.45001,-121.45,2021-09-27 00:00:00,0,0.0
41.45001,-121.34999,2021-09-27 00:00:00,0,0.005013385
41.45001,-121.25,2021-09-27 00:00:00,0,0.02902031
41.45001,-121.149994,2021-09-27 00:00:00,0,0.05846783
41.45001,-121.049995,2021-09-27 00:00:00,0,0.116364665
41.45001,-120.95,2021-09-27 00:00:00,0,0.0
41.45001,-120.84999,2021-09-27 00:00:00,0,0.0
41.45001,-120.75,2021-09-27 00:00:00,0,0.0
41.45001,-120.649994,2021-09-27 00:00:00,0,0.0
41.45001,-120.549995,2021-09-27 00:00:00,0,0.0
41.45001,-120.45,2021-09-27 00:00:00,0,0.0
41.45001,-120.34999,2021-09-27 00:00:00,0,0.0
41.45001,-120.25,2021-09-27 00:00:00,0,0.0
41.45001,-120.149994,2021-09-27 00:00:00,0,0.0
41.45001,-120.049995,2021-09-27 00:00:00,0,0.0
41.45001,-119.95,2021-09-27 00:00:00,0,0.0
41.45001,-119.84999,2021-09-27 00:00:00,0,0.0
41.45001,-119.75,2021-09-27 00:00:00,0,0.0
41.45001,-119.649994,2021-09-27 00:00:00,0,0.0
41.45001,-119.549995,2021-09-27 00:00:00,0,0.0
41.45001,-119.45,2021-09-27 00:00:00,0,0.0
41.45001,-119.34999,2021-09-27 00:00:00,0,0.0
41.45001,-119.25,2021-09-27 00:00:00,0,0.0
41.45001,-119.149994,2021-09-27 00:00:00,0,0.0
41.45001,-119.049995,2021-09-27 00:00:00,0,0.0
41.45001,-118.95,2021-09-27 00:00:00,0,0.0
41.45001,-118.84999,2021-09-27 00:00:00,0,0.0
41.45001,-118.75,2021-09-27 00:00:00,0,0.0
41.45001,-118.649994,2021-09-27 00:00:00,0,0.0
41.45001,-118.549995,2021-09-27 00:00:00,0,0.0
41.45001,-118.45,2021-09-27 00:00:00,0,0.0
41.45001,-118.34999,2021-09-27 00:00:00,0,0.0
41.45001,-118.25,2021-09-27 00:00:00,0,0.0
41.45001,-118.149994,2021-09-27 00:00:00,0,0.0
41.45001,-118.049995,2021-09-27 00:00:00,0,0.0
41.45001,-117.95,2021-09-27 00:00:00,0,0.0
41.45001,-117.84999,2021-09-27 00:00:00,0,0.0
41.45001,-117.75,2021-09-27 00:00:00,0,0.0
41.45001,-117.649994,2021-09-27 00:00:00,0,0.0
41.45001,-117.549995,2021-09-27 00:00:00,0,0.0
41.45001,-117.45,2021-09-27 00:00:00,0,0.0
41.45001,-117.34999,2021-09-27 00:00:00,0,0.0
41.45001,-117.25,2021-09-27 00:00:00,0,0.0
41.45001,-117.149994,2021-09-27 00:00:00,0,0.0
41.45001,-117.049995,2021-09-27 00:00:00,0,0.0
41.45001,-116.95,2021-09-27 00:00:00,0,0.0
41.45001,-116.84999,2021-09-27 00:00:00,0,0.0
41.45001,-116.75,2021-09-27 00:00:00,0,0.0
41.45001,-116.649994,2021-09-27 00:00:00,0,0.0
41.45001,-116.549995,2021-09-27 00:00:00,0,0.0
41.45001,-116.45,2021-09-27 00:00:00,0,0.0
41.45001,-116.34999,2021-09-27 00:00:00,0,0.0
41.45001,-116.25,2021-09-27 00:00:00,0,0.0
41.45001,-116.149994,2021-09-27 00:00:00,0,0.0
41.45001,-116.049995,2021-09-27 00:00:00,0,0.0
41.45001,-115.95,2021-09-27 00:00:00,0,0.0
41.45001,-115.85,2021-09-27 00:00:00,0,0.0
41.45001,-115.74999,2021-09-27 00:00:00,0,0.0
41.45001,-115.649994,2021-09-27 00:00:00,0,0.0
41.45001,-115.549995,2021-09-27 00:00:00,0,0.0
41.45001,-115.45,2021-09-27 00:00:00,0,0.0
41.45001,-115.35,2021-09-27 00:00:00,0,0.0
41.45001,-115.24999,2021-09-27 00:00:00,0,0.0
41.45001,-115.149994,2021-09-27 00:00:00,0,0.0
41.45001,-115.049995,2021-09-27 00:00:00,0,0.0
41.45001,-114.95,2021-09-27 00:00:00,0,0.0
41.45001,-114.85,2021-09-27 00:00:00,0,0.0
41.45001,-114.74999,2021-09-27 00:00:00,0,0.0
41.45001,-114.649994,2021-09-27 00:00:00,0,0.0
41.45001,-114.549995,2021-09-27 00:00:00,0,0.0
41.45001,-114.45,2021-09-27 00:00:00,0,0.0
41.45001,-114.35,2021-09-27 00:00:00,0,0.0
41.45001,-114.24999,2021-09-27 00:00:00,0,0.0
41.55,-124.34999,2021-09-27 00:00:00,0,0.0
41.55,-124.25,2021-09-27 00:00:00,0,0.0
41.55,-124.149994,2021-09-27 00:00:00,0,0.0
41.55,-124.049995,2021-09-27 00:00:00,0,10.088355
41.55,-123.95,2021-09-27 00:00:00,0,11.671292
41.55,-123.84999,2021-09-27 00:00:00,0,10.782923
41.55,-123.75,2021-09-27 00:00:00,0,10.135926
41.55,-123.649994,2021-09-27 00:00:00,0,7.6240177
41.55,-123.549995,2021-09-27 00:00:00,0,4.1221
41.55,-123.45,2021-09-27 00:00:00,0,1.9697833
41.55,-123.34999,2021-09-27 00:00:00,0,1.8058811
41.55,-123.25,2021-09-27 00:00:00,0,1.7571319
41.55,-123.149994,2021-09-27 00:00:00,0,2.0317292
41.55,-123.049995,2021-09-27 00:00:00,0,0.9683045
41.55,-122.95,2021-09-27 00:00:00,0,0.89651227
41.55,-122.84999,2021-09-27 00:00:00,0,0.316546
41.55,-122.75,2021-09-27 00:00:00,0,0.05356219
41.55,-122.649994,2021-09-27 00:00:00,0,0.032097742
41.55,-122.549995,2021-09-27 00:00:00,0,0.0
41.55,-122.45,2021-09-27 00:00:00,0,0.013369026
41.55,-122.34999,2021-09-27 00:00:00,0,0.019455044
41.55,-122.25,2021-09-27 00:00:00,0,0.07160902
41.55,-122.149994,2021-09-27 00:00:00,0,0.0
41.55,-122.049995,2021-09-27 00:00:00,0,0.0
41.55,-121.95,2021-09-27 00:00:00,0,0.0
41.55,-121.84999,2021-09-27 00:00:00,0,0.0
41.55,-121.75,2021-09-27 00:00:00,0,0.0
41.55,-121.649994,2021-09-27 00:00:00,0,0.0
41.55,-121.549995,2021-09-27 00:00:00,0,0.0
41.55,-121.45,2021-09-27 00:00:00,0,0.0
41.55,-121.34999,2021-09-27 00:00:00,0,0.0033422564
41.55,-121.25,2021-09-27 00:00:00,0,0.018232787
41.55,-121.149994,2021-09-27 00:00:00,0,0.06409535
41.55,-121.049995,2021-09-27 00:00:00,0,0.11051911
41.55,-120.95,2021-09-27 00:00:00,0,0.14321804
41.55,-120.84999,2021-09-27 00:00:00,0,0.0
41.55,-120.75,2021-09-27 00:00:00,0,0.0
41.55,-120.649994,2021-09-27 00:00:00,0,0.0
41.55,-120.549995,2021-09-27 00:00:00,0,0.0
41.55,-120.45,2021-09-27 00:00:00,0,0.0
41.55,-120.34999,2021-09-27 00:00:00,0,0.0
41.55,-120.25,2021-09-27 00:00:00,0,0.0
41.55,-120.149994,2021-09-27 00:00:00,0,0.0
41.55,-120.049995,2021-09-27 00:00:00,0,0.0
41.55,-119.95,2021-09-27 00:00:00,0,0.0
41.55,-119.84999,2021-09-27 00:00:00,0,0.0
41.55,-119.75,2021-09-27 00:00:00,0,0.0
41.55,-119.649994,2021-09-27 00:00:00,0,0.0
41.55,-119.549995,2021-09-27 00:00:00,0,0.0
41.55,-119.45,2021-09-27 00:00:00,0,0.0
41.55,-119.34999,2021-09-27 00:00:00,0,0.0
41.55,-119.25,2021-09-27 00:00:00,0,0.0
41.55,-119.149994,2021-09-27 00:00:00,0,0.0
41.55,-119.049995,2021-09-27 00:00:00,0,0.0
41.55,-118.95,2021-09-27 00:00:00,0,0.0
41.55,-118.84999,2021-09-27 00:00:00,0,0.0
41.55,-118.75,2021-09-27 00:00:00,0,0.0
41.55,-118.649994,2021-09-27 00:00:00,0,0.0
41.55,-118.549995,2021-09-27 00:00:00,0,0.0
41.55,-118.45,2021-09-27 00:00:00,0,0.0
41.55,-118.34999,2021-09-27 00:00:00,0,0.0
41.55,-118.25,2021-09-27 00:00:00,0,0.0
41.55,-118.149994,2021-09-27 00:00:00,0,0.0
41.55,-118.049995,2021-09-27 00:00:00,0,0.0
41.55,-117.95,2021-09-27 00:00:00,0,0.0
41.55,-117.84999,2021-09-27 00:00:00,0,0.0
41.55,-117.75,2021-09-27 00:00:00,0,0.0
41.55,-117.649994,2021-09-27 00:00:00,0,0.0
41.55,-117.549995,2021-09-27 00:00:00,0,0.0
41.55,-117.45,2021-09-27 00:00:00,0,0.0
41.55,-117.34999,2021-09-27 00:00:00,0,0.0
41.55,-117.25,2021-09-27 00:00:00,0,0.0
41.55,-117.149994,2021-09-27 00:00:00,0,0.0
41.55,-117.049995,2021-09-27 00:00:00,0,0.0
41.55,-116.95,2021-09-27 00:00:00,0,0.0
41.55,-116.84999,2021-09-27 00:00:00,0,0.0
41.55,-116.75,2021-09-27 00:00:00,0,0.0
41.55,-116.649994,2021-09-27 00:00:00,0,0.0
41.55,-116.549995,2021-09-27 00:00:00,0,0.0
41.55,-116.45,2021-09-27 00:00:00,0,0.0
41.55,-116.34999,2021-09-27 00:00:00,0,0.0
41.55,-116.25,2021-09-27 00:00:00,0,0.0
41.55,-116.149994,2021-09-27 00:00:00,0,0.0
41.55,-116.049995,2021-09-27 00:00:00,0,0.0
41.55,-115.95,2021-09-27 00:00:00,0,0.0
41.55,-115.85,2021-09-27 00:00:00,0,0.0
41.55,-115.74999,2021-09-27 00:00:00,0,0.0
41.55,-115.649994,2021-09-27 00:00:00,0,0.0
41.55,-115.549995,2021-09-27 00:00:00,0,0.0
41.55,-115.45,2021-09-27 00:00:00,0,0.0
41.55,-115.35,2021-09-27 00:00:00,0,0.0
41.55,-115.24999,2021-09-27 00:00:00,0,0.0
41.55,-115.149994,2021-09-27 00:00:00,0,0.0
41.55,-115.049995,2021-09-27 00:00:00,0,0.0
41.55,-114.95,2021-09-27 00:00:00,0,0.0
41.55,-114.85,2021-09-27 00:00:00,0,0.0
41.55,-114.74999,2021-09-27 00:00:00,0,0.0
41.55,-114.649994,2021-09-27 00:00:00,0,0.0
41.55,-114.549995,2021-09-27 00:00:00,0,0.0
41.55,-114.45,2021-09-27 00:00:00,0,0.0
41.55,-114.35,2021-09-27 00:00:00,0,0.0
41.55,-114.24999,2021-09-27 00:00:00,0,0.0
41.650005,-124.34999,2021-09-27 00:00:00,0,0.0
41.650005,-124.25,2021-09-27 00:00:00,0,0.0
41.650005,-124.149994,2021-09-27 00:00:00,0,0.0
41.650005,-124.049995,2021-09-27 00:00:00,0,10.970193
41.650005,-123.95,2021-09-27 00:00:00,0,14.866918
41.650005,-123.84999,2021-09-27 00:00:00,0,14.0479145
41.650005,-123.75,2021-09-27 00:00:00,0,10.205226
41.650005,-123.649994,2021-09-27 00:00:00,0,6.5842266
41.650005,-123.549995,2021-09-27 00:00:00,0,2.4975154
41.650005,-123.45,2021-09-27 00:00:00,0,1.3753088
41.650005,-123.34999,2021-09-27 00:00:00,0,1.7635186
41.650005,-123.25,2021-09-27 00:00:00,0,1.4378992
41.650005,-123.149994,2021-09-27 00:00:00,0,1.452926
41.650005,-123.049995,2021-09-27 00:00:00,0,0.8807556
41.650005,-122.95,2021-09-27 00:00:00,0,1.0161103
41.650005,-122.84999,2021-09-27 00:00:00,0,0.8081015
41.650005,-122.75,2021-09-27 00:00:00,0,0.6468694
41.650005,-122.649994,2021-09-27 00:00:00,0,0.47432983
41.650005,-122.549995,2021-09-27 00:00:00,0,0.056830995
41.650005,-122.45,2021-09-27 00:00:00,0,0.17231657
41.650005,-122.34999,2021-09-27 00:00:00,0,0.2132498
41.650005,-122.25,2021-09-27 00:00:00,0,0.18163535
41.650005,-122.149994,2021-09-27 00:00:00,0,0.05691504
41.650005,-122.049995,2021-09-27 00:00:00,0,0.044755638
41.650005,-121.95,2021-09-27 00:00:00,0,0.0
41.650005,-121.84999,2021-09-27 00:00:00,0,0.0072670747
41.650005,-121.75,2021-09-27 00:00:00,0,0.0033288717
41.650005,-121.649994,2021-09-27 00:00:00,0,0.0018826332
41.650005,-121.549995,2021-09-27 00:00:00,0,0.0010488713
41.650005,-121.45,2021-09-27 00:00:00,0,0.0
41.650005,-121.34999,2021-09-27 00:00:00,0,0.0
41.650005,-121.25,2021-09-27 00:00:00,0,0.013369026
41.650005,-121.149994,2021-09-27 00:00:00,0,0.03282407
41.650005,-121.049995,2021-09-27 00:00:00,0,0.11111761
41.650005,-120.95,2021-09-27 00:00:00,0,0.10079159
41.650005,-120.84999,2021-09-27 00:00:00,0,0.10741354
41.650005,-120.75,2021-09-27 00:00:00,0,0.0
41.650005,-120.649994,2021-09-27 00:00:00,0,0.0
41.650005,-120.549995,2021-09-27 00:00:00,0,0.0
41.650005,-120.45,2021-09-27 00:00:00,0,0.0
41.650005,-120.34999,2021-09-27 00:00:00,0,0.0
41.650005,-120.25,2021-09-27 00:00:00,0,0.0
41.650005,-120.149994,2021-09-27 00:00:00,0,0.0
41.650005,-120.049995,2021-09-27 00:00:00,0,0.0
41.650005,-119.95,2021-09-27 00:00:00,0,0.0
41.650005,-119.84999,2021-09-27 00:00:00,0,0.0
41.650005,-119.75,2021-09-27 00:00:00,0,0.0
41.650005,-119.649994,2021-09-27 00:00:00,0,0.0
41.650005,-119.549995,2021-09-27 00:00:00,0,0.0
41.650005,-119.45,2021-09-27 00:00:00,0,0.0
41.650005,-119.34999,2021-09-27 00:00:00,0,0.0
41.650005,-119.25,2021-09-27 00:00:00,0,0.0
41.650005,-119.149994,2021-09-27 00:00:00,0,0.0
41.650005,-119.049995,2021-09-27 00:00:00,0,0.0
41.650005,-118.95,2021-09-27 00:00:00,0,0.0
41.650005,-118.84999,2021-09-27 00:00:00,0,0.0
41.650005,-118.75,2021-09-27 00:00:00,0,0.0
41.650005,-118.649994,2021-09-27 00:00:00,0,0.0
41.650005,-118.549995,2021-09-27 00:00:00,0,0.0
41.650005,-118.45,2021-09-27 00:00:00,0,0.0
41.650005,-118.34999,2021-09-27 00:00:00,0,0.0
41.650005,-118.25,2021-09-27 00:00:00,0,0.0
41.650005,-118.149994,2021-09-27 00:00:00,0,0.0
41.650005,-118.049995,2021-09-27 00:00:00,0,0.0
41.650005,-117.95,2021-09-27 00:00:00,0,0.0
41.650005,-117.84999,2021-09-27 00:00:00,0,0.0
41.650005,-117.75,2021-09-27 00:00:00,0,0.0
41.650005,-117.649994,2021-09-27 00:00:00,0,0.0
41.650005,-117.549995,2021-09-27 00:00:00,0,0.0
41.650005,-117.45,2021-09-27 00:00:00,0,0.0
41.650005,-117.34999,2021-09-27 00:00:00,0,0.0
41.650005,-117.25,2021-09-27 00:00:00,0,0.0
41.650005,-117.149994,2021-09-27 00:00:00,0,0.0
41.650005,-117.049995,2021-09-27 00:00:00,0,0.0
41.650005,-116.95,2021-09-27 00:00:00,0,0.0
41.650005,-116.84999,2021-09-27 00:00:00,0,0.0
41.650005,-116.75,2021-09-27 00:00:00,0,0.0
41.650005,-116.649994,2021-09-27 00:00:00,0,0.0
41.650005,-116.549995,2021-09-27 00:00:00,0,0.0
41.650005,-116.45,2021-09-27 00:00:00,0,0.0
41.650005,-116.34999,2021-09-27 00:00:00,0,0.0
41.650005,-116.25,2021-09-27 00:00:00,0,0.0
41.650005,-116.149994,2021-09-27 00:00:00,0,0.0
41.650005,-116.049995,2021-09-27 00:00:00,0,0.0
41.650005,-115.95,2021-09-27 00:00:00,0,0.0
41.650005,-115.85,2021-09-27 00:00:00,0,0.0
41.650005,-115.74999,2021-09-27 00:00:00,0,0.0
41.650005,-115.649994,2021-09-27 00:00:00,0,0.0
41.650005,-115.549995,2021-09-27 00:00:00,0,0.0
41.650005,-115.45,2021-09-27 00:00:00,0,0.0
41.650005,-115.35,2021-09-27 00:00:00,0,0.0
41.650005,-115.24999,2021-09-27 00:00:00,0,0.0
41.650005,-115.149994,2021-09-27 00:00:00,0,0.0
41.650005,-115.049995,2021-09-27 00:00:00,0,0.0
41.650005,-114.95,2021-09-27 00:00:00,0,0.0
41.650005,-114.85,2021-09-27 00:00:00,0,0.0
41.650005,-114.74999,2021-09-27 00:00:00,0,0.0
41.650005,-114.649994,2021-09-27 00:00:00,0,0.0
41.650005,-114.549995,2021-09-27 00:00:00,0,0.0
41.650005,-114.45,2021-09-27 00:00:00,0,0.0
41.650005,-114.35,2021-09-27 00:00:00,0,0.0
41.650005,-114.24999,2021-09-27 00:00:00,0,0.0
41.749996,-124.34999,2021-09-27 00:00:00,0,0.0
41.749996,-124.25,2021-09-27 00:00:00,0,0.0
41.749996,-124.149994,2021-09-27 00:00:00,0,10.51767
41.749996,-124.049995,2021-09-27 00:00:00,0,9.300209
41.749996,-123.95,2021-09-27 00:00:00,0,15.60876
41.749996,-123.84999,2021-09-27 00:00:00,0,16.281239
41.749996,-123.75,2021-09-27 00:00:00,0,10.940511
41.749996,-123.649994,2021-09-27 00:00:00,0,4.6005335
41.749996,-123.549995,2021-09-27 00:00:00,0,1.9590323
41.749996,-123.45,2021-09-27 00:00:00,0,1.3206547
41.749996,-123.34999,2021-09-27 00:00:00,0,1.8970575
41.749996,-123.25,2021-09-27 00:00:00,0,1.7448694
41.749996,-123.149994,2021-09-27 00:00:00,0,1.8452754
41.749996,-123.049995,2021-09-27 00:00:00,0,1.0208391
41.749996,-122.95,2021-09-27 00:00:00,0,1.1852807
41.749996,-122.84999,2021-09-27 00:00:00,0,1.1823585
41.749996,-122.75,2021-09-27 00:00:00,0,1.6450806
41.749996,-122.649994,2021-09-27 00:00:00,0,1.5189666
41.749996,-122.549995,2021-09-27 00:00:00,0,1.8019476
41.749996,-122.45,2021-09-27 00:00:00,0,0.55480015
41.749996,-122.34999,2021-09-27 00:00:00,0,0.41892588
41.749996,-122.25,2021-09-27 00:00:00,0,0.2850576
41.749996,-122.149994,2021-09-27 00:00:00,0,0.05228617
41.749996,-122.049995,2021-09-27 00:00:00,0,0.0041954853
41.749996,-121.95,2021-09-27 00:00:00,0,0.0
41.749996,-121.84999,2021-09-27 00:00:00,0,0.0
41.749996,-121.75,2021-09-27 00:00:00,0,0.0
41.749996,-121.649994,2021-09-27 00:00:00,0,0.0
41.749996,-121.549995,2021-09-27 00:00:00,0,0.0072670747
41.749996,-121.45,2021-09-27 00:00:00,0,0.01786302
41.749996,-121.34999,2021-09-27 00:00:00,0,0.008540377
41.749996,-121.25,2021-09-27 00:00:00,0,0.008156395
41.749996,-121.149994,2021-09-27 00:00:00,0,0.03871294
41.749996,-121.049995,2021-09-27 00:00:00,0,0.09585942
41.749996,-120.95,2021-09-27 00:00:00,0,0.22129056
41.749996,-120.84999,2021-09-27 00:00:00,0,0.17736708
41.749996,-120.75,2021-09-27 00:00:00,0,0.026853384
41.749996,-120.649994,2021-09-27 00:00:00,0,0.0
41.749996,-120.549995,2021-09-27 00:00:00,0,0.0
41.749996,-120.45,2021-09-27 00:00:00,0,0.0
41.749996,-120.34999,2021-09-27 00:00:00,0,0.0
41.749996,-120.25,2021-09-27 00:00:00,0,0.0
41.749996,-120.149994,2021-09-27 00:00:00,0,0.0
41.749996,-120.049995,2021-09-27 00:00:00,0,0.0
41.749996,-119.95,2021-09-27 00:00:00,0,0.0
41.749996,-119.84999,2021-09-27 00:00:00,0,0.0
41.749996,-119.75,2021-09-27 00:00:00,0,0.0
41.749996,-119.649994,2021-09-27 00:00:00,0,0.0
41.749996,-119.549995,2021-09-27 00:00:00,0,0.0
41.749996,-119.45,2021-09-27 00:00:00,0,0.0
41.749996,-119.34999,2021-09-27 00:00:00,0,0.0
41.749996,-119.25,2021-09-27 00:00:00,0,0.0
41.749996,-119.149994,2021-09-27 00:00:00,0,0.0
41.749996,-119.049995,2021-09-27 00:00:00,0,0.0
41.749996,-118.95,2021-09-27 00:00:00,0,0.0
41.749996,-118.84999,2021-09-27 00:00:00,0,0.0
41.749996,-118.75,2021-09-27 00:00:00,0,0.0
41.749996,-118.649994,2021-09-27 00:00:00,0,0.0
41.749996,-118.549995,2021-09-27 00:00:00,0,0.0
41.749996,-118.45,2021-09-27 00:00:00,0,0.0
41.749996,-118.34999,2021-09-27 00:00:00,0,0.0
41.749996,-118.25,2021-09-27 00:00:00,0,0.0
41.749996,-118.149994,2021-09-27 00:00:00,0,0.0
41.749996,-118.049995,2021-09-27 00:00:00,0,0.0
41.749996,-117.95,2021-09-27 00:00:00,0,0.0
41.749996,-117.84999,2021-09-27 00:00:00,0,0.0
41.749996,-117.75,2021-09-27 00:00:00,0,0.0
41.749996,-117.649994,2021-09-27 00:00:00,0,0.0
41.749996,-117.549995,2021-09-27 00:00:00,0,0.0
41.749996,-117.45,2021-09-27 00:00:00,0,0.0
41.749996,-117.34999,2021-09-27 00:00:00,0,0.0
41.749996,-117.25,2021-09-27 00:00:00,0,0.0
41.749996,-117.149994,2021-09-27 00:00:00,0,0.0
41.749996,-117.049995,2021-09-27 00:00:00,0,0.0
41.749996,-116.95,2021-09-27 00:00:00,0,0.0
41.749996,-116.84999,2021-09-27 00:00:00,0,0.0
41.749996,-116.75,2021-09-27 00:00:00,0,0.0
41.749996,-116.649994,2021-09-27 00:00:00,0,0.0
41.749996,-116.549995,2021-09-27 00:00:00,0,0.0
41.749996,-116.45,2021-09-27 00:00:00,0,0.0
41.749996,-116.34999,2021-09-27 00:00:00,0,0.0
41.749996,-116.25,2021-09-27 00:00:00,0,0.0
41.749996,-116.149994,2021-09-27 00:00:00,0,0.0
41.749996,-116.049995,2021-09-27 00:00:00,0,0.0
41.749996,-115.95,2021-09-27 00:00:00,0,0.0
41.749996,-115.85,2021-09-27 00:00:00,0,0.0
41.749996,-115.74999,2021-09-27 00:00:00,0,0.0
41.749996,-115.649994,2021-09-27 00:00:00,0,0.0
41.749996,-115.549995,2021-09-27 00:00:00,0,0.0
41.749996,-115.45,2021-09-27 00:00:00,0,0.0
41.749996,-115.35,2021-09-27 00:00:00,0,0.0
41.749996,-115.24999,2021-09-27 00:00:00,0,0.0
41.749996,-115.149994,2021-09-27 00:00:00,0,0.0
41.749996,-115.049995,2021-09-27 00:00:00,0,0.0
41.749996,-114.95,2021-09-27 00:00:00,0,0.0
41.749996,-114.85,2021-09-27 00:00:00,0,0.0
41.749996,-114.74999,2021-09-27 00:00:00,0,0.0
41.749996,-114.649994,2021-09-27 00:00:00,0,0.0
41.749996,-114.549995,2021-09-27 00:00:00,0,0.0
41.749996,-114.45,2021-09-27 00:00:00,0,0.0
41.749996,-114.35,2021-09-27 00:00:00,0,0.0
41.749996,-114.24999,2021-09-27 00:00:00,0,0.0
41.850002,-124.34999,2021-09-27 00:00:00,0,0.0
41.850002,-124.25,2021-09-27 00:00:00,0,0.0
41.850002,-124.149994,2021-09-27 00:00:00,0,9.362983
41.850002,-124.049995,2021-09-27 00:00:00,0,12.905894
41.850002,-123.95,2021-09-27 00:00:00,0,11.72335
41.850002,-123.84999,2021-09-27 00:00:00,0,10.676604
41.850002,-123.75,2021-09-27 00:00:00,0,7.002722
41.850002,-123.649994,2021-09-27 00:00:00,0,2.9750102
41.850002,-123.549995,2021-09-27 00:00:00,0,2.282081
41.850002,-123.45,2021-09-27 00:00:00,0,0.7075132
41.850002,-123.34999,2021-09-27 00:00:00,0,1.1495148
41.850002,-123.25,2021-09-27 00:00:00,0,0.8280994
41.850002,-123.149994,2021-09-27 00:00:00,0,1.061418
41.850002,-123.049995,2021-09-27 00:00:00,0,0.9845041
41.850002,-122.95,2021-09-27 00:00:00,0,0.92198986
41.850002,-122.84999,2021-09-27 00:00:00,0,1.1412019
41.850002,-122.75,2021-09-27 00:00:00,0,5.5244017
41.850002,-122.649994,2021-09-27 00:00:00,0,7.9433365
41.850002,-122.549995,2021-09-27 00:00:00,0,4.9285865
41.850002,-122.45,2021-09-27 00:00:00,0,3.2788815
41.850002,-122.34999,2021-09-27 00:00:00,0,1.9141879
41.850002,-122.25,2021-09-27 00:00:00,0,0.19836228
41.850002,-122.149994,2021-09-27 00:00:00,0,0.12555927
41.850002,-122.049995,2021-09-27 00:00:00,0,0.18014513
41.850002,-121.95,2021-09-27 00:00:00,0,0.10244708
41.850002,-121.84999,2021-09-27 00:00:00,0,0.08056015
41.850002,-121.75,2021-09-27 00:00:00,0,0.0
41.850002,-121.649994,2021-09-27 00:00:00,0,0.0
41.850002,-121.549995,2021-09-27 00:00:00,0,0.0
41.850002,-121.45,2021-09-27 00:00:00,0,0.0033422564
41.850002,-121.34999,2021-09-27 00:00:00,0,0.04329971
41.850002,-121.25,2021-09-27 00:00:00,0,0.11227145
41.850002,-121.149994,2021-09-27 00:00:00,0,0.29523176
41.850002,-121.049995,2021-09-27 00:00:00,0,0.27122483
41.850002,-120.95,2021-09-27 00:00:00,0,0.20668362
41.850002,-120.84999,2021-09-27 00:00:00,0,0.094375044
41.850002,-120.75,2021-09-27 00:00:00,0,0.017902255
41.850002,-120.649994,2021-09-27 00:00:00,0,0.0
41.850002,-120.549995,2021-09-27 00:00:00,0,0.0
41.850002,-120.45,2021-09-27 00:00:00,0,0.0
41.850002,-120.34999,2021-09-27 00:00:00,0,0.0
41.850002,-120.25,2021-09-27 00:00:00,0,0.0
41.850002,-120.149994,2021-09-27 00:00:00,0,0.0
41.850002,-120.049995,2021-09-27 00:00:00,0,0.0
41.850002,-119.95,2021-09-27 00:00:00,0,0.0
41.850002,-119.84999,2021-09-27 00:00:00,0,0.0
41.850002,-119.75,2021-09-27 00:00:00,0,0.0
41.850002,-119.649994,2021-09-27 00:00:00,0,0.0
41.850002,-119.549995,2021-09-27 00:00:00,0,0.0
41.850002,-119.45,2021-09-27 00:00:00,0,0.0
41.850002,-119.34999,2021-09-27 00:00:00,0,0.0
41.850002,-119.25,2021-09-27 00:00:00,0,0.0
41.850002,-119.149994,2021-09-27 00:00:00,0,0.0
41.850002,-119.049995,2021-09-27 00:00:00,0,0.0
41.850002,-118.95,2021-09-27 00:00:00,0,0.0
41.850002,-118.84999,2021-09-27 00:00:00,0,0.0
41.850002,-118.75,2021-09-27 00:00:00,0,0.0
41.850002,-118.649994,2021-09-27 00:00:00,0,0.0
41.850002,-118.549995,2021-09-27 00:00:00,0,0.0
41.850002,-118.45,2021-09-27 00:00:00,0,0.0
41.850002,-118.34999,2021-09-27 00:00:00,0,0.0
41.850002,-118.25,2021-09-27 00:00:00,0,0.0
41.850002,-118.149994,2021-09-27 00:00:00,0,0.0
41.850002,-118.049995,2021-09-27 00:00:00,0,0.0
41.850002,-117.95,2021-09-27 00:00:00,0,0.0
41.850002,-117.84999,2021-09-27 00:00:00,0,0.0
41.850002,-117.75,2021-09-27 00:00:00,0,0.0
41.850002,-117.649994,2021-09-27 00:00:00,0,0.0
41.850002,-117.549995,2021-09-27 00:00:00,0,0.0
41.850002,-117.45,2021-09-27 00:00:00,0,0.0
41.850002,-117.34999,2021-09-27 00:00:00,0,0.0
41.850002,-117.25,2021-09-27 00:00:00,0,0.0
41.850002,-117.149994,2021-09-27 00:00:00,0,0.0
41.850002,-117.049995,2021-09-27 00:00:00,0,0.0
41.850002,-116.95,2021-09-27 00:00:00,0,0.0
41.850002,-116.84999,2021-09-27 00:00:00,0,0.0
41.850002,-116.75,2021-09-27 00:00:00,0,0.0
41.850002,-116.649994,2021-09-27 00:00:00,0,0.0
41.850002,-116.549995,2021-09-27 00:00:00,0,0.0
41.850002,-116.45,2021-09-27 00:00:00,0,0.0
41.850002,-116.34999,2021-09-27 00:00:00,0,0.0
41.850002,-116.25,2021-09-27 00:00:00,0,0.0
41.850002,-116.149994,2021-09-27 00:00:00,0,0.0
41.850002,-116.049995,2021-09-27 00:00:00,0,0.0
41.850002,-115.95,2021-09-27 00:00:00,0,0.0
41.850002,-115.85,2021-09-27 00:00:00,0,0.0
41.850002,-115.74999,2021-09-27 00:00:00,0,0.0
41.850002,-115.649994,2021-09-27 00:00:00,0,0.0
41.850002,-115.549995,2021-09-27 00:00:00,0,0.0
41.850002,-115.45,2021-09-27 00:00:00,0,0.0
41.850002,-115.35,2021-09-27 00:00:00,0,0.0
41.850002,-115.24999,2021-09-27 00:00:00,0,0.0
41.850002,-115.149994,2021-09-27 00:00:00,0,0.0
41.850002,-115.049995,2021-09-27 00:00:00,0,0.0
41.850002,-114.95,2021-09-27 00:00:00,0,0.0
41.850002,-114.85,2021-09-27 00:00:00,0,0.0
41.850002,-114.74999,2021-09-27 00:00:00,0,0.0
41.850002,-114.649994,2021-09-27 00:00:00,0,0.0
41.850002,-114.549995,2021-09-27 00:00:00,0,0.0
41.850002,-114.45,2021-09-27 00:00:00,0,0.0
41.850002,-114.35,2021-09-27 00:00:00,0,0.0
41.850002,-114.24999,2021-09-27 00:00:00,0,0.0
41.95001,-124.34999,2021-09-27 00:00:00,0,0.0
41.95001,-124.25,2021-09-27 00:00:00,0,0.0
41.95001,-124.149994,2021-09-27 00:00:00,0,13.835347
41.95001,-124.049995,2021-09-27 00:00:00,0,14.339484
41.95001,-123.95,2021-09-27 00:00:00,0,15.910193
41.95001,-123.84999,2021-09-27 00:00:00,0,12.202759
41.95001,-123.75,2021-09-27 00:00:00,0,8.9428425
41.95001,-123.649994,2021-09-27 00:00:00,0,7.1145773
41.95001,-123.549995,2021-09-27 00:00:00,0,7.146097
41.95001,-123.45,2021-09-27 00:00:00,0,3.2272859
41.95001,-123.34999,2021-09-27 00:00:00,0,2.6591744
41.95001,-123.25,2021-09-27 00:00:00,0,1.2633237
41.95001,-123.149994,2021-09-27 00:00:00,0,1.4431719
41.95001,-123.049995,2021-09-27 00:00:00,0,2.0748212
41.95001,-122.95,2021-09-27 00:00:00,0,1.485602
41.95001,-122.84999,2021-09-27 00:00:00,0,1.3903607
41.95001,-122.75,2021-09-27 00:00:00,0,2.3840508
41.95001,-122.649994,2021-09-27 00:00:00,0,4.662344
41.95001,-122.549995,2021-09-27 00:00:00,0,4.25312
41.95001,-122.45,2021-09-27 00:00:00,0,3.1520464
41.95001,-122.34999,2021-09-27 00:00:00,0,1.9885325
41.95001,-122.25,2021-09-27 00:00:00,0,0.34302714
41.95001,-122.149994,2021-09-27 00:00:00,0,0.19441172
41.95001,-122.049995,2021-09-27 00:00:00,0,0.03580451
41.95001,-121.95,2021-09-27 00:00:00,0,0.0
41.95001,-121.84999,2021-09-27 00:00:00,0,0.0
41.95001,-121.75,2021-09-27 00:00:00,0,0.0
41.95001,-121.649994,2021-09-27 00:00:00,0,0.0
41.95001,-121.549995,2021-09-27 00:00:00,0,0.0
41.95001,-121.45,2021-09-27 00:00:00,0,0.0
41.95001,-121.34999,2021-09-27 00:00:00,0,0.026738051
41.95001,-121.25,2021-09-27 00:00:00,0,0.06564814
41.95001,-121.149994,2021-09-27 00:00:00,0,0.28356296
41.95001,-121.049995,2021-09-27 00:00:00,0,0.23196273
41.95001,-120.95,2021-09-27 00:00:00,0,0.40242785
41.95001,-120.84999,2021-09-27 00:00:00,0,0.33658016
41.95001,-120.75,2021-09-27 00:00:00,0,0.13703915
41.95001,-120.649994,2021-09-27 00:00:00,0,0.031466138
41.95001,-120.549995,2021-09-27 00:00:00,0,0.0
41.95001,-120.45,2021-09-27 00:00:00,0,0.0
41.95001,-120.34999,2021-09-27 00:00:00,0,0.0
41.95001,-120.25,2021-09-27 00:00:00,0,0.0
41.95001,-120.149994,2021-09-27 00:00:00,0,0.0
41.95001,-120.049995,2021-09-27 00:00:00,0,0.0
41.95001,-119.95,2021-09-27 00:00:00,0,0.0
41.95001,-119.84999,2021-09-27 00:00:00,0,0.0
41.95001,-119.75,2021-09-27 00:00:00,0,0.0
41.95001,-119.649994,2021-09-27 00:00:00,0,0.0
41.95001,-119.549995,2021-09-27 00:00:00,0,0.0
41.95001,-119.45,2021-09-27 00:00:00,0,0.0
41.95001,-119.34999,2021-09-27 00:00:00,0,0.0
41.95001,-119.25,2021-09-27 00:00:00,0,0.0
41.95001,-119.149994,2021-09-27 00:00:00,0,0.0
41.95001,-119.049995,2021-09-27 00:00:00,0,0.0
41.95001,-118.95,2021-09-27 00:00:00,0,0.0
41.95001,-118.84999,2021-09-27 00:00:00,0,0.0
41.95001,-118.75,2021-09-27 00:00:00,0,0.0
41.95001,-118.649994,2021-09-27 00:00:00,0,0.0
41.95001,-118.549995,2021-09-27 00:00:00,0,0.0
41.95001,-118.45,2021-09-27 00:00:00,0,0.0
41.95001,-118.34999,2021-09-27 00:00:00,0,0.0
41.95001,-118.25,2021-09-27 00:00:00,0,0.0
41.95001,-118.149994,2021-09-27 00:00:00,0,0.0
41.95001,-118.049995,2021-09-27 00:00:00,0,0.0
41.95001,-117.95,2021-09-27 00:00:00,0,0.0
41.95001,-117.84999,2021-09-27 00:00:00,0,0.0
41.95001,-117.75,2021-09-27 00:00:00,0,0.0
41.95001,-117.649994,2021-09-27 00:00:00,0,0.0
41.95001,-117.549995,2021-09-27 00:00:00,0,0.0
41.95001,-117.45,2021-09-27 00:00:00,0,0.0
41.95001,-117.34999,2021-09-27 00:00:00,0,0.0
41.95001,-117.25,2021-09-27 00:00:00,0,0.0
41.95001,-117.149994,2021-09-27 00:00:00,0,0.0
41.95001,-117.049995,2021-09-27 00:00:00,0,0.0
41.95001,-116.95,2021-09-27 00:00:00,0,0.0
41.95001,-116.84999,2021-09-27 00:00:00,0,0.0
41.95001,-116.75,2021-09-27 00:00:00,0,0.0
41.95001,-116.649994,2021-09-27 00:00:00,0,0.0
41.95001,-116.549995,2021-09-27 00:00:00,0,0.0
41.95001,-116.45,2021-09-27 00:00:00,0,0.0
41.95001,-116.34999,2021-09-27 00:00:00,0,0.0
41.95001,-116.25,2021-09-27 00:00:00,0,0.0
41.95001,-116.149994,2021-09-27 00:00:00,0,0.0
41.95001,-116.049995,2021-09-27 00:00:00,0,0.0
41.95001,-115.95,2021-09-27 00:00:00,0,0.0
41.95001,-115.85,2021-09-27 00:00:00,0,0.0
41.95001,-115.74999,2021-09-27 00:00:00,0,0.0
41.95001,-115.649994,2021-09-27 00:00:00,0,0.0
41.95001,-115.549995,2021-09-27 00:00:00,0,0.0
41.95001,-115.45,2021-09-27 00:00:00,0,0.0
41.95001,-115.35,2021-09-27 00:00:00,0,0.0
41.95001,-115.24999,2021-09-27 00:00:00,0,0.0
41.95001,-115.149994,2021-09-27 00:00:00,0,0.0
41.95001,-115.049995,2021-09-27 00:00:00,0,0.0
41.95001,-114.95,2021-09-27 00:00:00,0,0.0
41.95001,-114.85,2021-09-27 00:00:00,0,0.0
41.95001,-114.74999,2021-09-27 00:00:00,0,0.0
41.95001,-114.649994,2021-09-27 00:00:00,0,0.0
41.95001,-114.549995,2021-09-27 00:00:00,0,0.0
41.95001,-114.45,2021-09-27 00:00:00,0,0.0
41.95001,-114.35,2021-09-27 00:00:00,0,0.0
41.95001,-114.24999,2021-09-27 00:00:00,0,0.0
